gap_id	start	end	length	sequence
NZ_CP012332.1_gap1	22910	24321	1411	CTTTGGCACATTCCCCCGCCGTGGACGACCTCTTCGCCAAGAAGAAGCGGCGAAAGCCCTTTCTGGCCTTCGGCGCCGGGCTCTTCGGAGTGCTCGCGGCCGCGTCGATCTTCGACGCGGTGCGGGACGAGCCGCTAATCTTCGCCGGCGAGCCCGTGGGCTCGCTCGTGGAGAGGCTCGGGTACCGGATCGGCGCCGCCCTCGTCTGCATCCTGCTCGCCGCCTTCCTCTTTCCGCGCTCCCGCTCGGAAGAGCGGGAGCCGCTCCTGAAATAGCGGCAGCGCCGGGGGGCCACGATGGATCGCGTAGAGGTCGCCTTCCTCTGGCACATGCACCAGCCGCCCTATCGCGACCCCGAGAGCGGGAGCTACGTGCTGCCGTGGGTACGGCTCCACGCCACCCGCGGCTACCTCGACATGGCGGCGATCCACGAGCGCTTCCCCGGCGTGTCGGCCACCGTGAACTTCTCGCCCGTGCTCCTCGAGCAGCTCGAGGACTACGCCTCGGGCCGCGCGAACGATCGCTTCCTGGAGCTCTCCGCGAGGCCCCCGCAGGATCTCGCCCTCGAGGAGCGCGCCTTCCTCCTCCGGACGTTCTTCATGGTGAGCTGGGAGCAGGGCGTGCGCCCGATCCCGCGGTACCGCGAGCTCCTCCATCGCCGCGGCCTCGAGCTCGAGGGCGTCGACCTGCGGGAGGTGTCGAGAGCGTTCAGCGTCGACGACCTTCGCGACCTGCAGGTGCTCTTCAACCTCGCGTGGATGGGCTTCGCTGCCCGTGAGCGTGACGACACCGTCCGCGAGCTCCTCCGCAAAGGGAGGGACTTCAGCGAGAGCGACAAGCAGGCGCTCCTCGAGGCCCAGCGCCGCCTGGTCGGCTCGGTGATCCCCGCCTGGCAAAAGGTCGCCTCCGGCGGCATGGTGGAGATCTCCGCCACCCCCTACTTCCACCCGATCCTCCCGCTCCTCTGCGACTCGGACGCGGCGAAGGTCGCGCTGCCGGATGCGCCGCTGCCGCCGAGGCTTCGCGCGCCCGAGGATGCGCGGGAGCAGGTGAGGCGTGCACGCGACCAGGTCTCGACGATCTTCGGCGCGCCGCCGGCGGGGATGTGGCCCGCCGAGGGGAGCGTGTCGCCCGAGGCCCTCGAGGTCTTCGCCGCCTCCGGCGTGCGCTGGCTCGCGTCGGACGAGGAGGTCCTCCTCCGCTCGCTGCCGGCCGGCGCAAACCGTGAAAAATCCCTCTACAGGCCGTGGAGGGTGCGCGCCGGCGACGGCGAGGTGGCGATGGTCTTTCGCGATCGGGGCCTCTCCGACGCCATCGGCTTCCGCTACGCGCGCAGCCCGGCGAAGGACGCGGTCTCGGGCTTCCTCGGGGACCTCTCCCGCATCGCGGACGCCAGGCCGGCGGGAGAGGA
NZ_CP012332.1_gap2	26616	28299	1683	GATCGTGGAGACGGTGCGCCACGACGAGACGCTGGCCGACCTCGGCCTCCCCGCGCTCGGCGAAGTGCTCTGGGCTTGGCGCGAACGGATCCTCGATCTCGGCCGGGACCTGCGGCTCGCCCACGTCCAGATCTTCAAGAACCACGGGCCCGAGGCGGGCGCCACCATCCTCCACGAGCACAGCCAGGTGATCGCGCTCCCCGTGGTGCCGAGGGACGTGGCGCTCGAGCGCGAGGAGCAGCAGGCCTGGTTCGGCCGCAAGGAGCGCTGCCTCACCTGCGATATCGTCCGCCACGAGCGGAGGGATGGCGAGCGCCTCGTCTTCGAGAACGCCCGCTACGCGGTGCTCTGCCCCTGGGCCCCGCTCAGCCCCTTCGTGCTCTGGATCGTCCCCAAGGGACACTCGTCGCACTTCGAGGCCATCGAGCGCCACGAGCTCGAGTCGTTGGCGGAGGCGCTGCGGCTCGCCCTTCGCAAGCTCGACAAGGCTCTGGAGCGCCCCGCCTACAACTTCGCCCTGCACTCCGGCCCGCTGAGGGGAGCGGCATCGCCGAGCCTCCACTGGCGCCTCGAGGTGGCTCCCACGCTCACGGTGCCCGGCGGCTTCGAGCGCGGCACCGGGAGCTGGCTCAACTCCACGCCTCCCGAGGAGGCCGCCGCCTTCCTGCGCAAGGTTCGGGAATGAGCACGATCGTCTTCGCGTCGGCGGAAGTCGCCCCGTACTCCAAGACCGGCGGTCTCGGCGACGTGGCCGGCGCCTTGCCACGGGCCCTCGTCAAGAGGGGCCACGAGCTCCTGGTCGTGACGCCGCTCTACGGCAGCGTCGATCGGGAGCGGCACGCCCTGCGGCTCCTCGACGAGCGGATCCCCGACGCCCGCCTCTACGAGGCGACGCTGGACGGGGTGCGCACGATCTTCTTGGAGAACGAGGCGCTCTACGGGCGGACCGGCGTGTACGGTGAGGGAGGCGAGGGCTATCCCGACAACGCCCAGCGCTTCGGCTTCTTCTCGCGAGCGATCCTGCCCGTGGCCGACGCGCTCCTCCCGGCGCCCCCGGACGTCGTGCACCTCAACGACTGGCAGACGGGGCTCGCCGCCCTGGACCTGGCGCGCCGCCGGGGCTCCAGGGCTGGCCTCACCAGGAGCGTCTTCACGATTCACAACCTCGGCTACCAGGGCGTCTTCCCAAAGGATGTGGTGGAGGAGCTGGGGATCGGCTGGGACGCGTTCACGCCGGAGGGACTCGAGTTCTACGACCAGGTCAACTTCCTCAAGGCGGGCCTGGTCTTCTCCGACCTCGTCACCACCGTCTCGCCCACCTACGCCCGGGAGATCCAGGAGCCGGAGGAGGGCTTCGGCCTCGACGGCGTCCTGCGGAGCCTCGATGGCCGACTCACGGGGATCCTGAACGGCATCGACACCCGGGAGTGGGATCCCGCCAGGGATCCACACCTGGCCGCGCGGTTCTCGGACGCCGATCTCTCGGGGAAGGCCGCCTGCCGTGCGGCGCTCTGCCGCGAGCTCTCGATCGACGAGGCGGGCGCGATGGTGATCGGGATCGTCTCCCGCTTCGCCGCCCAGAAGGGCTTCGACGTCGTCCTCGAGGCCCTGCCCGACCTCTTGGAGCGCGACGTCCGCCTCGCCATCCTGGGGAGTGGCGAGCACCGCTACGAGCACTGGCTC
NZ_CP012332.1_gap3	110830	111990	1160	CCTCGACCCTTCGCCCGTCGGGCCGCCGGGGATCCGGCCTCCGCCGCCAGGCGTCGACGACCCCGTCTCGGGCCTCTTCGGAACGGCGAGCGGCGATTCTCCGCCTCCGCCGGTCGATCGCGACGATCTGCCGTCCTTCGACCCCTCCGGCTTCGATCTCACGCCGCCGCCCGCGTTCGCCACGGGCGGTCCTGCTGCGGCGCATCCCTCTTTCGGCTCGGACCTGCCCTTCTCGGCGCCCCACGAGAGTGGTGACGAGCCGGACATCCTCTCGTTCCTCGGGGGCGAGACGCCACCGAAGGCGATCCCGGCTCCGTCGAGCAGCGTCCCCGCCGCGCCTCCGGTCGATCGAGCCCCGATCGCCCCGCCTCCCTTGATCCCGGCAGGCGCTCCGCCTCCTCCCAGGGTCGCCCGATCGGCGGACGCACCAGGCCCCAAGCGAACCAAGAAGCCGAAGCGCGCGCCGATTCGCCCCATCGGGCGGCGGACGCTGATCCTCGCTGGCTCCGGCGCGGCGGTCCTCGCGGTGGCAGCCGTGACGGGCTACCTCCTCCTCGGCGACGGTGCGAATGCTACGGCAACGGCTTCCGCGCCCCTCGTCTCCCAGGTGGCGGCGGAGCTCGATCGCGATCACTTCGCCGCGGCGAAGAAGGCGCTCCTCCTCGCCGAGAGCCAGCTCGACAACGAGCCCGAGGACGGCCTCGCCCACGCGATGCAGGCCCGGGTGGCCATCGTCCTGCAGCACCACTTCGGCGCCGACTCCCCGACGGCGGCCCAGGCCCGCTCGAAGATCGCGTCCGCGGATGTCTCGCGGCCAGGATGGCTCGAGGCGGTGGCCGCCGCGTCGTTCGCCGCCGGCGAGCCGAACGCGCAGCTCTCGCGCCTCGAGCAGGAGTTGACGCGCCGGCCCGGCGACCGCGACCTCCTCGCCCTCCTCGCAGAAGGCTCCATGCTCGCCGGCAAGCCGGAGGCCGCCGAGGCCTGGCTGCTCCAGCTCCTCGGGGTCTCGCCCAAGTCCCCCCTCGCCCTCCATGGCCTCGGCCTGCTGAAGCTCCGCAGCGGCGACCCGTCCGCGGCGGCGACGCGCTTCGAGGCGGCCCTCGAGGCGGATCCGCGGCACGCGTCGTCGGCGGTGGAGCTCGCGCGGATCGCCCTCTCGA
NZ_CP012332.1_gap4	175705	179829	4124	GTTCGAAATCTCAACCCGAGCTGGATCCGCGCCGCCCGAACGCTGGGGAGCAAGGGCTTCCGCCTCTATACGACCGTCCTCTTCCCCGCGAGCCTCCCAGCCCTGGTCGCGGGCGCGAAGCTCGGCTGGACCTTCTCCTGGCGCAGCCTCATGGCGGCCGAGCTCCTCTTCGTCTCCGGGGGCCTCGGCCAGCTCCTCGAGACCGGACGCGAGCTGAACGACGTCTCCAAGATCTTCGCGGTCATGGTCGTGATCACGCTCATCGGCTTCTGCACGGAGAAGCTTCTCTTCGGCCCCTTGGAGCGGGCGGTTCGCCGACGATTCGGCACCGACGTCCAGACCTAGAGGCCCTGAACGGGCTCCAAACGGGCCCTGGGAGCCGATCTAGCGGTCCGGGAAGATTTTGATCGATCGAATAGTTGACGTCCTTACGGGCCGGGCGTAGAAGCCCTCTCACCTTGGCGGTGCGGTTGGCCGGCAAGGGGGCGAAAAAGCGGACGAAAAAAACCGCTTGACGCTCGAAGGGCCCGGGGATAAAAGCCCCGCCCACCTCGACGCGGCGAAGGCCGCGAAGAGAAAAATGGTTGGTCTCTGAAAACCGAATAGCAAGCCATACGTTCGAATGTCGCGGGGTAACCGCAATTCCATCGGGGCAGCAAGTCTGCACCCGAAGAAGCAAAATTAGAGCCGAGAATCGGTCGTTAGCCGACCGGACTCGCAAGCTCATCCAAATTCAATTGGAGAGTTTGATCCTGGCTCAGAACGAACGCTGGCGGCGTGCTTAACACATGCAAGTCGTGCGCGATTGGGCTTCGGTCCAGTTGAGCGGCGAACGGGTGCGTAACACGTGGATAATCTGCCTTCAGGCTTGGAATAACCTTCCGAAAGGAGGGCTAATGCCGAATGAGCTCACGGGGACTTCGGTCCCTGCGGGAAAAGGTGGCCTCTATTTATAAGCTATCACCTGAAGATGAGTCCGCGGCCCATCAGCTAGTTGGCGGGGTAATGGCCCACCAAGGCTACGACGGGTAGCTGGTCTGAGAGGACGATCAGCCACACTGGGACTGAGACACGGCCCAGACTCCTACGGGAGGCAGCAGTGGGGAATCTTGCGCAATGGGCGAAAGCCTGACGCAGCAACGCCGCGTGAGTGATGAAGGTCTTTGGATCGTAAAGCTCTTTCGGCTGGGAAGAAACGCCTCGTGGCTAATATCCACGGGGTTTGACGGTACCAGCAGAAGAAGCACCGGCTAACTCTGTGCCAGCAGCCGCGGTAATACAGAGGGTGCAAGCGTTGTTCGGAATTATTGGGCGTAAAGCGCGCGCAGGCGGGATTGCAAGTCGGATGTGAAAGCCCTCGGCTCAACCGGGGAAGTGCGTTCGAAACTGCAGTTCTTGAGTGTCGGAGAGGGTGGCGGAATTCCCGGTGTAGAGGTGAAATTCGTAGATATCGGGAGGAACACCAGAGGCGAAGGCGGCCACCTGGACGAACACTGACGCTGAGGCGCGAAAGCGTGGGGAGCAAACAGGATTAGATACCCTGGTAGTCCACGCCATAAACGATGAGAGCTAGCTGTTGCGGGTGTTGACCCCTGCAGTGGCGAAGCCAACGCATTAAGCTCTCCGCCTGGGAAGTACGGCCGCAAGGCTAAAACTCAAAGGAATTGACGGGGGCCCGCACAAGCGGTGGAGCATGTGGTTTAATTCGACGCAACGCGCAGAACCTTACCTGGTCTTGACATCCACGGAACCCGCCAGAGATGGTGGGGTGCCCGCAAGGGAGCCGTGAGACAGGTGCTGCATGGCTGTCGTCAGCTCGTGTCGTGAGATGTTGGGTTAAGTCCCGCAACGAGCGCAACCCCTGCCTTTAGTTGCCATCATTCAGTTGGGCACTCTAGAGGGACTGCCGGTGTCAAACCGGAGGAAGGTGGGGATGACGTCAAGTCCTCATGGCCTTTATGACCAGGGCTACACACGTGCTACAATGGCCGGTACAAAGGGTTGCCAAACCGCGAGGTGGAGCCAATCTCAAAAAACCGGTCTCAGTTCGGATTGGAGTCTGCAACTCGACTCCATGAAGTCGGAATCGCTAGTAATCGCGGATCAGAACGCCGCGGTGAATACGTTCCCGGGCCTTGTACACACCGCCCGTCACACCATGGGAGTCGATTGCTCCAGAAATCGGTGAGCCAACCGCAAGGAGGCAGCCGCTCAAGGAGTGGTCGGTAACTGGGGTGAAGTCGTAACAAGGTAGCCGTAGGGGAACCTGCGGCTGGATCACCTCCTTTCTAAGGAGCTCTGGAGAAGGCCTTCGGGCGCTTCCTTCCAGCAGCGACAGGTCAGCGCCCCCGGCATCGACATTGGCTTGCTATTCGGTTTTGAGGGACGGACCTCCGTTCTTTGAACTTGATTTGGAGCGTCGGACATCGCCGCCGATCTCGCCACGGAAGGGCCTATAGCTCAGTTGGTTAGAGCGCACGCCTGATAAGCGTGAGGTCGGTAGTTCGAGTCTACCTAGGCCCACCAATTTTCTTTGGCCTGGGACTCGATGCGCGGCAACCGACAATGCTCTCTCCAGCAACGGGGCTGTAGCTCAGTTGGTAGAGCACCTGCTTTGCAAGCAGGACGTCGTCGGTTCGATTCCGTCCAGCTCCACCAGTTTCCCTGGTCTCCAGGGACTGCTCTTTGAAATCCGCATACGAAGGAAGGCACAGAAAAGTAGATACGAGTCGGGTGTCATACGTGACACCGTCCAGGAACTTGTAGGCCTGGACCTTGGTCTCGATCCGTCGACCGCTCTGGCGGTGAGAGGATCGGGTTAACCAAGCTACAAAGGGCGTGTGGTGGATGCCTAGGTGTCGAGAGGCGATGAAGGACGTGGGTAGCTGCGAAAAGCCTCGGGGAGCCGCTAACCAGGCTTTGATCCGGGGATGTCCGAATGGGAAAACCCAGCGCGGGTAACTCCGCGTTATCCAACGCTGAATCCATAGGCGTTGGAAGCGAACCAGGGGAAGTGAAACATCTCAGTACCCTGAGGAAGAGAAAACAAGAGTGATTCCGTCAGTAGTGGCGAGCGAACGCGGAAGAGGCCAAACCGTCGCACGTGAGTGCGGCGGGGTAGCGGGGCCACGGTAGCACCGAGGATCTGTAGCTGAACCCGTCTGGAAAGTCGGGCCATAGAGGGTGAGAGCCCCGTAAGCGAAACGGAACCTCGGGTGAGTGGGAACCCCAAGTAAGGCGGGACACGTGAAATCCTGTCTGAATCTGCCGGGACCATCCGGTAAGCCTAAATACTCCTCGACGACCGATAGTGAACTAGTACCGTAAGGGAAAGGTGAAAAGAACCCCTGCTAGGGGAGTCCAAAGACCCTGAAACCGCACGTCTACAAGCAGTTCGAGCACTATGCCCTCACGGGAATGTGCGAGAGCGTACCTTTTGCATCATGATTCGGCGACTTAATGTACGTAGCGAGCTTAAGCCGTTAGGTGTAGGCGCAGCGAAAGCGAGTCCGAAATGGGCGATCAGTTGCGTGCATTATAACCCGAAGCCACGTGATCTACACATGGCCAGGTTGAAGCGCGGGTAATACCGCGTGGAGGACCGAACTCGTGGAGGTTGAAAACTTCTGAGATGAGCTGTGTGTAGGGGTGAAAGGCCAATCAAACGTGGTGATAGCTGGTTCTCCCCGAAAGATATTTAGGTATCGCCTCGGAGAATTCAGTCCTGGAGGTAGAGCACTGGAACGGCTAGGGGTCCTACCAGATTACCAAACCGTACCAAACTCCGAATGCCAGGAACTGTTACTTCGGGAGGCAGTCGACCGGTGATAACGTCGGCCGGCAAGAGGGGAATAACCCAGACCGCCAGCTAAGGCCCCTAATTCTGCACTAAGTGAACACTAGAAAGGATGTGGCAGGACACAGACAACCAGGAGGTTGGCTTAGAAGCAGCCATCTTTTAAAGAAAGCGTAATAGCTCACTGGTCAAGTCAGGCTGCGCCGAAAATGTAACGGGGCTCAAGTGCAGAGCCGAAGCTGCGGCTGCAACCGCAAGGTTGTGGGGTAGGGGAGCGTCCCAGCGCCGTCGAAGCCATACCGCAAGGAGTGGTGGAGGTTCTGGGAGT
NZ_CP012332.1_gap5	252665	255574	2909	ACGTGGACCTCGTCGCCCACCTTCTTGCCCAGGAGCGCCCGGGCCAGCGGGGACTCGACGCTGATCTTCCCCGAGCGGACGTCGAGCTCGTCGGGGCCGACGATCCGGTAGGTCGCCTCCTCTCCGTCCTCGTCCTCCACGCGCACCCACGCGCCGAAGAAGACCTTGCCCTCCTGCTCCGCCGACGGCTCGACCACCGTGAGGGCGTCCAGGCGCTTGGAGAGGAAGCGGATGCGGCGGTCGATCTCCCGGAGCTTCTTCTTGCCGTAGATGTACTCGGCGTTCTCCGAGCGATCGCCCTGGGCGGCGGCCCACATCACCTCGGTGGTGACCTTGGGCCGGTCCACCTTCCAGAGCCTCTCGAGCTCGGCCTGCAGGGTCTTGAAGCCCTCGGGCGTGATGTACCGCTTGCCGCGGGGACGGGTCTCGTCCTCCTCGATCTCCTCGGGAGAGAGGTCCAGCTCCTCGCCGTCGTCCTTCACGAATGCCTTGGACATATCCCGAGGGTCGCCGCGGCCTCGTTGCAGGTCAAGCGGCAGGGGGGCGATCGTCGCCTGGAAAAAAAAGAGGCCGGGCGCCGCGAAGTGCGCCCGGCCTCGATTTTGGCGTCCCCAGGGGGATTCGAACCCCCGTTACCGCCTTGAAAGGGCAGCGTCCTGGGCCTCTAGACGATGGGGACGTGTACAGTTGCTGGTGAGCCGCGTGGGAGTTGAACCCACAACCATCGGCTTAAAAGGCCGTTGCTCTGCCATTGAGCTAGCGGCTCCAACGAAATCGCGCGCACTCTAGGGCCCGGGGCCCGCTCGAGTCAACGGCGACTTTTCGCAAATTGCCAGGAGCCGTGGCTTAGCGGCGGCCACCCTTGGCGGCGGCGACCACCACCTTCATCTGCTGCTTGAAGCCGTCGCAGCTCACCTCGATCGTCGTCTCGCCGGGATCGTGGGCCCACACCTGCTTGCCGCTGTCGGTGGTGCAGATCTTCTCGTTCGCGCACTTCATGCGGACGAGGCGACCCTCCATCTCCTTGCCGAGCGCGTTCAGGACGCGGATCTTCGGGAGGACCGGATCGCCGTCCTGCACGAGCTGGAGCTCGAGGGGCTCGACGACGAGCTTCTCCACCGTGTTCACGTCGACGAGCAGGTCGCCGGCGAGGTCGCCGCGGGAGGCCGTGATTCGGGTCTGGCCGGGACCCCTCGCCGTGATCATGCCGGCGTCGTCGACCGTCGCGACCTTCTCGTCCTCGGAGACCCACTTCGTCGGCTTCGCAGAGGGGAAGACCTGGCCGCGGCGGTTCTTCGCGACCGCGCGCGCAGGCCTCGCGGCGCCTCGGGTCTCGAAGGAGATCGAGGTCGGCTCCATCTCGTAGAAGTCGGGCTTGGAGCATCCGGCGACTGCGACCGCGAGACCCAATGCGAGCAGCAACGTGCGCATCTCTTCTCCTCGTTTGCGATGGCCCCAACTCGTACCATTCACGGAGCCGATCGCGCAATTCATCGGGCGCGGGTGCGCCTGGCCACGGCGAAGACCTGGGCCGAGTCGTCGTCGACGGCCGGCGGCTTCAGCTCCTCCGGCCCGGCGGACGGCCGTCCTCCGCCTCCGCGGATCGTGTCGAAGGCGCGGGTGATCCGCTGCATCTGCACGGGATCTCCGCCGCGATCCGGATGATGCCGGAGGGCGAGCTCCCGGAAGCGCGCGCGGACCGTCTCGAGGGAGGCGCCGGGCGGTACTCCCAGCACGAACCAGGGATCGTCCTCGTCCAGCCGACGCAGGAAGGCCTCGAGCCGGCTCTTGGCCTGCTGGAAGCGGGCCTCGCGGACCGCCTCCCCCCCAGGCGCGGGCAAGGCGGGGCGCACGCCCGCGCCTCTACGGAGCACCTCGCCGTAGCTCGAGGCGTAGGTTCGAACACAGCGGGCACACGAGTAGTACGCTCCGCCGCTCGCAGCAGCGCCGACGCGGGAGAGGCGTGTTCCACAGTGGGAGCACTCCAGCTCCTCCGATTCCCAGTCCGTGTTCCTGTTAGGCTGCGCCACGCCTGCGATCTATGCCGGATCCGTGTGGGCCTTGTGGGACAACTGCGGACATGCCCTGTGGAAAACGAGCCATGACTTCGCGCCTTCTGCAGGGGATCGCGATCCTGGCCGCATGGGTCGGCGGTGTGGCTGCGCCGGGCGCTGCGGCCGCCGCTGGAACGCAAGCGCGCCTCGGGGCAGCGACGCAGGGGCGGACTGCCGCGGCGGCTCGCCGTCCACCGGCGAACAAGCATGGAGCGTCCGGTGCCGACGCCGGGGCAGCGTCCCGCCTCGAGGCGCAGGTCGATCCCCTCGAGCTCCTCTGGAGCCATCGTCTCGATTTCGCGCCGGACGGCAGCCCGCTCGTGTCGGTGCGGATCGGCGAGGGGGAGCGGGAGCTCGCGCTGGTGCCCAAGGGAAACGTTCGGATTTCCCTGAGGGGCAAGGGCGCGAAGGCCCTCGAAGGCCCGGCTGGCGGGACCTGGCGGTTCCGGATCCGCGACGGCGTTCCCGCCCGGATCCGGTGGGCACCGCGGGTCGCCGAGGTCGACCTCGCCGGGAAGGCCGCCGTCGGCGCCGAGCTGGAGCGGTGGGCCGGGCGCGGCTACGACGCGCGGGCCGTGATCGTCGGCGGCGTCTTCGGCTTCTCCGGTCGGGTGGTCGACAATCGGCGATACGCGATTCTCCTCGGTGCGCCCGGTTCGCGCGACGACGCCGAGCGGCTCGCGGCGGACGTGCGGGAGCGCTTCGGTGATCCGGTGTCTCTGTTTTCCGAGCTCGAGGCCCGCCCCCAGGGCGTCGTCGAGATCATCGACCCACGCGGAAAGAAAGTGGCCGAATCCCCCGGCGCCGCCGTGGTGGAGGTGCCGGGCGGCGGCGGGATCACCGTCCTCGGCGTCG
NZ_CP012332.1_gap6	256838	260224	3386	TCCCAGTGGGACGCCGCGGCCGGTGTCGCCCGCGAAGGAGCGAAGCAGAAGCCGCCCATGGAGAAGGCCGAGGCGGCGAAAGAGAAGGAGCAGGAGACGCCTCCCCCGGAGGAGAAGAAGAAGGAGCCGGAGAAGGCGCCGGGGCAGGTGGTGGAGACGGCCCCGGGCAACGGCGAGACTTCGCCGGACTCGAAGTTCTCGGCGGAGTCGAACAACCGGGTGGACAAGCAGACGATCTCCCGCGACCGTCGGGCCGGGGCGAACGTGACGACGCCGAAGGCCACCGCGCCCGCGGCGGATGCGGGAGCCCCTGGCGAGGAAGCGGGCCAGTCCGTCGGCGTCGTCGGCGAGGCGGGCAAGGACAAGGGCAAGGCCCAGAAGGCCCGCGGCAAGGTGGAGATCCCGTCGGTCGAGCGTAAGGACGAGCTCTCGATGAAGGTCTCGCCGAACGGGGCCGGAAAGATCCCGAACCAGAAGGGCTCCGACGAGCTGCAGGGCAACTCCGATCGCTTCCGCATCCAGGTGGGGGAGGGTGACGGCGAGGAGGAGCGCGAGGGCGGGGGCGGCACGCAGCCGGGAGGCGAGCTGAAGCTCTTCCCGAGCGCGGCGGTGGTGGATCGGATCACGGGCGCGCCCGCGCCGGATCACGTGGAGGGCGTTGACGAGGGCGAGGGCACCTTCCTGAACACCCGGGAGTGGCGCTTCGCCTCGTTCATGAACCGCCTGAAGGCCGGCGTGGCGCGCACCTGGGATCCGAGCGCGGTGGCGCGGGTGCGGGATCCGTCGGGAAACATCTACCTCTGGAAGGATCGCTACACGCTGCTGTCGGTGACGCTCCGCGAGGACGGAAGCCTCGAGGGCGCCTACGTGGAGAAGTCGAGCGGCGTGGACTTCCTCGACCGCGAGGCGATGGCGGCCTTCGAGAGGGCGCAGCCCTTTCCGCATCCGCCGAAGGGGCTGATGGGCGAGGACGGGCGGATCCACTTCCAGTTCGGCTTCTTCATCGACACCAACCGGGGCGGCATTCGCATCTTCCGCCGGTAGGCGGGGCAGCGCATGTTGCAGGCATGAGGGGACTCCTGGTGCCGCTGGCTGCCGCCCTGCTCCTCATGGGGTGTCCGGCGAAGGAGGGGGCGAAGACCGAAGTCCACCTCCCGGGTGGGCCGGAGGATCGGTCCGAGCAGCATCCCGGGCTCAGCTCGGCGCAGGAGGATCTCGACCTTCTCGCACCCGAGAAGATGCGGCCCGACTTCCTGGCGGATCGCTACGAGGCAGGCGGGGGCTGGCTCTCGCCGGACCTGGGCCCGTCCAACGTGGTCAGGGGCAGCGTGGCGGCGGTGCAGCCCGGCGTGCTGCGGGTGGCGAGCGAGGGCCAGCAGGTGGAGCTGGGGCTGGGCCAGCATCCGCTGACCACCTGGCACGGCTCGCTGATCTCGGTGCAGGTGATCCCGGAGGGCGCGCCGGTGCGCGCGCTCTTCCACGTGGATCCCGTCACCGGGCAGAAGAAGGCGGATCGGATCGAGCTCCTGACACCGCCGGCCCACCCGTTTCCGTAGAAGCCCGAACGCAGACGGGGCGCGAGAGGGAAACCCTCTTCGCGCCCCGGTCGAAAGCAGCGAGAAAGCGCTCTCTTACGCGCCGACGTCGAAGCCCGGCGACCAGCGGAGCACGGGCTTGCGGGCGGCGCGGGTCTCGTCGAGGCGCTCCACCACCGGCTTCTGCGGCATCGCCTTGATGGCAGCGGGCTCCTCGCGGGCCTGGGCGGCGATGGCCTTCATCGCGGCGGCGAAGTTCTCCAGCGTCTCCTTGGTCTCGGTCTCGGTGGGCTCGACCATGAGGGCGCCGGGGACGATCAGCGGGAAGTAGACAGTGGGCGGGTGGTAGCCGTGGTCGATGAGCGCCTTGGCCACGTCCATGGTGGTGACACCAGTCTCCTTGAGCTTCTTGTCCGTGTAGACCACCTCGTGGAGAGAGCGGCCCTCGTAGGCGACGTCCCACTCGTCCTCGATGAGGGCGCGGATGTACTGGGCATTGAGCACCGCCAGGCGCGACGCCGCGTGGAGGCCCTCGGGGCCGAGCTCGCGGATGTAGGCGTAGGCGCGCAGGTGCATGCCGAAGTTGCCCCAGAACGTGCGCAGCTTGCCGACGGACATCGGCTGGTCGAAGTCGAGGCGGTAGGTGTCACCCTCCTTCACCACGATCGGCCTGGGGAGGTAGGGCGCGAGGTGCTCCGCGACCGCCACGGGGCCGGAGCCCGGACCGCCTCCGCCGTGGGGCGTGGAGAAGGTCTTGTGGAGGTTGTAGTGCATCACGTCGATGCCCATGTCGCCGGGGCGGGCGACACCGAGCAGCGCGTTCATGTTGGCGCCGTCACCGTAGACCTGGCCCCCCTTCTCGTGGACGATCCGGCAGATCTCCTCCACGTGCTCTTCGAAGATGCCGAGCGTGTTGGGGTTGGTCATCATCAGGCAGGCGACGTCTTCGTCCATGGCCGCGGCCACGGTCGCCGGCTCGAGCACGCCCTTCGAATTGCTCTTGAGCTCGACGGCCTGGTAGCCGAGGAGCGCCGCCGACGCAGGGTTGGTGCCGTGGGCGGAGTCGGGGATCAGCACCTTCTTGCGGGGGGTGCCGTGCTTGTCCATGTGCCAGGCCCGGATCACCATCAGGCCGGCGAGCTCGCCCTGCGCGCCAGCGGCGGGCTCGAGGCTGGTGGCGTGGAGGCCGGCGATCTCGGAGAGCGAGCGCTCGAGGCGGTACATCAGCTCGAGGACGCCCTGGCTCTGCTCGGTGGGCAGCAGCGGATGGGCGCCGGCGAAGCCGGGCAGCCGCGCGGCCCACTCGTTCACCTTGGGGTTGAACTTCATGGTGCACGAGCCGAGGGGGAAGAAGCCCGTGTCCACGCTGTAGTTGAGCTGCGACAGGCGCACGAAGTGGCGCACCGCCTGGACCTCGGTCACCGAGGGGAAGTGCTCGATCTCGCCGCGCAGGAGCTCGGGGGGAGCTCGGTGGCGGGGTCGGACTCGGGGACGCCGGCCTCGGGGAGGGAGACGCCCATGCGGCCCGGCTCGGACCGCTCGAAGATCAGGGGCTCGTGGTACTGCAGGCCGCGAACGCCAGGGGAGGTCTTGGGGAAGAAGCGATCCGACACGGGGAGAAACCTCTGGAAGCTTTGGGTCGGCGAGCGCCTCGCTCGTCGAAAGATGCGTCTCCCGGGCTCCTACGAGCCCGGGGGGAGGAATCGGTTCAGGCGAGCGCTGCGATCAGCGCGTCGATCCGAGCCTTGTCGTGAAGCTCGGTGACGCAGAGGAGCAGACCGTCGCCCAGCTCGGGGTAGTAGCGGCCGAGGGGCAGGCCTCCGGAGAGGCCGGCCTTGGTGATCCGCGCGA
NZ_CP012332.1_gap7	262372	263822	1450	CCCTCGTCCTTGCCTGCGGCGAGGATCGCCTCCCAGAGGTCAGTCGCGTCGCCGGGGCGGCAGAAGATCTCGAAGCCGTCCTCGCCGGTGTAGCCGGTGCGGGCGGCGATCACGGGCTTGCCGTCGACCTCGATCTCCGCGAAGCGGAAGAAGGCGATCGCCTGGAGGTCGGCGGAGGTGAGCTTCTGCAGGATGCCGATCGCCTTCGGGCCCTGAAGGGCCAGCTGCGCGAAGTCGGCGCCGGCGTCCCGGACCACCGGGCCCGCCTTGGCGTGGGACTTCATCCACTCGAAGTCCTTCTCCGCGTTCGAGGCGTTCGTGCAGACGAGGATCTTCGTGGGCGAGAAGCGGTAGCAGATGACGTCGTCGACGAAGCCGCCGCGCTCGTTCAGGAGGCCGGCGTAGAGGGCCTGGCCGTCGCCGATGCTGCGCAGATCGTTGGTGACGAGCTCGTTGCAGGCCTCGAGGGCGCCTTCGCCTTCGAAGAAGACCTCGCCCATGTGCGAGACGTCGAAGAGGCCGGCGGCCTCGCGCACGGCGCGGTGCTCGTCGATCACGCCCTTGTACTGGACGGGGAGCTCCCAGCCGGCGAACTCGACCAGCTTGCCGCCGTGCCGCACGTGGGCGTCGTAGAGGGGAGTGCGACGGGGAGCCATGTCAATCCTCCAGGGGGCCGATTCGCGGCGCATACTAGCGGCAGTCCCGGCCGGGTCAAGCCGCTCCGCCACCCGCCCTTCCCGCCGGCCCCGGAGATCCGCCAACCTTTCAATTGCCGGCCGCAAACCTTTCAATTATCGGCCTTGAACCTTTCAATCGCCGGACATCAACCTTTCATTCGCCGGACATCTACCTTTCAATCGCCGGACATCTACCTTTCAATTGCCGGCCGCCAACCTTTCATCTACCGTCGATCCTGAGCGAGGTTCGATCGGATGGAAGCCGAATCCCTGGTCCCACGCTTTGCCGGGCCGCGGCTCGTCGAGGCGCTCGGCGATTCTCCCGTGGTCCTGGTCCATGGGCCGCGCCAATGCGGAAAGACGACCCTGTCGAAAACGGTCGGGGAACCGCGGGGGTACGGCTATCTGTCGTTCGACGACGATCGCTTGCGCGCCAGCGCGGAGGCCGATCCCGTCTCCTTCGTGGCCGACCTGCCGGAGCGAGTGATCCTCGACGAGGTCCAGCGCGTCCCCGGTCTCTTCACCAGTCTCAAGGCGGAGGTCGATCGCCGGCGCGTCCCTGGTCGCTTCCTGATCACGGGCTCCGCGAACGTGCTGCTCGTTCCTCGGCTCGCGGATTCCCTCGCCGGCCGCTTGGAGATCCTGCGGCTCCACCCCCTCTCGCAGAGTGAGATCGGAGGAGCGCGCTCGGATTTTCTCGACCAGCTCTTCGCTGGATCGTTCGCGAGGAACCGGCCCTTCGACCGGATGGGGATTGGCCTGGCAGAGCGAGT
NZ_CP012332.1_gap8	324407	329389	4982	CCCGATGGGGCTCGGAGAAGCCCGCGAGCCGCACGCCCGACACGCCGCCGCGCTCGACCACGAGCTCCTCGGCGATGGCCGGGGCACCTGGCTCGCCGGCGAAGTCGCCGCGATGGCTCGCGATGAACGCACGGAGCAGCGAGGCGAGGCCGTGGCCCGGGAGCCGGCAGGCCTCGGAGAGGAGCGGCATCGTCGCGCGGAGGAAGCCCGTCGGGGACGCGTCGCCGGCGAGGTTCGACGCGAAGCCATGGAGGCCGAGGAGCGCCTCGCCCACGGGATGCGAGCGATCGATGGGCAGCTCGGTGAGCTCCTTCTCGCAGCGCGCCGCGAGGCGGGCGTGGGACCGGCGCTCCAGCCAGCCGTCGGGCGGGAGCCTCCCGGCGAGGAGGCGATCGAGCGTCGCCATTCCATCCGCCGCCAGGTCGAGGGATCGCGCCTGCGCCTCGCCGTCCGGGCCGAACGCCCGCACGAGGCTGGCGACGCGGGCGTCCCGGGAAGGCCGAAGCTCCAGCCTCGCTCGCGGCAGGAAGAGCTGCAGGCCTTCCGCGAGGGGCCGCGCAGAGCGGGACCAGGCGGGGATCGCACCCAGCTCGTCGAGGAGCGCGTGGAGCGCGGGGGCGGCCTTGGGCGTCGGAAGGATCGTCGGCCGCTGGGGCAGCCGGAATCCGCCCGCCTCGTGGTGATCGTAGGGGCCGCCATCGTCCACCACGAGCACCCGCAGGTTCCGCTTCGCGAGCAACGCGCCGGCGACGAGTCCCGGCAGCTCGGAGCCGAGGACGATGGCGTCATAGAGCTGGGTCGGACGCCTGGAGCCGCTCACGGTCGATCCGGATGCGGGCAGGCGAGGACGCCGGTGGGCCACGAATCGGGCGGCAGATCGATGGCGACCCTGCGGCCCTCGACGCTCACGAGGCCCTTGGCGAAGAGGCCGACGACCTCGGGGAGGAGGCGATGCTCCTGCTCGCGGATCCGCGCGTGGAGGCTCTGCTCCGTGTCGCCGGGGACGACCGGCACCGCGGCCTGGGCGATGATCGGCCCCGTATCCGTGCCGGCGTCGACCAGGTGCACGGTGCATCCCGCGACGCGGACGCCCGCGTCCAGCGCCTGGCGGGCAGCGGCCATGCCCGGAAAGGCGGGGAGGAGGGACGGGTGGACGTTGACGATTCGATCCTGCCAGTGGCGGATGAAGTCCTCGCCCAGGATGCGCATGAAGCCGGCGAGGACTACGAGGCCTACACCGCGCGCCTCGAGCTCGGCCGTGATCGCGGCGTCGAAGCTCCGGCGATCCGGGTAGCGGCCGTGCTCGACCAGGGCCGTGGGAACGCCGGCGCGCCGGGCCTTCTCGAGGGCGCCGGCGCCCGGGACGTTGCAGACCACCAGCGAGACCCGGGCCGGGATGCGGCCCTTCTCGCAGGCGTCCAGGAGGGCGGAGAGGTTGGTCCCCTCTCCGGAGGCGAGGACTCCGACTTCGAGCATACGGCGGCGGACCCTACCACAAGCCCGCGACTCGAGGTGCGGCGCCTCTTACTTGATCTCGCAGGTGGCCTCGCCGGAGCCGGCCTGGATCTCGCCGATGGTCACGGCGTCGATCCCGCGCCCGCGCAGGAGCTGGAGGGCAGGGCCCTCGTCCGAGCGCGGCACGATGATCGTGAAGCCGATCCCGAGGTTGAAGGTCTGGAGCATGTCGTCCGCCGGGACGTCGCCGCCCTCGCGGATCATCTCGAAGATCGCGGGGATCTTCCAAGCCTTGGAGTCGAGCATCGCCTTGGTGCCGTCCGGCAGCGTGCGCGGCACGTTCCCCACGAGACCGCCGCCCGTGATGTGGCTCATCGAGCGCACGTCGACGCCCGATCGCCGCAGCGCGAGGAGGTCGCGCACGTAGATCGTGGTCGGCTCGAGGAGCGCCTCGCCCAGCGTCCGCCCGCCCAGAGCCTCGGGGCGCTCGTCGAGCTTCATGCCCTTCGCCTCGAGGAGCACCTTCCGCGCGAGGGAGTAGCCATTCGAGTGGAGCCCGGAGGAGGGGAGGCCGATCACGACGTCGCCCACCTGCACGCGCTTGCCGTCGATCACCTCGGACTTCTCCACCACGCCCACGCAGAAGCCGGCGAGGTCGTACTCCCCCGGCGCGTAGAAGCCGGGGAGCTCCGCCGTCTCGCCGCCCACGAGCGCGCAGCCCGCCTTCGCGCAGCCGTCGGCGATGCCCGCCACCACGTCCGCCGCCTGGTCCGACGAGAGCTTGCCCGTGCCGAAGTAGTCGAGGAAGAAGAGCGGCTCCGCGCCCGTGCAGGCCACGTCGTTCACGCACATCGCCACGAGGTCCTGCCCGATCGTGTCGTGGCGCCCGGCGAGGAAGGCCACCTTCAGCTTGGTGCCCACGCCATCCGTGCCCGACACGAGGATCGGCTCCCGGTAGCCCTTCGGGAGCGAGACCAGGCTGGCGAACCCGCCGATGCCCGCCATCACCTCCGGGCGCATCGTCTTCTTTGCGTGGGGCTTGATCCGCTCGACGAGCCGATCGCCCTCTTCGATGTCCACGCCGCTGTCGCGATAGGTGATCGCCATCGTCCGCCTTCCGGTCTAAAGGTCGGCGCGTGGTTAGCAGAGGCCCCGCGGCCTTGCAAGGCGGGCCCTTGCTCCCGTTCGACGCTTGGCGTAAGGCGTGCCCGCTGGAGACTGCATGGTGACCTCCCCGGAAGACAGCGCGATCATCCTCGACCACCTCGCCTCCGTCCGCCGCCGCATCGCCGAGGCATGCGCGCGGGTCGGCAGGGATCCCGCCGAGATCCGCCTCCTCCTCGCCACCAAGACCGTGACCCCCGAGCGGATCCGGGTGGCCGTCGAGGCCGGCGCCACCCTCCTCGGCGAGAACCGCGTGCAGGAGGCCCTCGGCAAGTACGAGGCCATCCCCGAGGCCGAGTGGCACTTCATCGGCCACCTGCAGACCAACAAGGTCCGCCAGGTCCTCCAGTTCGCCAAGGTGATCCAGTCCGTCGACCGGCCCTCCCTCGTCGAAGCGCTGGACGCGAGGCTGCAGTCCGAGGGGCGGGCCATCGACGTCCTCCTCCAGGTCAACACCTCCTACGAGGAGAGCAAGTACGGCGTCGCCCCCGAGCAGGCGCTCGACCTGGCTCGACTCGTGAAGTCGCACGACACGCTCCGTGTCCGAGGCCTGATGACCATCGGGCCGCTCTCCGACGACCTCGAGCGCGTCCGCCGCGCCTACCGCCTCCTCCGCGAGATCCACGGCCAGGTCGAGGGCGAGCTCGGCCCGCTGCCGATCCTCTCGATGGGCATGTCCGGCGACTTCGAGCTCGCCATCGAGGAGGGCGCCACCCTCGTGCGCGTCGGCACCACCGTCTTCGGCGCCCGCGCCCACCCCGACTCGCACTACTGGCCCGACGGGAAGTAGCCCGCGAGCCCCGAGCCATCGGAGCACCGCGGCTTCGAGTGGCCCGCTCGCCGCGGATTGTCGACCCGGCCCACCGTTTCGTGCCTGGTCTGGACCCGGATCGAACCCCCCGCCCGAACCTCGATGTCAGGGGTCCGCGATAGGATCTGTGCCGATTCAAGTCGGGGGACAGTCCATGCGGAAGCGAGTGTTCGGACGCCAGTTGGAGATGCGGTTGCCGACGTGGGGAGGCCGCCGAGTGGGAGCAGGACGGAGGCCTGTCGGCTCCCGCCCAGGCGTATCACACTCGGTCCGCGGAGCGCTGTCGTGCAGGCACCCGGTCCACGTCACGATGCGCGTCCGTGACGAGGTCTGGAGCCTTCGCAGCCGGCGATGCTTCCGGGTTATCGAGGCCGCGCTCTTCGTCGGGTCGGATCGCCTCGGAATCCGACTCACGCACTACTCTGTGCAGGGAAACCATCTTCACCTCATCGTCGAGGCCCGCGATGCCCAGGCGTTGTCGCGGGGAGCGCAGGGCCTCAGCGTGCGGATCGCGCGTGGCCTCAACCGGCTGATGGTGCGAAAGGGGAAGGTCTTCGCCGACCGCTTCCACTCGCACGTGCTTCGCACGCCGCGCGAAGTACGCAACGCAATCGCATACGTCCTCGGCAACGCGCGGATCCACGCTGCGCGCCAGGGCCGTACGGCGTTTCCATGCCCGGACCCTTACGCGGCGGGCCCCGCAGAACAGGTTTCGGCGTCTCCGCCGCGCTCGGTTGTGTCGCCGCGGACGTGGCTGCTGCGGGTCGGATGGCGTCTCGCCCAGGCGAAGACCTGAGTCAGGCAGGAAAAAGGCGAAGCGGTCTCGTGAACCTGATCGCGGCCCAGCCGGCGTTCAGTCCATCCCGTCCGCGGGAGGGCAGGAACTCGCTGGATCGACGTCCGCGGGCATGACTCCCTCGGGCAGCCGAACGGCGCCAAACGTCGAGCCGGCCAATGGTAGCGGAGCAGGCTTCGTGGTCGCTCCCCGCGCGGTACCGCAGAAGAGGTCGTCGCTCACTGTGTCGGAGGTGAGCTCGATGTTGGCCTCGATTGTGCGAGGGCTGATGGGATTGCCGCACGCGTCGATCAGAGCGCCCTCGAAGGCGGCGCGAAACGATCCGCTTGAGTCCATCTCGACCCCGTGAAGCAGGACTGGATCGCCGACTGGCGCGAACGGAGCCGGGCATGGCGAAGCGGCCGACCGGGAGCTGGCGAGAGGCTGCAACGAGAAATTCATCATGCACGCGCCAGGCGGGCAGGTGTTTCCGGTCCCGAGAGTCATGTCGATGCTGGCTTCGAAATAGATGGGTGTCGCAGGGGCTAGGCTCGTGGCCAACGCAATGAGGAATCGGCCGTTCAGGTCGGGCACGACGCGAAGCTCTCCGCCCGAGCCTCCCGTCTCTCCACCGCCGCCCGCGCCTCCATCGCCCCAACGCCACCGTGGCCACCGGAGCCCCCCGAACCCCCAATGCCGCCGGTGCCGCCGGTGCCGTCCAAGCCGCCAGCTCCGCCGGTGTCGCCACCGCCGCTTGCGCCGCACATCGTGATCGCA
NZ_CP012332.1_gap9	447036	451254	4218	CTTCGGCGTGCGGAACGTCCTCGTGAACCTCGGCATGATCAAGGGGAGCCGGGTGAACCTGGGCGAGCAGCGGATCTTCTACGAGACCCGGTGGGTGCGGGCGGAGCGCGGCGGGATCCTCGTGAACGAGGTCCGCCTGGGCGACGAGGTGCGCGAGGGCGACATCCTCGGCACCATCACCGACCCGATCCGGAAGGGAAAGTCGGTGGTGGTCTCGCCCTATCGAGGGCGGGTCATCGGCATGGTGCTGGCTCCCGTGATGATCCCGGGTTACGCCGCGTTCCACATCGGCATCCCGGGCAACAAGCCCGTGGACACCGACGACACGATCGACCAGGACCGTCCCGAGTAGCCGGGCGCATGGCGCCGCCACCTCTGGCGCCGCGACCCCGCCAGAGGGCCGGCCAAGGCAGCGATCGCCGGGCCCGGTCCTTCTGGGCCTGGCGTCGGGTCGAGAACGTCCCGGGCGCCGGACGAGGTCGACGCTCCATCGCTGGCGAGCGAGATTCAGCGAGGTTAGCCTCCGCGATCACCATGAAGGCATCCCAGATCGTGTTCCTCCTCGCCGTGTCGATCATCGTCGCCCTGGGCCACTGGTACCTGTGGATGCGCCTCGTGCGCGACCCGGGCTGGCCGGAGCCCTGGCCCCTCGTCGGCGCGATCGCGCTCATCGCCCTGGCGATCTACCTCCCGGCGGCCATCATCCTCGCGAGATGGCTCCCGAGGGACATCGCTGGCCCGACCACCGCCATCGCCTTCGTCTGGATGGGCTTCGGCTTCCTGCTGATCGCCGCCACCGTCGCCGCCGACGTCGCGCGCTGGCTGGGCCTGGGCGCCTTCTCGCTCTGGGCGCTGTTCTCGAAGGAGCCGGTGGACCCCGTCCGTCGGGAGCTCCTCGGTCGCGGCGTGGCCGCCACGGCCTCGATCCTGGCGGTGGGAAGCGGGGCGCTCGCCCTTCGCGGCGGCCTCGGCGAGGTCGACGTGGTCGAGGTGCCGGTGAGCCTGGGGCGGCTCCCCCGGCAGCTCTCCGGCTACACCATCGTCCAGCTCTCGGACGTCCACGTCGGACCGACCATCGGGCGGCGCTTCGTCGAGCAGATCGTCGCGAAGGCCAACGCCGAGCGCCCAGACGCCATCGTGATCACGGGCGATCTCGTGGACGGGCGCGTCGCGGAGCTCGCACGCCACGTGGAGCCGCTCGCCCGGCTGCAGGCCCGCCATGGGGTCTACTTCATCACCGGCAACCACGAGTACTACTCCGGCGTCGAGCCGTGGGTGGCCCACCTGAAGAAGCTCGGGATCCGGGTCCTCCGCAACGAGCGGGTCTCCCTCGGCGACGGCGCGGCCTCCTTCGACCTGGCCGGCATCGACGACCTCTGGGGCGCGCAGTTCGGCGAGGGCCAGGGCGCCGACATGGAGAAGGCGCTCGCGGGCCGGGATCCGGAGCGCGAGCTCGTGCTCCTCGCCCACCAGCCGAAGGCCATCGACCAGGCGGCGTCGCTCGGCGTGGGTCTCCAGCTCTCGGGCCACACCCACGGCGGCCAGATCTTCCCCTTCAACGCCGTGGTCCACTTCGCGCAGCCCTACGTGGCGGGCCTGCACCGCCACACCGAGGACACCCAGATCTACGTGAGCCGAGGCACGGGCTGCTGGGGGCCGCCGATGCGCCTCGGTGCGCCTGCCGAGGTGACGAAGATCGTGCTGGCATGACCGAGCTCGAGCTTCGTCGCCGCGAGCAGCACAAGCTCCGGCTCTCGTGGATGCCCTGGCTCTATTTCTCGCTAAAGCCCCACCAGCGGGCCTGGGCGGAGGAGTGGCAGCGGGAGGTCCAGCAGGCCTTCCGCGAGCTCGAGACGATCACCATCGCCGAGGGCTGCTTCGTGGCCCCGGAGGCGCGGCTCTTCGCCGAGCCTGGGCGGACCCTGGAGATCGGCCCCGGCTGCAGCATCGCGGCCGACGTCTTCGTCCACGGTCCGGCGGTGCTGGGCCCCGGGGTGAGCCTCAACGCCCGGGTGAGCCTGGACGGCGGCTCCGCGGGCATCTTCGTGGGGGAGGGCACCCGGATCGCCACGGGCGCCGCGATCTACGCCTTCGATCACGGGATCGCCCCCGACAGGGCCATCCGCTCGCAGCCGGTCCGCTCCAAGGGGATCCGGATCGGCGCCGACGTGTGGATCGGCGCGAACGCAGGCGTCACGGACGGCGTGACGATCGGCGACCACGCCGTGGTCGCGATGGGCGCGGTGGTAACGAGGGACGTGCCGCCCTGGGCGATCGTCGCCGGAGTGCCTGCCCGCGTGGTGGGCGACCGCCGCGAGAAGCCGACGATCGGCTAGCCCGCGGCGACTCTTCGGCGTCGATGCGCCAGCGCCGGGGCCGGGCGCTGCCGGAAAGGGACGGGCGGGCGAGCCTCCGGAATACTTCCGCCTCCTGCCTCGTCTGGGCGTTGTACCGTATTCGATTCGCGCCCCGGATCCGCTCGAGGGGGCAGACGGAGTCGACGTGAGCGTTCGCAGCTTTTCGATCGCGTGGGTGATCCTGGCCCTCGCCACCGCCGGTTGCGGCGGCTGCAGGAGCAAGGAAGCGGCCCAGGAGGCGACGGCCGCGGCCTTCCTCCCCGCGCGCCCGTCATCGGCGATCCTCGTCCCCGACCCGGCGAAGCTGGGCGAGACGGTGAAGGCGCTGGAGCAGACCCGCCTCGCCGGCCTCGCGGCGACGACGGTCCTGGGCGCCCGAGACGCGGGGGATCTCCTCCGCCCGATCACCCGCCAGCTCGGCTTCGATCCGCGGGAGCCGGGCGGCTTCGAGAAGACGGGGATCGACGGGCGCAAGGGCATCGCCTTCGGCGATGACGTCCTCGTGATCGGCGTCACGGATCGGGATCGCTTCGATCCCTACGTCGCTGCGCTCGCGAAGCGCCTCGGCGGCGAGACCCGGGGCAAGGAAACCTGGACCGGGACCCAGGAGGCGCCCGCCAACGTGGAGGTGACCACCTTCACCGACGCCTCCGGCAAGGTGCAGGTCGCGCTCGGCGTGAAGGACGGCTTCGCCGTGATCGGCAGCGGCGGGAGCGCGGTGGAGAAGGTGGGCGCCTCGCTCTCGCGGCCCAGGTCCCTCTCCCTCGACGCGAACCCCGCGTTCCGGAAGCTGCTCGGCCGCCTCGGCGAGCGCGACGTCTACGGCTGGCTCCCCGAGGGAATGGGCGCGGGACGGAACCGCCGCCTCGAGAAGGGCGCCGCCTTCGGCCTCCGCGCCGGGACCGGCGGCCTGAACGCGAGGGTGATCGCGTCGCAGGGAGCGCTGCAGCTCGCGATGATCCTGCCGATCGGCAAGCAGGCGGGGGCCGGGCTCGTTCCGCTCCTCCCGCCCGACGATCTGCTGGTGGTGCGGCTCGGCGGGGATCCCGTCGCCCTCTCGCCGGTGCTCGACTCGCTGCTGCCGCGCGGCCTCTCGAGGGCGCTGGTCGCGGCGGGGATCGATCCGACCACGGAGATCCTGAGCCAGCTCCAGCCGGGGATCGCGCTTGGCCTGGAGCTGAACCCCGCGATCGACCTCTCCGGCGGGATCCCCACCGATCCCTCGATCTCCTCCACCAACCCCTTCCGCTTCGTGAGGGCGATGATGGTCGCCCGCGTGAAGGATCCGGCGAAGGCGGCGGAGGTCCTCGGGAAGCTCGCGACGGGCGCCGAGCGCTTCCGCATGCAGATCGCCTCGGAGGAGAAGGACGGCGTGAAGATCTACCGCGCCACCTACGCCGCCGGCGAAGGCATGACGTGGGGGCTCGTGGGCGACACGCTCCTCGCGACGGGAGGCGGCGAGGAGATGTTCCAGAAGGGACTCGCGCGGGTGAGAGCTCGTGATGAAATCACGGGCTCTCGCGGAGCCGACGGCGGAGCAGACAAAAAGAAGAGCGGTTCCGCGCGGCGCGCGGCTGAAGAAGTCGGGCCCGCTTCTGCGGGGCCGATTTCTTCAAACGCTCTGCGGGCTTCTTCGTCCGGCGCAGAGAAGGCGGCGGGAGCGGCGAAGGCCGAGAACGTGGCGGCTCGGGCGGACGGAAAGGCCGACGGCTTCGCGATCGCCGAGCCCGGCGCCCGGCAGCTCTTCGACTCCGCGGGCTCGGCGGCCCACCTCGACGTAGCACGCCTCGCGGCCTCGCTCCGGGCCATCCCGCAGTCGGCCTTCGGCGTCGGCGGCTTCCGGATGAAGGAGCTCTTCCAG
NZ_CP012332.1_gap10	483015	487839	4824	CTTCCACGGTAGGCGGATCCTGCTGGCCGACGGCCGCGAGCGGCGGTACGTCTTCGACCACCGCGCCTGGTCGGAGCAGGAGATCCGGGGCCTGTTGAAGAAGGCTGGGCTCCGGGTCCTGGCGGTCTACGGCACGCTGGAGAGGACGCCGTTCAACCTCCGCGCGCCGCGGATGGTGGTGCTGGCAGAGAAACCTTGAAGAACGCTCGTTTACCCAAAGTACTGCTCATTCATACCGGTGGAACACTGGGGATGGCGGGCCGGCGGCCCGGCCCCTTGCGCCCCTCCTCCTTCGTCGAGGCCCTGCGCGAGCGGGTCCCCGAGCTGTGGCGGATCGCCCGGCTCGAGCTGGAGATCCACTCCAACGTCGACTCCTCGGACATCAGCCCGGCGCTCTGGCAGACGCTGGCCCGCCGCATCCACGAGAGGCTCTCCGCCTTCGACGGCGTCGTGGTCACCCACGGCACCGACACCATGGCCTACACGGCGGCGGCGCTCTCCTTCATGCTGCGGAACCTGCCGCGCCCGGTGGTCCTCACAGGCTCGCAGGTGCCCATCGGAGAGATCCGCACCGACGCGCGCCTCAACCTGATCGACGCGGTGACGGCGGCCGCCAGGGGGCCGGAGCTCCCCGAGGTGGTGATCTGCTTCGACTCGAAGCTCTTCCGCGGCAACCGGTCGCGGAAGCAAAAGATCGCCGAGTACGACGCCTTCGCCTCGCCGAACCTGCCGCCCCTCGGCGGCCTGGGGGTGGAGGTGACGATCGCGCCGGCTCGGCGCCCGCGGGGGACCTTCCAGCTCCTCGATCGCCTGGAGACGCGGATCCACTCGCTGCCGGTCTTCCCGGGGATCGATCCCGCACCCCACGTCGCGCACCTCGCGAACGGGGAGGTCAAGGGCCTGGTCGTCTCGGCCTTCGGCGCCGGGAACTTCCCGATCCAGGGGCCCCGCTCGCTGCTGCCGCTGTTCTCGCTCGCGCGGGATCGGAAGGTCCCGGTCCTCGTGACGTCCCAATCCGAGCGCAACGCGGTGGCGCTCTCGCTCTACGAGTCGGGGGCGGCGGCGCTGGAGCTCGGCGCCATCGGCGCCGGCGACATGACGCCGGAAGCCTCGGTGGTGAAGCTCATGCACGCGGCGGCCTACGGACGCGGTTTGGCGGGCGTGCGGCGGATCCTCGAGGCGAACGTCGCCGGCGAGCGCACGCCGGGGACCTGAGGGCGTCCCGCCTTCGCGAGCAGCGACCGCTCGGCGCCGCGTTGCGTGGGCGCCTGGATCAACCTGGCGGCGGCAGCTCGATCGGCGAGCCGTCGGGCACCGTCTCCGGCGCCTCCTCCTGGTTCACCGGGGGTGTCTCCTCCTCCCACTCCCACGGCTCGGCAGGGGCGGGCACGTCGCCGCCCGCCCGATTGCTCCCAGGGAGCGCGCGTGGACGAGTGAGGTCGGCGAAGCGCTCGTCGCCGCGGACGGGGTCGAAGTCCGCCGCCGTCCGGGCCTGCATCCGGTAGAGGGCCGGCTCCGCCTCGATCGCTTCCTCCAGGGACGCGAGGATCGCCCCGATCGGCGCGCCGGATCGGGCCAGGAAGCGCGCCCGCACGAAGGCCAGGGTCGGGTCCGGCGCCTCGAAGGAGGCGGCGCGGGAGAGCGCGGCCTCTGCCGCCGGCAGCGATCCGGCCTCGAGGGCGAGCCTCGCCCGCTCCGTGTACAGCCGCGACGCGCCGGCCCAGAGATCGACGACGACGAGGTCCTCGGTCCTCAGCGACCCCGTGCCCGTCCGGACCGCCAGCGCGGCGACGTCAGGGCCGAGGAAGGCCAGGGAGAGATCGCCCGCGACGATCCGCCCGACCTCCGCCTCGTCGTCGCCGTCGGGCCCGCGCAACACCGCGATCCACGCCTCGCCGTAGCGCGGGTCCCTTCGGCGCTCGACGAGCAGGCGGAAGCCCTCGAGCCTGCCCCGCAGCGCGAATGACGGAATCGGTCCCGCAGGAGCGGGCCCGATTCCGTCAGCCGCGGTTCTCGCGGTCGCGCTCTTGCGTGGCTCCGCGTTCGGCTTCGCGTGCGCGGCGATCGGCGCAGCGTGATCGGCCTCGCCGGGCAGCGCCGGAAACCGGGGAAAGAGGCTCGAGAGCGGCGCCCCCGCCGAGACGGCCGCGAGGGCCTCGTCCACGCGAAGGGCCTCGCCGCCTTCGAGGGCCGGGAGGGTCGCGTCGCCTTCCCCCCGCCAGATGGCGTGGCGCCTGCCGGAGGCCTCCAAGAAGGAGAGGGTGACCCTGGGCGGAATGGAGTCGCCTGCCTCGAGCTCGGCCTCGACGAGCACGCTCCGCTCCACGAGGCCCCTGGGGATCACGCCCACGATCGATCGCACGTGGAGGACCTGCTCGTCCGGTCGGATCGCGCCGTGGGCGCAGCCCGCGAGCGCCAACAGGAGAAGGCCCGCGACGGCGGCAGCCTTCACCTCGTCACCTCGATCGACACCCGGCGCGTAGCGGTCATCCGATCGGAGTCGGTCGCCAGGAGCTCCAGCTCGATCGTCTTCCCGACGGCGTTCGAGGGCGCCCAGAGCGAGGCGCAGGAACCGGCGGACGCGATCGGGGCGCCCGGGCACTCCGTTACCTCGAGATCCACCCTCGGTGAATCCGGCGTCCAGACCTGCCTCCAGCGCATGGCCAGCGATCCGCCGCCCGCTGCGCTCGAGGCCGATCCGTCGAGGAGGGTCGCCTTCCCCGCGACGGCCTCTGTCGGGGCCGCGATCGCCAGGCGAGGAGGCTCGAATCCTGGAGGAGCCACGTGCACCACGGCGTAGTCCGGGGGGCTGGAGAGCGGTCCTCCGTCGCGGATGACGACCTGGAACGAGAGATCGACGGGGCTGACGCCGATCGGGGCGACGAACGATCGGGCACCGAGGCCGGGGTGGCAGCCCTGAGCAGGGCTGAGCTGGACCTCCGGGCCCAGCACCTGCTCCCAGCAGGTCTCGAGGGAATCGGGATCCGAATGGTCGACGTCGGTAACCTCCAGGACGACCGGCTCGCCCGCGGCGACGAAGCCGTCCGACGACGAAGGAACCCTCGCCCTGGCGTGCAAGGGCGGGCGATCGGTCGGAGGGAGCCACTGGACGATCGCTGCCTTCGGCGCCGCCCGAACGCGATTGAACCTCGCCTCGAAGGCGACGGCCACGGTCCGGGGCCAGCCGGACCCGTGGGGGAGCCAGAGCTCCTGGCGCTCCAGGTCCGCCAGGGGCGCGTCCCCGAGCAGGGCGCGGTAGGAATGGAAGGCGAGGTTATCCCGCTTTTCCGGATCGCCCATGGTTGCGACGAACTTCACCTTGGGGGGATACCGAGCGGCTTCCCTCTCCACGAGGAGAATGTCCCCGACCCGGGGGAGGTCGTCGGGAAAACCGATGTCCGACGTGGGTGGATCGATACGAGTCGCGCTCTTCCGCACGATGACGCGCAGGTAATCGGGGGCCGCGCAAAACGGCGGCTCGCGACCGGCGTCCGATTCGCTGCAGAGCCTGGCGCGGTTGCCGTCGCCCATCCGTCTGTGGGCCTCGACCTTGAAGTCGAGCACGCCCTCTTCGTCAGGGGCCACGAAAGAGGCGGCTCCGTCACAGGGATCGTCGATCTGCACGGCGCCCTCGATCTGCGTCCAGCAGAAGGGCAGAGTCGCGGAGACGCATGAAGCGTCGCCTCCCTCGGCCAGGCACGCCGGATCCGCGAACCTCGGCGCGGGCAGCTCGACCCTCGTGCGCGGGCGGACGTCCTGATCCGCCGCACCCAGCACGACCGGCGCGGGCAGGAGCTGCGCGGGATCGTCGACGAGCTCGATGGCGAGCCGATCGATGGAGCGGGTCGTGCCGTCGTCCAGGGTGAGCCGGAACACCAGGCGATCGGTCTCGCGGGCCGAGCGCGAGGGCGCGACGAAGGTCGTGACGAGCGCGGCTGGATCGCTCAGGGCCACCCGCGGCCCGGCCTCCTGGGTCCAAAGGACCGAGAATGCCCTGGCGTCCTCGGGCGGAAAGCTCCCCCGCCCGTCGAGACGAACGAGCATGCCCGGGAGCGCCTTGGCGTCGGGGCCCGCGAGGGCGAGCGGCCCTCCCTTCGGCAGCGACGGCTCCGAGCCGATCGATCCTCCCGAGCCGCCGGCGCCTTCGCCGGAGAAATCCCTGGAGCTCGCGCCGCAGGCGCCGAGCGCGAGGGCCATCACGGCCAGGAAGGCGGGGAGGAGGTGGCGCATCGGATCTACATCCTACATTCCTCCGGCGTCGATCGATGCATATCCTGGCGATCCGCCGGAGCCTCGCGAAAGCGACGCCTCTGCGCGTCCGGGGCCGCCATGACTCTTCGAAGGATCCTGCCCGTCCTCGCCGTCCTCTCGTGTGTGACTTCCGAGCGAATCCCGCCGCCGAAGGCCCCGGAGCTCATCGGCTCCCGGCCCGCGATCGGCCGCAAGATCGAGCTCGAGCTCACGGCGAACGGCGGGCCGCTCGTCCTGGGCGCCGCCGTCGGAAAAGTGACGCTGCTCTGCGTGCTCGGGCGGAGCGGCGATTCGACGGCGGATGCCTGCCGGACGGCGCAGCTGCGCTGGGGCGATCGCATCACGGTGGTCGGCCTCGCCACGAGTGAAGAGGTGTCGATCGCGGACATCCCGTTCCGCACCTACGCGGATCCGGACGGCGTGGCGCTGAAGGATCGCTTCGAGCTCGGACCGGAGTCCAAGGTGATCCTCACCGACACCCGCGGCCGGGTCGCCAAGGTGATCGAGCCGGACGACCTCGGCGCGGTCGAGGAAGCGCTGCGCTCGCTCATCGAATAGCCGCGTCGGTTGTTT
NZ_CP012332.1_gap11	489824	493201	3377	ATGGACCGGATGGAGCCGATCTTCGCAGGTGGTCGTGAGCGCGAGCTCGAGTCAATCCTCCAGGAGCACGATCTCGTCCGGGGTGGCGCACGGCGCGTGGTCATCCAGGGGCGCGAAGGGATCGGAAAGAGCCACCTGCTGGTCGCCGTCGCCCGTTCTCTCGAGGCCAAGGGGATCCCGACGGCCCTGGCCGGGGCGAGCCGCGCCAGCCCTTCGTCCCTTGGGATCGTCCGCGAGCTCGCAGGGCGCCTCCTCGACCTCGGACGGCGGACCGGCGTCGACCCGGCGACCCTCGCGCGGCTGGAGGGCCGTCTCGGCCCCGTGCTCACTACGCGATCCCTCTCGGCGGCGGCGCCTTTCGCGTCCGGCGAGGCAGCCCGCATGGGGATGGTGGACGCGCTCGCCGAGCTCTTCCTCGTCGCGGGCCACGCCGGCGGCGCCATCCTCCTGGACGAGCTCGACGCGTCCGATCGCGGCTCACTCGAGCTCCTCACCGCGGTGGTCGCGGCGCTCGCGGCTCCCGGGCGGTCCGATGGGCCGCTCCTGATCGTCGCTTGGCGGGAGCCGCCGTCCAACCGGCTGGCCGAGGCGATCGAGCGGCTCCCGGGATCCTCGCTCTCCCTCGGCAGCCTCGACGTCGCCGGAGTCCGCTCCTTCCTCGACGAGGCGAAGCTCGCCGAGCGTCTCCACGAGAGGTCCGCCGGCGTGCCGGCGCGACTCGAAGCGCTCCTGGTTCCCCGCGAGGCCGACCTCGGCGCCCGCCGCCTCGCTCGCCTCGATCCCGACGCGCGGCGCTGCCTGCGCGCCGCCGCGGTCCTGGGGCACGTCGTCCCCGCACCGCTCCTCCTCGAGGTGGCCGGCGGGGATATCGACCGGAAGCTGCTCGAGCGGCTCGTGGACGATCGCTTCCTCACGATGAGCCTCGTGCACGGCGCGCCGATGTACGGTCTCGCCAGGGAAGACGATCGGATCCGCCTCAGCTCGAGCGACGATCCGCTCGAGCTCGAGGAGCTCCACTTCGCCGCCGGCGAGGCCCTCGAGGCGAGCGGCGGCGACGCGGAGGAGATTGCCCGGCACTTCCTGGTGGGCGATCCGGCGGGCAGGGGCGCGGAGTGGGCGGTGCGCGCCGCCGCGGCCCTGGTGAATCGCTGCGCCTACCTCGGCGCGGCGGAGCTCTACGAGGCGGCCCTCGCCGCCAAGGGCGAGCCGGCGCCCGAGATCCACCTTCGCCTCTCGGAGATCCTCGAGGCCAGCGGCGACTCGATCGGCGCCCTCCGGCACCTCGGCCTGGCACGCCGATACTCCGATCCCGCACAGGCCCGCCGGATCCGGGCAGAGGCCGGGCGGATCTGCGTGCGGATCGGGAAGATCTCCCAGGCTGCGCGCCTCTGCGCCCGGGTGGCCGGATCGGAGTCGGAGCTGGATCCCGCGGATGTCGCGGGCAGCGTGGCCTATGCCGCGGCGTGCGAGGCGCGGTTCCTGGCCGGCGACTACGACGAGGCCATCGTGGCCTGCCTGCGCGGCATCGCCCGCACCCGCGAGCTGCCGGAGATCCGCATCGGGCTCCGCAACACGATGGGGAAGGCGCACCTCAACCTCGGCGCGTACGACGAGGCGACGGAGGCCTTCTCGACGAACGGGCAGGAGGCCCTTCGCGAGGGGCTGCTCCGCGAGCAGATGCGGGCGCTCGTGAACGAGGGCGTCGTCGCCCACCGGCAGGGCGACAGGCGGCGGGCCTTCGAGCGCTACCGCGAAGCCCGTGCGGTGGAAGCCGATCCGATCATGGACGCGCTGGCCCTCGGGAACCTGGGCGCGCTCAACCACGAGGTCGGTGAGTTCGAGCGGGCCTTCGAGCACTATCGCAGCGCGATCGCGTCGTTCGTCCGCGGCCGCAGGCCCAAGGAGGCGGCGCACCATTCGCTGAACCTCGCGAGGCTCATGCTCTTCCTCGGCGATCTGGACGAGGCCCTCACGGTCACCCAGTTCGCCAGGGGGGAAGCGGCTTCGGTCGGCGATCCCTACCTGCTCGCGCAGGCCGATCTCCTCGCGGGCGAGATCCTCGTCGAGAAGGACGAGCCGTTCCGTGCCGAGGCGATCCTCCACCTGGCCTGGGGCGCCTTCGAGCAGGTCGGGAACCTCCGCTACCAGGTCGAGACCGGCCTCGCGCTCTTCCGCTCCGACCTCGCCAAGGGAGAGCTCGCCGACGCGCGGCGGCGGCTCGCTCGCACGATGGACCTCACGGACGGGCAGAGCGATGCCCTCGCTGTCGAGCTCGATCTGGCGGCCGCCGAGCTCGCACTGGCGTCGGGTCAGTCGAAGTCCGCCGGCAAGGAGCTGGAGCGGGCAAAGGCCAGGCTCCTGGCCCGGGCCGAAGGCGTTGGCGGCGAGACCGATCTCGAGGCGCCGTGGAAGACCTACGCGCTCCTCTCGCGGCTCTACGAGGCGCAGGGCGACGTGCGTGGCGCCGAGGCCGACCGCCTTCGTGCCGTGCGCCTCCTCGAGGACCTGGCCGCGCGGATCCCCGACGGTAAGCGCGAACGATTCCTGGCCAAGGCCGAGCGCGCCCGCCTCTTCGAGGGCCTCGAGGATCGCGAGCTGGGTCCCGAGCGCGCCGGCGCGCTGCGCAAGGTGGTCGACGCCTCCGGCTCGAGCTCGATCATCGGCAGCTCTCCCGTGCTGCTGCGGCTGCTCCGCTCCGTCGGCCCGGTGGGCCGCTCCCTCGCGCCGGTCCTCCTCCGTGGTGAGACCGGCACCGGCAAGGAGCGGATCGCAGACGAGCTCCATCGGGCGAGCCCCCGCCGCGACAAGGCGCTGGTGAAGGTGAACTGCGCCGCCATGAACGAGGAGCTCCTCCTCTCGGAGCTCTTCGGCCACGAGAAGGGCGCGTTCACTGGCGCGGTGAGGGAGCGGAAGGGCCGCTTCGAGCTCGCCGACGGCGGGACGATCTTCCTCGACGAGGTGGGCGACCTCTCGCCGCGGGCGCAGGTGGCGCTCCTCCGCGTGCTCCAGGAAAAGGAGTTCGAGCGGGTGGGCGGCACGCAGACCCGCCGGGTGGACGTGCGCGTGATCGCGGCGACCAACCGCAACCTCGAGGAGCTGATCGCCGTCGGTCGCTTCCGCGAGGACCTCTACTATCGCCTCGAGGGCGTTTCGCTCGTGCTGCCGCCGCTCCGGGAGCGCCTCGAGGACATTCCCGCGCTCGCCGCGCACTTCCTCGGGAAGGTGGTCGAGGAGCGTGGCCACGGGCCGAAGCGCTTCGGCCCGAAGGCGCTCGAGCTGCTACGGGGCTGGAGCTGGCCGGGGAACGTCCGCGAGCTCGAGAACGTCGTGGGCGCGGTCTCGATCTTCGCCGAGGGAGACGAGGTGGACCTCGAGGC
NZ_CP012332.1_gap12	495080	498970	3890	GGCGAGGAACTCGAAGAGGGTGCGGGGCTCCACGCCGCTTGTGATCGTGAAGAACGCGCTCTCGTCGATGATCACCAGGATCCCGCGGGAGGCGGCCTCGTCCGCGATCTCCCGGAGCGCGGAGAGGTTGCTGCGCTCGCCGGGCTCGACCCCGAGGATCGCCACCTTCACGTCGAAGGCGCCGAGGAGCCGCTTCACCTCGCGCAACGTGTCGTTGGTGACGATGGCGTCCACGCCCGCCTTCTCGAGGGCGCGGGAGTAGGTGGCGCGGAGGTTCCGGGTGATCAGGACGCCGTCGCCGGGATCGCAGGTGGCGAGGAGCAGCGAGTAGACGGTCTGCTCCCGCTCCGGCCCCACGAAGATCTCGCCCTCTCCCAGGCGGAGGCCGAAGAATCGCTCGAGGTAGCGGGCGATGGAGACGCGGAACGCGGCGTCCCCCGCCTCGTGGGCGTAGGGGATCACCGGGTCGGCGGCGAGGCGCCTCGCCAGCGAAGCCACGAAGTCCAGCTGTTCCTGGGAGGCGTCGCTGAGGTCCAGATCGCCGAGCAGGCTGCCGCTGCCGGCCTCCCTCAGGGCGCGGCGAACGGCCAGCGTCTCCCGTGGCAGCGCGAGCTCGGCCTGCCAGACGGCGACCTCGTGCCAGATCGGGTTGCCGCTGGCGAGCCAGCCGAGGGCGGTCCTGGCTCGGATGGGTTCGGGGCTGTGCTGCTCCAGGTAGAATTCGAACTCACGCTTGGTGTTTTCCTCCAGCGTGACCAGCGGCCGGATGTCGGTGTCGGCCGCCTGCCGGACCCGCCTGGCGACCAGGACGCTGGTGCGGAAGCCCCGGCGCGAGAACATCCGCTCGATGATCGCCCGGCCAGGCCTCCCCGCGAGGTTCAGGAGCAGCCTGCCACCGGGCGCGAGGCGCTCCGGGCACTCGTCGAGGAGCCGCGCGATCAGCCCGAGGCCGAAGTGATCCTCGTAGACGTTCTGGATCGCGCAGTAGTTCGACAGATCGTAGAGGGCCTGCTCCTCCTCCGGGGGCGCCCCGCCGAGGTCGTCGGCACGCAGGACCTGCGGGATGCAGCCCACCACGAAGTCCCAGCGCTCCTCGGCGGGGAGGTCGACGAGGAGATCGCTGGTGCCGAAGCGGAGTCGGGCGGCCTGCTCCGGGCTGCAGTTCAGCCAGGCGTTGCAGGTGGCGACGATCCGCGAGTGGGGGTTGAGGTCGACGCCGTGGATCTCCGCAAGCCCGGTGAACTTGGAGAGGGCGATCGGGATCCAGCCGGAGCCGGTGCCGACCTCGACCATCTTCTTGCCAGCGAGCTCGTCGGCCGGCACGTCCAGGAGGCCTTCGAGGAAGGTGAACGCCCAGTCCTCGGGAGCGAAGATCGAGGGGAGGAGGAGGAGCTCGAGGTGCTCGCGTTCGCCGCCGACGGCGGCGTCGATCTCCGCGAGCCGCAGGGGAGCGCCTTCGGGCTTCCCCCGTGCCTCCGCTGCCAGGAGGCGGAGCTCGTCGAGCGCGGACGCGCGGGCGGCCGGATCGGAGAGCGCGACGCTCAGGCGCGCGAGCTGCTCGAGTGCTTCCTTGGGGTGGGAGGGGTAGGTGTTCATCCGCCCGGCATCGTCTGCGGCGAACGTCGCCGTGTCAACGCGAGCGATCGAGAGTCGAAGGGGAGCGCTCTCGCTCCGGGCAAGCGCCCTTCACCCGCCCCGTTGCGCGAGGGCGGGTGAAGGGCCTGGATGGACTACTTCGCCGGCGTCGCGGCCTTCTCGGCCTTGTCGGTCTTCTCGGCCTTCATCTTCTCGACCTTGTGGAGCTTCTTCTGCTTCTTGTCGGCCTTCGTTTTCGCGTCGGTCTGGCCGTTGTTGGCAGCAACGGCCACGGGCTTCACCGAGCTCGGCGCGGGGGCGGCCGCGAGAGCGGAAGTTGCGGAGAAGACAAAGAGAGACATCGCAGCCAGAGCGAGCAGCTTCTTCATTTGCATGACCTGCACTCGTAGGGAGAGACGTCAGCCTCGGTCGCTCGAAGGAGCAGAATCCGAGACGGCGACCGGCGCCGGAGCCCATCAGCGCCTGCGCCAAATCAACCCGGAGGTCGGACTTTCATTCCAGCTCGTCGCTCGATGGCTGGAATTCCGAGCCGCGACGCCTACTTGCCGATCATCGAGCCACGACGTCCGGCGATCCGTCGAGGTTCCCGTGTCGGAGGAAGACGGTCCTTCGCACGTCCGTGGAGCCGGACGACCCGGGACGCGGGCTCCGGTCCTCCAGGAGGGCCACCTCGAAGGCGACGATCCGGTCGGCGGGCTTTCCGGTCCGCTTGTGATGTTCCAGGATCCAACCTTCGAGGGTGTGGTGGTAGGCGGGGTTGTCCTTGATGCGGGTGGAGTAGTCGAACCAGAACTGGTTCATCCCCTGGAGATCCGGCACCTCGCGGAGCGCTGGACCGTCGTAGCCAAATGCGGCGAAGTTGAAGGGGTCGATCCGGCGTCCGTCCACGGTCAGGGCGTCGACGACCACCATCCAATCCTTGTCCGGAGCGTTGGGCGCGAACATCGACCATCCCTGGCCGAAGCGGCCATAGGCCACCAGCGCGCGGAAGACCGTCGGCTGTGGAAGCTTGAGCCAGCGGGGAATCGACGAATTCTCCACGAGGATCTGGCTGATCACCGACAGGAGGAAGACCAGGACGAGGGCCTCGCGTGCCCATCCGAGGCCCGAACGAAGGGCGATGGCGAAGGGCGCCGGAGGCGTGGCCTGCGCCGAACTTCCGAAGGTCGCCCGCGGGAGGCCACAGGCGGCGAGTCCGAGACCCGTCGAGATCCGGACGCGGTTCGACGCGACGAGATCGTAGACGCGGTCCGCGAGCGCGCGGAGGCCGGGGGCAGAGAGGAGGACGGCGATCGGGAAGCCGCCCGGGATCGCGCGGAAGATCGACGCGAACGCGGCGGACCGCGTGTGCTGGCGTCCCTGATCGTCGACCACGACCACGGTCCGCTCCACGAGCTCGGGCGTCACGCCGGGCGGGAAGAGCGAAGCATCCGCGTTGTCGACGAAGCGGAGCCGCCCCAGCCGATCCATCGCCGTGAGGAGCCTCGCCGTCTGGAAGCAGATTCCACAGGAGGCGTCGAAGAAGACCGTCCTCGGCCCGACTCGCTTGCGCAGGAAGCGCGAGGCAGCGTCCCAATCCGCGGCGGACAGGAGCAGCGGATAGAAGGCGCACATCGCCGGCGAGAAGAAGCCGACGTTCAGGAAGAGCGCGAACCCCATGTGCATCGCGGGGAGCGCGATCATCGCGACTCGCCTCGCCCAGGTCGTACCCCAGGGCGTGAGGATCAATGCTGGAGCGGCCGCCTCGAGGGCGAGGGTCGACCAGGTCAGAGCCTTGCCCAACCACATGGGCAGGTGATCGCGGAGCTGGTAGCCCAGCCAGGTGACCATTCCGTCCCGCTGGAGCACGTAGTGGACGACCGAGCCCTCCATCCACGTATTGCCGCCCTTGTGGATCGCGTTGAAGAAGTAGATCACCGCGAGCTGCAGGAGGAGCCCGAAGGCGGCAAGCGAGACCACGGGCCGAACCGGGCTCGGGACCCCTTGGGCCAGATCCGCCGCGGTCGACGCAGGCCTCTCTCGAAGGGAGGCGAGGAGGGAATCGACGGAGAACCGCCGGCCCAGCGGGAGGAAGAGGGACCAGGCCGCGAGCAGGTTCATCGTCACGTCGCCGCCGTTGACGAGGATCACGCCGCGGCTGTGGAGGCTGATGGTGGCGATCAGGCTGAGCAGCTGGAAGAGGCGGGTCTTCCAGCCGATGAGCAGCCCCAGGAACGACAAGCCGCAGAGCAGGAAGCCGATCGCCGCCTCGGTCGGCGTCGAGGCAAGGAAGAAGACCGAGAAGATCCAGCGCG
NZ_CP012332.1_gap13	532397	535600	3203	GCGGCCTCATCGTGTTGCCGACGAGGATGGTGTTCGCGTAGTCGTCGAAGAAGATGGCGACGCCGAGCAGGTAGGTGACGAACTGCGCCGAGCGCGGCCCCTTCGCCACCCGCGTGATCCGGTCGACCACCCCTTGGATCCCGCCGGCCTTCGTGGCGAGGCCGACGAGGCCGACCAGGGCGGTGGTGAACACGAAGATCCAGATCTTCTCACCCTGGGAGAACGTGGCCTCCCAGCCGTAGCCGACGGCGGTCCTCACCACCATGCCCCAAGGGTCGAGGCCCACCGCGAGGGCCGCGCCGAGGAGGATCGACGAGAGGAGCGAGAGGACGAGCCGACCCGTCGCGAACGCGAGGACGATCGCGACCAGCGGCGGCAGCACCGACCAGGGGCGGATCGGCGCGTGGGTCTGGACCACGTCGATCGGGCCGACGGAGCCCTCGTCGAAGGCCAGGCCCGTCTTCGCCACGCCTGCCTCGTCCACCTTGAGGAGGAAGCGCAGCGTCTTCCCGTTGCCCCGCACCCGGAGCACGGGAGAGCGGCCCACGCTGGCGCGGAGGATGGACTCCGCCGCCTTGGCCTCCGCGCCGTCGAAGTAGAGGGCCACGTCGACCGGGAGCTCCAGGTCGGGGCGCTCCTTCGGCAGGCGCTCGGTGAGCGCTGCGACGCTCCGGTCCACGGAGGCGGCGATGGTCGCGTTCCTCGCCTGCGGATCGAGCTGGGGCAGGGCGAAGAAGGAGAGGGCGAGGACGGCGGCGGCGATCGACCAGCGAATGAGGTCGCGGACGGAGGGGCGTTTCATCGTGCGGCAGATCTAGCACGCCCCGGTGGGGGCGCTCCATACCGCTCCGCTCGCCAGACGCTGCGAATCTCCCGCATAGAGCTGCACGTCTGGCGAGCCGGCGACCGATCAGCCCCCCGGGTTGCCGGTCGGATCGGCCGGGACGCCGAGGGTGCGGGCCTCGTCCGGGAGCTCGCGGAGCGTCACGGCGAGCTGGATGGTCTTGCCCTTGCGCAGCACCTGGAGCGGGACCTTGCTGCCGATCTTGCTGCAAGCCACCTCCCAGCGGAGGGCGGGCGCGCTGCGGATCGGGCGGTTCTCGAAGCGGAGGATCACGTCGCCGTCTTCCAGGCCGGCCTCCGCGGCGGGGCTCCCGGCCGTCACCTTGCTGATCACCACACCGCCGGGCTGGTGGAGTCCGAGCGACTGCGCCAGGTCCCACGGGACGTCGCGGATCGACAGGCCGATCCAGGCACGGGTCACCTTGCCGGTGGCGGCGAGCTGGGGGATCACCTTCTTGGCCATGTTGATCGGCACGGCGAAGCCGATGCCCTGGCCCGAGGCGTTGACCGCGTTGTTGATCGCCACCACCTCGCCCTGGAGGTTGATCAGGGGGCCGCCGCTGTTGCCGGGGTTGATCGAGGCGTCGGTCTGGATGAAGTCGAAGTAGCCGTGGCGCCCTTGGGGGGTCACGTCGGTGCGGCCCTTCTGGCTGACGATTCCGAAGGTGACGGTCTGCGTCAGGCCGAAGGGATTGCCGATCGCCACCACCCAGTCGGCGATCTCGACGGCGTCGGAGTCGCCCAGGGGGAGCACCGGGAGCGGATGGTTGGCGCTCACCCGCAGCAGGGCGAGGTCCGTGGCCGAGTCGGCCCCCACGACCGTCGCCTCGAGCTCGTGGGGAAAGCCCTCGTCATCCAGCACCACCCGGATGCGGCTGGCGTTCTCGATCACGTGGGCGTTGGTGAGGATCAAGCCCGTGGAATCGATGATGAAGCCGGTGCCGAGTCCTTCGTTCGGCTCCTCCGACGAGTTCTTCTCGAAGAAGTCGTGGAGGGGATCGAGAGGGGAGAGGCGTCGGTTGCGCTTCTCCTCGACCACGATCGACACGACCGCCGGCGACGCCTGTTTCACGATCTGCGAGAGGTTCGGGAGGCCATGCGCTGCCGGGCCCGCCTCTTTCGCCCTCGCCCCGATCTCGGTCCAGATCCGCCGCGGTGGCTCGGTCCTGGAGGGGACGGGCGCTCCCAGAAGGAGCGCCGCAGCCACCAGCAGACCGGTTCGCCCGAATCGCCCCATGCCCCACCTCCCGTGCACCTTCGAAAAAGGTGGGCACGAAAGGCACAGGAGCGCCATCGAGGGGGTAGGGCTTGCATGCTCGGCGGCTCCGCGATCACCTGCAGGGACGCCCCTGGAACCTCAACGGATGCGATCACCGATCAGACGATCGAGTGCTTTGCGATCGTCGTCGGAGGGGGCCTCGGCAGGCGGCCGGTTGGCCGAGGCGGGGATGGGCGCGGCGGAGGCCCGGGCAGGGGGCGCCTTCTGCCGATCGGCCTTCGGCGACTCGGACGACCCCTGGCCGAGGAGCGCGCGAACGTGCTCTGCCGCCGTCTTCCCTTCGATGGGGAGGCTGACGGCGGCGAGCCCCACCGCGATGGCGACCAGGACGAGAAAGGCGAACTTGACCAGACCCCACATGGCTGGCGATGGTGCACGCGTCCGGGCGGTCCGTCGAGCTTCCCGGCTCGCCTCGGCTGTGATCAACGGCGCGGGTCGACCCGATCGAGCCGCCCGCTCGTGATCGATCGCCCTTCGAGACCGAACGACGCCATGGAAGCCCCAGAGACCCTCCCGGAATCCCCCCACCGCCAGAAGCCCAATTGGCGGAGCCGCGCCCTGCTCCTCGCGTTCGTGGCCGTTGCGGCCGTGCTCCTCGTGCGGATCGCGACGCGCGGAGTCGACGGGCTCCCCTCGATCGGCGGCGAGCCACGGGAGCTCCGGCTGTCGATGCTGGACGGCTCGACGCTCGCCCTAGAGGAGGCACGAGGGAAGGTGGTCGCCCTCGACTTCTGGGCCACCTGGTGCCCGCCCTGCGTCGAGTCGATGCCGATCCTCGACAAGGTGGGACGCGAGCTCGAAGCCAAGGGGGTGGTGACGGTGGCGGTGAACCGCGACGACCTCGAGCCGGAGAGGCGGGCGGCCCTCGTCCGCCGCTTCCTCGACCGCCATGACCTCGCCGGGCTGAAGGTCGCCCTCGACGACGGTGTGGCCGCCGGGGCCTTCTCGGTGCGGGCGCTACCGACCCTAGTGGTCCTCGGCCGGGACGGCCGCGTCGCTGCGGCCCACCTCGGCAGCATGCCCGAGGACGAGCTCCGCGACCTCCTGACCCGGGTTGCCGACCAGGGAGGCTGAAGGTTCC
NZ_CP012332.1_gap14	537625	541022	3397	GTGGTTCCCACCGCGCCTCGGACCTCGCCGCTCCCTCGCTCCCGAACGATCACGAAGAGGCCGGCGGCACCCTCGATCGGGGCGAGGTCGGCGGTGGGAAGCTCGGGCGCCGCGCCGTTCACGAGCGCCTCGAGGTAGGTGCGGGATCGCGAGCAGAGCTCGGCGAGGATCTTCTCTTCCGTCATGGCAACTCGATCCCGAGCTCGGCGAGCTCACGGGTGACGATCCCGGCCCACCCCTGGTTGGCCTTGGGGCTGGCGGGGCTCGGGTGGAGGATCCGCCCGACTTTCACCTCGAGGCCGGCGAGGGCCTCCCGGGCACGGTCCTCGGCGAAGCCGCCGATCCCGATCACCCAGCGGGGGCGCATCCTCTCCACCGTCTCGCGCAGGGCCTCGTCGCAGACGGCGAAGAGCGGCTCGCGCTCGGCTCGAGGCAGCTTGTCCGGGGTGACGTTGCGGCCGGAGGCCTCCATGAAGACCAGCGGGCAGTAGTTGATCACGAAGAAGCGCGCGAAGAAGCGCTCCGGCGTGCCGAAGGTCTCCTTGGCCCAGCCCCAGACCCGCGCGCCGCTCACCTCCGAGCGATGGCACGCGAAGCCCTGGATCGGCCGGTTGGGATTCTCCTCCGAAGGCCTGCCGACCTCGCCCTCGATCCCGAGCCAGGTGCGGACGTGGTGGACTTCGCCGAAGGGCACGCCGGTCTGGGCCATCCCGAAGGGGCCGGGGTTCATCCCGAGGAGGAGGATCTCGCGCGTCCCGCGTCCGTACCGATCCACGTATTCGTCGAACGCCGCCCGCGCGTATTCGAGCGGGTCGTAGACGTGGGTGACCGGGGGGCCGAAGCGCAAGGGGCGCAGGGCATCGATCAGTCTGTCGGTGGAGCTCCGGGCGGACATCGGCGGCAAGGTACGCGATTTTCCGCCGGGGAGGGGAGTGCATCTAGGGTTCTACGACGCCGGCACGGCCAGGCCGCTCTCCGGGCGGATCTCGAACCGCCCGATCAGCGGCGTGTGGTCGGAGAGGCCCTGGAACGGCCCCTCTCCGAACGGGAGTGTGCCGTCGAGGTCGAGCCAGTGGATCCGTCGATCCGAGAAGAGGTGGTCGAGGTGCATCCGCAGCTTCATGAAACCAGCGGTCGGGAACCTCCGGGGATGCTCGAGGTCGATCTGCCCGAGCTCGAGCTGGGGCGCTACGAAGCCGGCATGCTCGCAGAGGAAGCGGAAGACGGGTGAGCCGGGGAGCGAGTTGAAGTCGCCGCAGATGAGGAAGGGCTCGTCGCCCGCCTTCTCCCGGACGAAGTCGACGAGCCGGTTGGCCTCGGCGAGCTGGTTCACGCCGTAGCCCATCTTCAGCTTCACGGACCAGTACTCCCGGGCGAAGGGGCTGGGCAGGCTGAGGTGGGTGTTGAAGAGGTGGAAGCCGCGGCCCGCCGCGTCCTCCAGCCGGATGTGCGCGCAGATCCGGCTCTGCTTGCGGTCCTTCCAGGCGGCCACCTGGTAGTGCGTGATCCCCTGCGGCGCCTCGGCGTTGTGCTGCTCGATTCGCAGGGTCCGCTTGTTCACGAGAACGGCGAGGCCCGTGGTGTAGAGCGAGATCTCCCCCAGGCGGTAGTTGTGCGCCCGGAAGTACAAGGCCTCGAACGGCAGCTCCATGCCGCGGAGGGCGTAGGCCTGCCGCAGGTTCGACATGAACGACTCGAGCTGGGTCTCCTGGGGGTGGAGCCGGGGCCTGCCGAGGTTGCTCCGCACCGAGCTGGTCTCGACCTCCTGGAGGCAGATCGCGTCCGGCACGGGATCGAGGCCAGCGATGGCCTTGGCGATCTCCCGCTTCCCGGCGCGCGTGCTCGCGAGGCCGCGGACCGCGTGGCCGAAGTAGCGGACGTTGTAGCTGACGATTCGAAGTGGACTCGTCATGGATACCCGCGACGCGCCTCCCGGCGGTCGTGACACGGGATCGTCGCGCGGCCGGAGACGCTCGAGACGAATCTAACGCAGGACCGACAGACCGCCACCGGAGGGGGACGCTTTCTCCGTCGAGGCGGGTTTTGCTTCTTGCCCTCCCCGAGGCGGGGAGGAGAGAACGAGACCATGCAGGAACTCTTCGAAGCAATCCGGGAAGAATGTTCGGCCGCCACCTGGTCGAGGGGCGTGGAGCTCGCCCGATCGGGGAGCGTGCTGGGGGAAAGAGCCTCCCCCAAGCAGGTCACGTGCCGCGTGTCCTCCGCCAACGAGCCGGTGAGCCGCACCGTGGTCCTGGACATCGAGGGGACGGAGTGGTCCTGCGACTGCACGGGGCGCGACGCCGTCTGCGTCCACGTGGCCGCCGCGGCGATCGCCCTGCGGCAGGCCCGGAAGGCGGGCGCGAGCCTGCCGGTCGCCAAGATCGAGGCGGCCACCGTGGGCTACCGCTTCCAGCGCTCTTCCGCCGGCCTGGTGCTCGACCGCGTCCTCGTCCGAGGCGGGCGCGAGGAGCCGCTCCAGACCACGCTCTCCGCCCTCACCTCCGGGCGCATCGCCGGTCCGCCGCTGATGCCGACCGCCGCGGACCTCGAGGTGGACGTGGCGCTGGGCAGCAAGCGCCACGGCTGGTTCTCGCGGGAGGTGCTCGGTCCCGTCTTCGACAAGCTCGACGACGCCGCCGACGTGCGCCTCGACAGCGAGACGATTCGGCTCTCGCGGGAGCGCGCGGGCGTTCGCGGAAAGGTGGAGGATCAGGCCGACGGCTTCCGGCTCTCGATCGAGCAGGATCCCGCCATCGTCGAGATCTTCGCCAACGGGGTCGCCCGCTGCGGCGACACCTTGAAGGTGGTGGCGGATCCGCCGCTCACCGGGCGGGAGCTCGACGACCTGCGCAGGGGCCTCTCCTTCGGACCCGATCGGATCCACGAGCTCGTCTCCGAGGTTCTCCCGTCGCTGCGCAAGAGGATCCCGGTTGACGTCCGGACGCGGAAGCTCCCGGAGGTGGTGCGCCTCCGTCCGCGTCTCCAGCTCCAGACGGAGCAGGAGGGCGACGCGCTCTCCATCCTGCCCTCGATCGTCTATGGCGAGCCCGTGTGCGCGAGGGTCGCCGGCGATCGTCTGATCTCGGTGGGGAGGGCCCGCTGCCGCTGCGCGACTCGGCAGCGGAGGAGCGCCTCGCTCGGATCCTGCAGCAGGGGCTCTCCCTCTCCGCCGGCAAGCGCGTCGTGTTTCGCGGAGATGAGGCGGTGGCCTTCGCCCGCAGGATGGGCGCCTTCGACGCCGAGGTGAGCGGCCCCGGCGCGGCGGCCTTCGCCCTCGCGCCGCCCCTCGAGGCGCTGTTCACCGTTGGTGATGGAAACTTTGACATTTCCTTCCGCGCGGGCGGAGACGAAGGGAGCTCGGCGAACCCGGCGGCGGTCCTGCGGGCCTGGCGCCAGG
NZ_CP012332.1_gap15	542608	546548	3940	GCGTAGCGCACGGTGGAGGTCCGCGCGCCGCGAATGCGTCCGTGCATTCGAGCGCGCGGGTCCGTCGAGTCTCAGAGCCTGCGGCGCTCACCCGTGCGGCGGTAGCGGAGCACGTCGCGGACGATCTCGCCGTGGTCGAAGACGAGCTCCGGGAGCGAGTCGGGATCGAAGGCCCGGGCCTCGGCGGCGTCGTCGCCCCCCTTCGGCTCCCCTGATGCGCGGGCGAGGAAGACCGTGGAGATCGTGTGCTTCCGGGGATCGCGGGCGGGATCGCTGTAGGTGAAGAACTGCTCGAGGAGCTCCACCTCGAGGCCGGTCTCCTCCAGGGCTTCCCGGCGGGCCGCGAGATCGAGGCGTTCGCCTTCGTCGACGAAGCCACCCGGCAGGGCCCACCCGTGGGGAGGGTTCTTGCGGCGGACGAGCACGATCCGGCCGTCCTCGAGCTCGATGAAGCAATCGACGGTGGGCAGGGGATTCCGATACGCGCTCATCCGGGCGACGTTGGCACGGCGGGATCGGTGGAGCAAGCGCCGGAGCCCGGCGGGATCGGTCGGCATGGGACCCTGCGCGATGTCCAATCGCATCGAGGCCATGGCAGCTGGATGCTGCCGCTTCGACGGGCCATCGCTAGCTTGGACGGGTGCGCCTCCCGCTCGCCGTTTGCCTGCTTTCGCTGCTCCTCTCCACGGCGTGCAACTACGCGATCGAGTCCGGCAACTACGTCTTCGAGCGCCGGGAGCTGATCCAGCAGTTCTGCGACTTCGAGCCCCCGATCCCCGACGTCTTCACGGGGAAGCTGACCAAGAGGGGCCGTACCGTCACCATCGAGCTCGACGACCCCGCCTTCCGGGCGAAGATGGACCAGCGCTTCTTGGTCGGCGTCTTTCCCCAGGATCCGGATCGGGATCACTTCCTGGTCTCTTCGTCGTTCGAGGTGACCGCGGAGGTGAACGGCCTCTCTTGCCTGGTGTTCACCCATATCGACATCGAAGGGAACCTACTGAACGATCGCACGTTTTCGGGAACGTTCCTCTTCACCTACGACCGCCAGGTCGAAGCCCCTCTGGAGTGCCCGGCTTCCTGCGTCTCGAGCTTCACCTACATCGCCTTCAAGTAGAGGTGGCCCGGTTGCCCGCACGGCCCGGAAGGACATAGGGTCGACGCATTTCCCGAAAGGCGGTGGGCATGGCGAAGACCCAGGGTTCGGAAACGTCGTTCGACTCGGTGCTCCAGGAGGAGCGGGTCTTTCCGCCGCCGAAGAGCTTCTCGGAGAGCGCCTGGATCGGCGATCTCGACATCTGGCGGCGCCTCTCCGACGAGGCCCGGTCCGATCGCGGCGCGTTCTTCGGCAAGCTCGCGCAGGAATTGCTCGTGTGGAGGCGGCCCTTCACCAAGGCACTGGAGGGCAAGCTCCCCGACGCGCGCTGGTTCGTCGACGGCGAGCTGAACGCCACCGAGACCTGCATCGATCGGCACCTGTCCACGTGGCGGCGGAACAAGGCCGCGATCATCTGGGAGGGGGAGCCCGGCGACGAGAGGGTCCTCACCTATAACGAGCTCGCTCGCGAGGTGGGCCGGTTCGCCAACGGCCTCCGCAGCCTGGGGGTCGAGAAGGGCGACCGCGTCTGCCTCTACCTGCCGATGATCCCCGAGGCGGCGATCGCCATGCTCGCCTGCGCGCGCATCGGGGCGACCCACACGGTGGTCTTCGCCGGCTTCTCCGCCGAGGCCCTGCGCGATCGCATCAACGACACGGGCGCCAAGGTGGTGGTCACGGCGGACGGCTTCTTCCGGAAGGGAAACGTCGTCAAGCTGAAGAGCGCCGTGGACGAGGCCCTGAAGGGTGCGCCGTGCGTGCGCAAGGTCGTCGTGGCCCGGCGCGCGAACGCGACGGTCTCCATGAGCGAGGGGCGGGACCTCTTCTGGCAGGATCTCGTGGCGGAACAGCCCGACGTCTGCAAGGCGGAGCCCGTCTGGTCGGAGCACCCGCTCTTCGTGCTCTACACCTCGGGCTCCACCGGAAAGCCCAAGGGCGTGGTCCACGGCACGGCCGGCTTCCTCCTCGGCGCGGCGCTGACCTCCCGGTGGGTCTTCGATCTCAAGGACGAGGACACCTGGTGGTGCACCGCCGACGTCGGCTGGGTCACGGGCCACACCTACGCGGTCTACGGCCCCCTCGCCCTCGGGGCCACCGTGGTGATGTACGAGGGCGCGCCCCTCTCGCCGGCGCCCGACCGCTTCTGGAGGATCATCGAGAAGCACCACGTGACCGCCTTCTACACAGCGCCCACCGCGATCCGGACCTTCCTGCGGCTGGGCACTTCGTGGCCCGAGAAGCACGACCTCTCCTCGCTCCGGCTCCTGGGCTCCGTGGGTGAGCCGATCAACCCCGAAGCCTGGATGTGGTACCGCGAGGTGATCGGGAAGAACCGCTGCCCGGTCGTCGACACCTGGTGGCAGACCGAGACGGGGGCCGCGATGATCGCCCCGCTCCCCGGCGCCACGCCCACGAAGCCCGGCTCCGCCACGCTGCCGCTCCCGGGGATCTCCGCCCGGATCGTCGATGAGGGCGGCAAAGACGTGCCGGCGGGGAAGGGCGGCTACCTCGTGATCGACGAGCCTTGGCCCTGGATGTCCCGGACCCTCTACGGCGACCGCGAGCGCTTCCTGAAGAGCTACTTCTCCCAGTATCCAGGCTGGTACACCACGGGTGATGGAGCTCGGCAGGACGAGGACGGCTACTTCTGGATCATGGGCCGCGTCGACGACGTCATCAACGTCGCCGGCCATCGCCTCGGCACCATGGAGATCGAGAGCGCGCTCGTGGCCGCCGACGACGTCGCCGAGGCCGCAGTGGTCGGGACGCCCGATCCGGTCAAGGGGACGGCGATCGTCGCCTTCGTCACGCTGCGGCAAGGCGTGGCCCCCTCGCCGGTGGTGGCCGACTCCCTCCGAGCCCACGTCAGCCGCGAGATCGGCGCCATCGCCAGACCGGACCAGATCCGCTTCGCCGACGCGCTCCCGAAGACCCGCTCCGGCAAGATCATGCGCCGCTTCCTGCGCGACCTCGCCGCCGGACGGGAGGCGCAGGGAGACATGAGCACCCTCGAAGACATCGGCGTGCTCGCGTCGCTCCACGAGGGCGACGAGGAGTAGCGGGCTCCCGTTGCCTCAGGACGACCGGCGGGCGGCCCCGAAGAGGACGCCCTGGTCGGGCTCCAGGCCCAGGACCTTGCGGACCGGCGCGAACGAGCGCCGGTGCACGGGCGAGACTCCGAGCTTCTCGAGAGCCCGCACGTGCTCGGCCACCGGATAGCCCTTGTGCTTCGCGAAGCCGTAGCCGGGGAACGTGCGGTCGAGCACCACCATCCGAGCGTCTCGATCCGTCTTGGCGAGGATGGAGGCCGCGGCGATCGAGAGGCTCTTCGCATCTCCCTTCACGATCGCCTCCTGCCGCATGGGAAGCTCGGGGATCCGACGCGCGTCGACGAGCAGGGCCTCGGGTACCGCGCCGAGCGCCCGAACCGCGCGGAACATCGCCAGGAGCCCGGCGCGGTAGATGTTGATCCGGTCGATCTCCTCCGGCTCCACCGCGCCGATCCCCCAGGCGACGGCGCGCTTCCGAATCTCGTCCGCAAGACGCTCGCGCGTCGAGGCGTCGAGCTTCTTGGAGTCGTCCACGCCCGGGATCCGGCAGCCTTCGGGCAGGATCACCGCCGCCGCCACCACCGGGCCGGCGAGGGGGCTCATCCCGGCCTCGTCCACGCCGGCGACCCGCTGGAACCCTTCGGACCAGAGCGCGCGCTCGTAGCGCAGCATCGTGCGGAGCCGCTGGCCCTCTGCGCGGGCCTCGGTGCGGCGCCTCTCGATCGACTGGAGGATCGATCGCGCCCCCGCTCGGGGATCGCTCCTGAGCTCCTCCTCCGCCGCTGCGGTCAGG
NZ_CP012332.1_gap16	547797	552469	4672	CGAGGGATTACCACACGAACTTGCGCGTGAGTTTCCAAGGGACCAACCGTGGCCGAGATGGTCGTCGTCCCCGCCTTCTTGCCCACGACGGTCCCGTCGTCCAAGACGGCGGCGATCTCCGGATCGCTCGAACTGAAAGCAGGCTCGCCTACCTCCATCGGGTCTCCGTTCTCGTCTCGCATGGTCGCTCGAAGCCGATCGTGATACCCGAGGTCCACGATCAGGGGATTTGGCGTCAGTTCGAGCGAGGTCGAATGGCCGGAGATTCGAATGCGAACTGAAGCCTCGAGCGCTTCGACGCGAGCGTACACCGTCACCACTCCTGCTTGGCGTCCCGCTACCGATCCTGTCGGTGAGAGAGTGATGAGCTCCGGTGGTTTGGCCTCCCATGTCACCGAGGGGTCCACGATCGGAGCGCCCCACGCGTCGTTCACTCGAGCGACGAGCTGGGCCTCTTCTCCGATGAAGAGCTCGCCTGGAGCTCCCTCGATGCGAATGGATGCCGCGGGAGGCGAGGTCACCTCGATTTGTACCGAGCTACTGACTCCATCCGAGGTGGCCGTTACGTTGGCCCGGCCGATCGCCTTCGCCGTAACGAGTCCGTCTCTCGAAACCGTAGCAACCTCGGGTGTATCCGAAGTCCACTCGACCTTGCGATCCTCGAGGACGGTTCCGTGTTCGCTCAGAACCGTGGCGTGTAGACGTTTGCCTTGATGTACGAGAAGGGCGAGGGAATCTGGCTCGATCTCGATGCGAGCCACCCTCTCGCCGTCGTCAATCGGAAGGACCACGATCTGGCTCGTACCCTCGATGCCATCGGCGCGGACAGAAACGACGACCTCGCCAGGCGAGATCGCTTCGACGAGGCCCTCCGCCGAGACCGTCGCGGTTGCGGTCGAGCTCGACGACCAATCGAAGCGCTCGACCGCAACCTGCTTGCCTGCATCCGACCAAGCGGTCGCGTGAAGCTCAGCTGTCTCTCCGGGGTGAAGGCGAATGGACTCAGGCTCAACTCTGATCGATGCGGCGACTTCGGGTTCAACTTCGACCGGAGGGTTGACGGGAGGCGGTGTTCCGCACGCCCAGCAAAGCGCGTGGGTTCCCATCATCAGCAGTCTGGCGAGCGTGGCGATACGCGGTGCCATCGTTATCTCTCCTCCCGTAGCCCCGTTTGCGGATCACGTGGTCGTGGTTCGAGAAGAACCGCGGCCATGGTCGTTACCGTAGAGCAACTTTGCAGTGATGGATCCTCGCTTTCGAGGCGGGATGCAAGGGATCGGAATGATCGTCATAGGTCTCGAGATAGGCGAAGCTATCCTGGTCGATATCGTACGAATATACCCCGTTGCCTCTGTTCACCTCGTCGACCGAGGCGACGAGATAGGTAAGCCCCGTCACAAGATCGGTGAGATAGATGGGGTCGATTCCATCTTCGGCGGGGCACGAGTCCCCGCTATAGAGCACGAATCTGCCGGTCGCGTTGAGCCTCGGCTTGTGGTGTGAAAGACAGGGGCCCGAGACGAGCTCTTCCGACGTTGGGTCGAGGACCGACCGATAGGCGATAAGCGATTCGCCGATGCTGGTGATCTTCTCGTAAGCGACGAGGTCGCTGCCTACGTTGGGGGTCTGGAATCTCTCTCCGTCCTCCGGGCTGCCAAAATCGCCGTTCAGCCCGAGTAGAGACCGAAAGCCAATCGTGCCGTCGAGTTCGTACGCAACCAATCCGCTACGAATGCTCGGATTTGTTCCAACAGAAAAGTCGGTGAGGGTTGAATTGCTGAACCGGTACAGTTTCACTTTGGCGTTCGCCGACCAGACTGCGTTGCCCGAATGAAAGGAGGGAGCGGAGAGTTCAGTAGTTGGCGAATATTCTGCCAAAACAATCTCGCTTTGATTCGCAACGCTCATGGAAATGACTTTGTATGGGTAGGCCTGCGAATCGGTCTTCACGGTGTAGATCAGCCTCCATGCGTGAAGAGCGAACCCCAGTGAACCCCCTGGCACTCCGACGAAGGTCGGGTCGCGATCATGAGGCCCGACCGACGTTCGCTCGTCGGCGAACCGATTGAACGCGAGATTGTTGATGGGGACGCCGTTGTCGTCGACGACCTGCGCCACAGCCACTCCGCCCCATTTTCCGCGGGTGGATTCCCATTCGGTACTCAGATCCTGCTCCACACAGCCCGTGACAGGAAGCGGCGGCGTAGCGTGAGCTCCCGCCGCGACGAAGCAGACAGCCAGCACGACCAGCTTCATGATACAAGTTTTCATTGAATCCCCCGTGTGTGAAGGCCGTCGCCAGCCGCCCCCTACTTCGTTCCGGGCTGGCGTGGGCATTCACATCGAACCCTAGCTGTCGCTCCAGGTCTTGTCAAACTCGTCGATTCTATATGTAGGGAGCGCTGGAAATGTCCGGGTCAATGGGGGTTGTAGGTGTTCAGCCTTCATCACGGCAGTGCCGGAGAATAGCGAGCGCGCGTGAAAGCACGGCGCAGCCTTCAGCACGCCTCCAATGAGCGGATGCGCTCCTCACACTGCTCCACGAGCTCCTCGATGGGACGCTGGTCGTGAGCTACTGGATTACGCTGATCGGTCGTTTCTCGGAGCTCGATCGGGAGAGTCCAGCCGGCGAACGAGCGCCTGGGCCAGGTTGGATCGGGCCAAACCAAACGGACATCTACGAGGGCACTCAATCGGACTGGTACGAATGTCCCTGACCTTCGTCGAGCCGCTGCGGTTCCGGAGCCAGCTTCATGCCATGGTCAGGCGACGAGCAGGCCGTCCCACATATGGCTCTCGCGCTCCAGCACCTGCGGGCCGTCAGCCGGGCGGAGATAGGAGATCATCCTCGCCTTGACCCGGCGCAGATCCTCCCAGCTCGGCTGATCGTAGGTGGACGAGAGCCCGTGGAAGAAGCTGCGGGCCTTGAGCTGGACCATCCGCTGGACCTCGGCCTTGCTGGCGTTGGGCGCGGTGAACCGCATGCCCTTGCGGACCTGGGCCTCGCCATGCTGCGCGAACCAGGTGACGAGCGCGTCACGCACTTCGAGAACGGATGGAGCGTTGCACGCGGCGCGGCGCGCAAGCGATTCGACGATCACGGTGTTCCCCCCGGAAAAACCTTGGAGGGCTAACTACCACACCGACCCACACGTTCAAGCGAGATCATAGGGAGCGACCCGGACGGGGTTCAGCGCTCGACCTTTTGGCCCGCGCCGGGGCCGAGACGCTCCTTCATCCAGTTGATCAGGCCGCCGTTTCGCAGGATGTCGACCTGTCTCGGCGAGAGGGAGTGGGTCACGAAGAAGGAGCGGCCGTCCGCACGGGCCTGGAGGTGCTTGCCGCTCTCGAGGCCGTCGAGGTCGATCGAGAGGGTGTCGCCCTTGGAGACCGCCTCGTAGTCGCCCGGATCGACGAAGGTGAGGGGCGCGATGCCGAAGTTCACCAGGTTCTGCGAGTGGATGCGGGCGAAGCTCTTGGCGATCACCGCGCGGAGGCCGAGGTAGCGCGGCGCCAGCGCGGCGTGCTCGCGGCTCGAGCCCTGGCCGTAGTTGCTTCCGCCGATCACGACGTGGCCGCCGTCGTCCCGCACCTTCATTGCGCGAGCCGCGTAGGTGGGATCGACCTGGTCGAAGGCGAACTCGCTGATCTTGGGGATGTTGCTCCGATAGGGGAGGACGGGGGTGCCGGCAGGGAGGATCTCGTCGGTGGTGAGGTCGTCCCCCACCTTGAGGAGCACCGGCACCGAGAGGTCGCGACAGCCGGGGTTCGCCGACGAGCCGATGTAGGCCTGGTAGATCGGCCGGCCCGCAACCTCGCTCACCGGGACCACGTCGCCGTGGCTCGAGGGGAGCGCGGTCAGCGCCCGCGCGTCGAGGCGTCGAGCTTCTTGGAGTCGTCCACGCCCGGGATCCGGCAGCCCTCGGGCAGGATCACCGCCGCCGCCACCACCGGGCCTGCGAGCGGGCTCATCCCGGCCTCGTCCACGCCGGCGACCCTCTGGATCCCCTCGGACCAGAGCGCGCGCTCGTAGCGCAGCATCGTGCGGAGCCGCTGGCCCTCTGCGCGGGCCTCTGCGCGGCGCCTCTCGATCGACTGGAGGATCGTCCGCGCCCCCGCCCGCGGATCGCACCTGAGCTCCTCCTCCGCCGCTGCGGTCAGGGGGAGGCCTTCGTCCAGGTAGCGGCGCTTGAGGTCTGCGAGAGGACGGCGATGGCTTGGCATGGCTACGATTCGCGCCACGGAGCGGAGCCGGGCGCATGGCGCCGCATTCTACATCACAGGCCGTCCAGGTTTCAGCCTCGGCCTCATTCTTGCCCGGCAATCTGCGTCGGAACCTCCAGTGGATAGCCCTGTGATCTCCTCCCCACTGCGCCGTATCCCCAGCAGTAGACTCTTCCCTCGTAGTCGAGGCCACAGCCGCTTTGGGATCCCAAGCCGATATCGACGAATCGGAGCTGTTCTGAAAGCAGGATTGGAGTCGACTCGTAGCAGAGGAAGATATCGTTCCCGTGGGGGCATGCTTCTTTGCCGAGCTGCGCGAAGGCATTGGAGCCCCAGCACCAAGCCCGAGCATCTTCAGCCAACCCGCAGGAGAATCCGAGCGATCCGAGCGAAACGGCCGTTTTGACGCGGGTGAACACGTGTCCGCCTTCGACAGGAATGGGAACGG
NZ_CP012332.1_gap17	627149	628112	963	GCGCACCCACTCGATCAGCGCGGCGTCGTCACGAAGGAAGGCCGCAGCGGGCGCGCGCTCCGCGGGCAAATCCCCACGGGCAGGTGCGGCGGCGAGTAAGAGGGCAGGGGCGAGGAGAGTCGAGATGCGGAACGTCACGGATGCACGGAGCTCCTGCGAACGGGTTCGCCGGCGCTCTTAGCAATCGTCGTGCCGAATCATGAGCCCTTGAAAATCAAGGGGTTTGGATAGGTCGGGCCGTCCCGCCTGAAAGTCTTTTGAGGTCCATCGGTCGTGCGGACTGAAAATGTGCTTCAGTGAGGCGACCGGGGCCGAGCTCTCCTTCCGCTAGCGAGAAGGGGCGGGTGGCGACCGCCACCACGCCCCTCGGTAGGGGAAAGGAGCCTGTTCCCCTATCAACCTTCGTCGGCGAAAACGCTCTCGGCGATCCGGAACTCGACGCGCCGGTTCTGGGCCCTGCCCTCCGCCGTCGCGTTGGACGCGATCGGACGGTCGGGACCGTAGCCCTCTGCCTGAAGCCGATCCGACTCCACGCCCTTCGTGATCAGGTACTTCCGAAGGGAATCGGCTCGGGAGCGCGACAACTTCAGGTTCAACGCGCGGCCGCCCCGGTCGTCGGTATGCCCTTCGATGATCAACTGCTGAATCTCCGAATGCTTCTGGAGGACCGACGCGAGCTCGTCGAGCAACGCATACGACTCCGGAGCGATCGTCGCGGAGCCGGTCACGAACTGGATCGAGCCGGCGATCTCGAGGCGATTCCGCTCGCGATCGATCTGCACGCTCTTCGGCTCGGGTTCCGGCTCGGGCTCTGCTACCAGGATCACCGGTTCGGGCTCCGGCGCGGGCTCCGGCTCCGGCTCGGCGGGAGGCTCGGGTACCACCTCCGCCTGCGGGGCGGGAAGCTCGACCGGTTTGGTCCTTTCACCGAACGGCAGCGCGACCGCCAGCAGAGCCCGCCAG
NZ_CP012332.1_gap18	638328	640217	1889	GATCGAGAGCACCCCGGAGCTGGTCCGCGCCGTATACGAGCGCACGCGCAAGAACCTGTCGATCGTCCGCGAGCGCCTGGGCAGGCCGCTCACCCTCGCCGAGAAGATCCTCTTCGGTCACCTGGACGACCCCAAGGGCCAGGACCTCGAGGCGGGCAAGGCCTACCTGCTGCTCCGCCCGGACCGCGTGGCGATGCAGGACGCCACCGCGCAGATGGCCCTCCTCCAGTTCATGCAGGCCGGCAAGGCGGAGGTGGCGGTGCCCTCCACCGTCCACTGCGACCACCTGATCCAGGCCCGGGTCGGCGCCCTCACCGACACGAACGTCGCCTCCACCGAGAACCGCGAGGTCTACGACTTCCTCGCCCAGGTCTCCGCCAAGTACGGCATCGGCTTCTGGAAGCCGGGATCCGGCATCATCCACCAGGTGGTGCTCGAGAACTACGCGTTCCCGGGCGGCCTGATGATCGGCACCGACTCCCACACCCCGAACGCCGGCGGCCTCGGCATGGCGGCGGTGGGCGTGGGCGGCGCCGACGCGGTGGACGTGATGGCGGGCTTCCCCTGGGAGGTGCTCCAGCCCAAGCTCGTCGGCGTGAAGCTCACGGGTGAGCTCAACGGCTGGGCCGCGCCCAAGGACGTGATCCTCAAGCTCCTCGGCATCCTCACGGTGAAGGGCGGCACGAACCGGATCGTCGAGTACTTCGGCCCCGGCGCCCGCGCCCTCTCGTGCACCGGCAAGGCCACCATCACCAACATGGGCGCCGAGCTCGGCGCGACCACGTCGGTCTTCCCCTACGACGCGGCGATGGAGCGCTACCTCCGCGGCACCGAGCGCGCCGCGCTCGCCGAGGTCGCCGGTGAGTACCGCGACCTCCTCGTGGCCGACGCCGAGGTCGAGGCGAACCCCGAGACGTACTTCGACGAGATCATCGAGATCGACCTCTCGACCCTCGAGCCCCACGTGGTCGGTCCCCACACCCCCGACCTCGCCCGGCCGGTCTCGGAGCTGAAGAAGGCCGCGATCGCCGAGGGCTACCCGACGAACCTCACGTCGGCCCTCATCGGCTCGTGCACCAACTCCTCCTACGAGGATCTCTCCCGCGCCGCGGCCCTCGCCGACCAGGCCTCCGCCGCCGGCATGAAGATGGCCGCCAAGCTGATGGTCTCGCCTGGCTCCGACCAGATCTTCGAGACGATCAAGCGCGACGGCCAGATGGCCTCGTTCGAGAACGCCGGCGCCACGGTGCTCGCGAACGCCTGCGGCCCCTGCATCGGGCAGTGGAAGCGCGAGGACATCCAGAAGGGCGAGAAGAACTCGATCATCACGTCGTTCAACCGGAACTTCCGCGCCCGGAACGACTCGAACCCCGAGACCTTCGCCTTCATCGCGTCGCCGGAGATCGTGCTGGCCTACGGCCTCGCCGGCCGCCTCGACTTCGATCCGCTCAGCGACGAGATCGTCCAGGGCGACAAGAAGCTCAAGCTGAAGGCCCCGGCCAAGGCCGACGATCTGCCCTCCAAGGGCTTCGTCCGCGCCTTCGGCGGCTACCAGGCCCCCGCGAAGGACGGCGCCTCCGTCGAGGTGAAGGTCGACCCGAAGAGCGAGCGCCTCGAGCTCCTCGCCGCCTTCGTCGCGCCCAAGGCCGGCGACTTCGACGAGCTGCCGCTGCTCATCAAGACCAAGGGCAAGACCACCACCGATCACATCTCGCCCGCCGGCCCCTGGCTCCGCTTCCGCGGCCACCTCGACCGGATCTCCGACAACATGCTCACCGGCGCCATCAACGCGTTCAACGGGGACGCCGGCCAGGCCGCCAACGTCTTCACGGGTGAGAAGGGCGCCGTCCCTGCCGTGGCCCGCGACTACAAGGCCCGCGGCAAGCGGT
NZ_CP012332.1_gap19	699369	702191	2822	GACAACACGGCCCAGATCTACTCGCCACCCTACCTCTTCAAGGGGCCGCGTCCGACGATCGCCTCGGTCGAGACGGACGTGGAGGCCAACTCGCAGCTCTCGATCCAGACCCCGGACGCTGCGAGCATCCGGCGGGTGGCGTTGATCCGCCTGGGATCGGTGACCCACGCTTTCGATCAGAACGCCCGCTACGTGCCGCTTTCCTTCGCCGCCAACCCGGGCGGGATCGTCGCGGACGTGCCGAACTACAACGTCACGCCTCCCGGCCACTACATGCTCTTCCTGGTGAACGACCAGGGCGTGCCTTCGGTGGCGACGACGGTGAGGGTCGGTCCACCGGCCCTCGCGCCGCAGAGGATCAGGTTGCTGACCCCGGAATCGGGCGAGAGCCTCACGCCAGGAGCGGCCTACCGGGTCACTTGGACAGCCCCTTCGACGACACCAAGGGTGAACCTCGATTATTCGACCGATGTCGGAGCGACCTGGACGAAGCTGATCCACTCCATCGTCAACCGTGGGTACTACGACTGGACCGTTCCGAGCACGCCCGCCTCCGCCATGCTGCTGAGGCTCTCTGACTCCGCCAATCCGGCTCTGTTCGGGGTCAGTCCGGGGCCGTTCGCCATCGGTGGGCCGGTGGCCCGGATGTTCTTCACGGCGCCCACCGTCGGTACGACGATCCCCGGGGGCACCGATTTCTCATTCGCGTGGACGTCGCCCCCTGGAGTCCCGAGGGTGAACTACGACTATTCCATCGACCATGGCGCGATCTGGAGGAAGATTTCGTACAACAACGTGAACCGGAGCACCTACACCTGGAGGGTTCCGGACATGAACGTCGACGGCGTGCTGATGCGGGTGAGCTCGACGAACGAACCGTCGATTTTCGGGGAGAGCCCGGCGTTCAGGGTCACGGGCGGACCCTTCGCAGTCGGAACGCCCGCCGCAGGTGTGACGCTGACCGCGGGATCGTCGTACGACATCACCTGGACTGCCCCCGGCTCGATCCCTCGGGTCGACCTGAAGTACTCCGCCGACGCGGGAGGGATCTGGAAGACGATCTCGGGGAAGATCGTCAACTCGGGACGGTTCACCTGGACGGTCTTCAACCTCGACTCGGCCACGGTTCAGGTGAAGGTGGTCGACTCGGCCGACGAGACGCAATTCGCTGTATCGGGGATGTTCACAGTCCGGAGGCCCTGAGCGGGGCTTGGCCTCGTCGGCGAGGAGCACACGAAGGCGACGCAGCCCTGCGGCGACCGTCCCGGCCTGCGGGCGAGCCTTTCACTGCCCGCGGAATCTTGCCGGCCCGCGACGAAGATGGGACCATGCGCCCGAAGCGCCGGGTCCGACGCGGAGGGGACGCGGGTGATCGTTACCTGCACGAAATGCAAGAGCCGCTACCGCTTTCCCGCGGACAAGGTGTCGAAGGCGGGCGTGCGCGCCCGATGCTCCCGCTGCTCCGCGGTGGTCGTGGTGCTGCCCGATGGCCGGACGGAGGCCGATCCTTCGCCGGCCCTCGCGAAGCACGCCGCGCCGGCCGGGCCCGTGCACCAGCCTCCACCGCCTCCGCCGCCTCCGCCGCCCCTGCCGTCGCAGACGGAGCTCCCGCCTGAGATCCCCGGCGAGGTCGCCGGGCCCTGGATGGATGCCGGCCTTCCCGAGCCGGCCCCTCAGCGCGCCGGGTCCTGGCGCGAGATCGAGCTGGACGCCGGCGATCCCGAGCCGGCTCCCGCGTTCGGCGGGTCCTGGAGCGAGGTCGAGATGGCCGCGGGCCTCCCAGTACCTGCCGTGCCGGCGCCCGACGTTGCGCCGGAAGAGGATCCCTTCTCCCTCCTGGCGACCGGTCCGGAGGAGTCGCCCTGGGAGGGCTTCAGCTTCGAGGAGGCTCCACGCAGTCCGGCGGCTCCCGAGCCGGCAGTGGTGCCGGAAGAGGCTCCGTTCGCTTCGATGCCGCCCATCGCGGCAGCGCCGCCGCCGTCCGCCACGATTCGACGTCCATCGGACGCCGCCGCCAAGAGGGAACCCAGGCGCCACGAGGCCAAGGCGTGGGGCTGGCTCCAGGCCATCGCCTTCGCCGGGCTCCTCGCGCTGGCCGTCGTAGCAGGGCTCGGCATCCTTTCGCCGGGCCTCGGCGTCGACGCGGGCCACGACCCGGTGGAAGTCGTCGCCGATTCGCTCGCGATGGGCCTCTATCCGTCCGCCAGCGCCGATGGGGCGAATCGGGTCTACGTCGTCGGCCTCGTCCGCTTCGACGGCGAGAGGCCCGCGGGGAAGCGGGTCCACGTGGAAGCCGAGCTGCGCGATCGGGCAGGGCGGACGTTCGCGAAAGCGGAGGGCTGGGCGGGCGGCGCCGCAGAACAGAACGCCGAGGCGGGCGATCCCGCCCCTGCGCTCCTCGAGAGCCTGCCGAACGGCGACGATCGCTTCGTCGTGGTCTTCCCGACCTCGAGCGTGCCGTCAGGCCCCATCAGGGCCCGGGCCGTCGCCACCCTCGTCGACGCCGCCGAGCTGCCGCGCGTCGGCGACCTCTAGCGGCAATCCCGCTCAACCTTCGCGGCGATCGTCCTTCCGGGGCGACCGGCTCCGCGACAGGCGCACCCCGATCGCTTCGCCGAGCGCCGGTACCTTGACGGCTCCGAAGATCAGGAAGACCACGAAACCGATGATGAGCAGCTCACCGAGATTGGGAAGCACCATGGGAACGTCTCCTGGATCGCGACTCTACCACGAACGGTTCCACCGCACCGATCGCCCCATGATCTACGCCCACCGGGGCGCGAGCGCGATGCAGCCGGAGAACACCTGCGCCGCCTTTGCCC
NZ_CP012332.1_gap20	710897	712138	1241	GCCGAGATCATCAGCCCGGCGATGATCAGGATCACCAGGGTGAGGAGGAAGGAGAGGCGTGGCACCATCAGGAGCTGGGCGCGGTTCAGCAGGTGCCGCCCCACGTAGCCCACGGCGACCACGAGGCCGAAGAGGACCAGGCCCCAGGGGACCCCGGACTCCCGGAAGGCGAGGGAGATCAGGATCGGCATGAAGGTGCCGAAGGTGGGCACGCCGATCAGGTTGCGGAAGATCGTCACCACCAGCGCGCCGAGGGGCACGAGGAGGAGGACCTGGAAGAGCAGGCGGGTCTTCACCGGGAGTGAATAGAGCGAGAGCTTGTCGAGGAGCCGGTCCGACTTCTCGATCTTGCGCTGGTAGATCTGAAACTGCGCCTCGCGCTCCCGGAGCATCGAGACCTTGAGCGAGGCCCTCTCGACCCCCACCGGATCGAGGGGCGCGGCGTCGCCGACGTGGAGGACCAGGCGCTCGCCCAGGGGCTGATCCAGCCCGAAAAGCGGATCCATCGGCCAGAAGCGCCCGTCCAATCGCGCCTCGACCCAGTGGGTGACCTCCGCGCTCCCCTTCTCCGACAGGGCGACGCCGGCGACGACCTGCGCCGGGATCCCTACCGCACGGAGAAGGGCCACCTCGGCGCGGGCCTTGCCGTGGCTGCCGCCCCGCTCACGCTGGAGCACGGCGAGGGCGTCCTGGGGGCCGTCGTGGCCGTCGGTGGTCTCCACGTCGCCCACGATGAACTCGTGGATCTGGCGGACGGCCTGTGCGCGATCCGCCCGAGAGATCGCGAGCTCCTCGAGGAGGGACGCGACCTGCTCGGCGTCGCTCTGGATCGCCTCCTCGGGGGAGAGGAGCGGCGCGAGCTGCCGGGCCTCCGCCTCGCCCATGGGCGGGAGCGACTTCGGCAGCTCCGTGTGTGGCGAGGGGAGGAGCTGGGCCGAGAAGCGGTAGGTGAGGCGCGAGCCGTCGTCGAGCTTGCCGAGAGCGACCGCGACGCGGTTGCCCTCGCGGGGGCGGATGAAGAAGCGCATCCCCTCCGCCGAGACGCGCTCGTCGTAGATCCGCTGACCTGGGCCGTCGGCCGGGAGGAAGAAGGTGATCCGGGTCTTGTCGTCGGGGTTGGTGAGCCGGACCTCCATCTGCACCGACCAGCGGTCGGGCGCGGGTTTGGGGACCAGCTCGTAGCCCAGACCGATCACCTTGTAGGCGATGAGGCCGGCGGCGATGAGGATGAAGCCGACTGC
NZ_CP012332.1_gap21	721060	721848	788	CGCCGCCCTTGCGCGACTCGATCTCCTCGCCGATGAGCTGCAGGCCCCGGCTCAGGGTTCGCCGGAACCCGGACTCCTCGTTGCGCGCCACCTCGAGGATCAGCTTCTCGCCATCGCGGAGCTCCGGGTAGGCGGCGTGCATCTCCGCGATCACCGCCGCGCAGACCTCGTGGAAGAAGAGCTTGTCCAGGCCGAGGGTGGTGCCGTGCCGGATGGCCCGGCGCATGATCCGGCGGAGCACGTAGCCCCGGCCCTCGTTGGAGGGGAGCACGCCGTCGGCCACGAGGAACGCAGCCGCGCGCGCGTGGTCGGCGACCACGCGCATCGAGGTCTTCTCGCTCTCGGGTGCGGTGTCGTAGGTCTTGCCGGCCACCCGCCCCACGGCGGAGATGATCGCCTGGAGCAGGTCGGTGTCGTAGTTGGTGCGCTTTCCCTGCAGCACGGCGGCGAGGCGCTCGAGGCCGGCGCCCGTGTCGATCGAGGGCCGCGGGAGCGCGCTCATCTTCCCTTGGGCGTCGCGCTCGAACTGCATGAAGACCAGGTTCCAGATCTCCATCCAGCGGTCGCAGTCGCAGGCCACGCCCTGGCACGGGCGCCCGGCGGCCTCCTCCTGGCAGGGGACGTCGGCGCCCTGGAAGAAGTGGATCTCCGAGCACGGTCCGCACGGGCCGGTCTCGCCCATCATCCAGAAGTTGTCCTTCAGGCCCAGGCGGATGATCCGGTCGGGGGCCACGCCGGCGACCTCGCGCCAGATGTCCTCGGCCTCGGTGTCCGCCGGGATCTCGGGG
NZ_CP012332.1_gap22	734539	735267	728	CTCGATCCCCGATCTGCTCCAGCTCTTCCAGGCGTCGAAGAAGAGCGGCGTGCTCCGCCTCACGGACGGCTCGCGCGAGGCGATGGTCCACCTGCGCAAGGGGCGGATCGTCTTCGCGGAGATCGTCGGGAAGGAGCACGTCGATCCGCTGAGGTCCATCTACCGGATCATCGCCTGGACCACGGGCGACTTCGAGCTGGCGCCCGCCGAGGAGCGGGAGTTCCCCGCGGAGCTCGAGGAGAGCACGGAGGCGATCCTCATGGAGGGGAGCCGCCGCCTGGACGAGCTTCGGCTCCACGCGCTCCCCCCGAGCGGCGACCGCATCGTCTTCGTCGAGCCGCTCGAGCCGCTCCTCCGCGATCTCACCCCCGACGAGCTCGACGTCCTCCAGCTCGTGGTGAACCAGGGAGAGCTCGACGCGATCCTCGATCACTCGACCGTCGGCGACCTCGAGACGGCCGCCCATCTCGCGAGCCTCATCGAGAGGGGCTACGCCCGCGCGCTCTAGGATGCCTTTCCGGGCTGCCGCCGTCCTCCTCCTCGTCGTCCTCTCGATGGGCGCGACGGCCGTCGCGACGACAGCGCATCCGGCGGCGCTGTCGAACGCTGCGCCCGTGTCGGCTCCAGCGGAGGTCGGAGCCCATCCTTCCGCGACTCGTTCTCCTGCGGACGCCGGAAATGCGAAGCCCGCCCGGCGCGGGCTCCGCGTGGTGATCGATCCGGGCCAT
NZ_CP012332.1_gap23	780884	784680	3796	GTACCACCTCGGCTACTCGAACGATCGGGACGTGGACGGCAAGAAGGTCCACCTCTCGCTCTCGTTCAACCCCAGCCACCTAGAGTTCGTCGACGCCGTTGTGGCCGGCCGCGTCCGCTCCAAGCAGGACCGCCGCAAGGATCTCGAGCGCCGCAAGGTGCTCCCGCTCCTCATCCACGGCGACGCGGCCTTCGCCGGCCAGGGGATCATCGCCGAGCTCTTCAACATGGCCGATCTGCCGGGCTATACGGTCGGCGGCACGGTCCACGTCGTGGTGAACAACCAGGTCGGCTTCACCACCGACCCCCGGGACGCCCGCTCGACCCGCTACGCCACCGACGTGGCGAAGATGCTCCAGATCCCGATCTTCCACGTGAACGGCGAGGATCCCGAGAGCGTGGTGCAGGTCGTGCAGCTCGCGACCGACTTCCGCGCCCGCTACGGCAAGGACGTGGTGATCGACCTCTGGTGCTACCGGAAGCACGGCCACAACGAGGGCGACGAGCCCACGTTCACGCAGCCGGAGATGTACCGGAAGATCCACGAGCATCCCTCGATCCGCGAGCAGTTCGTGAAGAAGCTCGAGTCCCTCGGGCAGGTCACGCCGGAGCAGGCTGAGGAGATCGCGGCCGCTCGCCGCAAGGTCCTCGACGAGCAGCTCGCCGAGCAGCGGAGCGGCCACAAGCGCAAGCGCCCCTCCGCCATGGCGGGCCTCTGGGCGAAGTACGCCGGCGGCTTCGAGCGCGACACGGCGGACATCTCGACCGGCGTCGCCCTCCCGGTGCTCCAGGACCTCGCGGCGAAGCTCACCATGCTTCCCCCGGGCTTTACCGCGCACCCCAAGATCGTGCGCTTCCTCGAGCAGCGGCGGGAGATGGGCGAGGGGAAGCGGCCGCTGGACTGGGGCATGGGCGAGGCCCTGGCCTTCGCGACCCTCGTCGACGGCGGCACCCGCATCCGGCTCTCGGGCCAGGACTGCGAGCGCGGCACCTTCAGCCACCGGCACTCGGTGCTCCACGACTACACCTCGGGTGGGACCTACACGCCGCTGAACAACCTCCGAGAGGGGCAGGCGGACTACGAGGTCCGCAACAGCCCGCTCTCCGAGGTCAGCGTCCTCGGCTACGAGTACGGCTACAGCCTCGACACGCCCGACGGCCTCACAATCTGGGAGGCGCAGTTCGGCGACTTCGTCAACGCCGCCCAGGTGATCATCGACCAGTTCATCGCCTCCGGCGAGGACAAGTGGCACCGCCTCTCCGGCGTGACGCTCCTCCTCCCCCACGCCTTCGAGGGGCAGGGGCCCGAGCACTCGTCGGCCCGCATCGCCCGCTGGCTTTCGCTCAGCGCCGACGACAACATGCAGGTGTGCAACGCCACCACGCCCGCGCAGTTCTTCCACCTGCTGCGGCGCCAGGTGCTGCGGCCCTTCCGCAAGCCCCTCGTGGTGTTCTCGCCGAAGAGCCTCCTCCGCAACCCCGAGGCGGTCTCGTCGCTCGAGGAGCTGGCCACCGGCGAGTTCCAGCGCGTGATCGACGATTCCCTCTTCGCCGCTGGCGGCGAGGGCGACGCCTCGAAGGTGCGCCGCGTGCTGCTCTGCACGGGCAAGGTCTATTACGAGCTCCTCGCCGAGCGGCGCGACAAGAAGCGCGAAGACGTCGCCATCGTGCGGATCGAGCAGCTCTACCCGAACCCGATCGCGGAGATCGAGCGCACCCTCGGCCGCTACCCGAACATGGCCGAGCTGGTGTGGGTGCAGGAAGAGCCGGCCAACCACGGCGCGTGGCTCCACATGTGGAACGCCCTCGTCAACAGCGGGATCCTCCGGGTCCCCCTCGCGCAGGTCACGCGTCCCGCGGCCGCGAGCCCCGCAACGGGCTCGAACGCGAGCCACAAGCTCGAGCAGCGGCGGATCATCGAGACCGCCTTCGCTCCCATCCAGTTTTCCTCCCGCTGAAGAGAGAAGAAGATGTCGGTGAACGTGACCGTACCGTCCCTCGGGGAGTCGATCGTCGAGGCGGCCATTGAGAAATGGCAGAAGCAGCCCGGCGACTACGTGGCCCGCGGCGAGACCATCGTGACGGTGGAGAGCGACAAGGCGACGCTCGAAGTGCCCGCCCCGGTGGGCGGCATCCTCCGCAAGGTGCTCAAGGGCAATGGCTCGTCGGTGAAGATCGGCGAGACCATCGGTGAGATCGAGGAGGCCGAGAAGCCCTCCGCCGGTGCACCCGCCGCCAAGGCCGAGCCTGCCGCGCCCAAGCCGGCGGCGCCCACGCCCGCCGCTGCCGCGCCGACGCCGGCTCCGGTGGTGCACGCGCCTGCTGCGCCTTCCGCGGCGGCTCCCGCCGCTGGCCCCGCCGCCAGGCGGATCATGGCCGAGGCCGGCCTCGAGCCCTCCGCCGTCGAGGGCACCGGCCCCGGCGGCCGGATCCTGAAGGAGGACGCCCTCCGTCAGGCCGAGGGCAAGGCGGAAGCCAAGGCCGAGCGCAAGGCCCCCGCCGCTCCGGCCGGCCTCCCCGCCGTGGCCGCGATCCACGCGGGCCGCGAGGAGCAGTCGGTGGCGATGACGCCGCTGCGCCGGACGATCGCGCGGCGGCTCCTCAGCGCCAAGCAGAACACGGCCATGCTCACGACCTTCAACGAGGTCGACATGACGCAGGTGATGGAGCTCCGCGCCCGTCACCAGCCGCAGTTCCAGAAGCGCTACGGCATCAAGCTCGGGATGATGTCCTTCTTCGTGAAGGCGTCGATCGAGGCGCTCAAGGCGTTCCCCCTGGTGAACTCCGAGATCCGCGAAGACGACATCATCTACAAGAACTACTACGACCTCGGCGTGGCGGTCGGCGGCGGCAAGGGCCTCACGGTCCCCGTGATCCGCGACGCGGACATGCTCTCGTTCGCGCAGACCGAGCAGGTGATCGCGGACTTCGGCGTTCGGGCCCAGGCGAACAAGCTCAAGCTCGAGGAGCTCCAGGGCGGCACGTTCACGATCTCGAACGGCGGCATCTACGGCTCGATGCTCTCGACGCCGATCCTGAACCCGCCGCAGAGCGCCATCCTCGGGATGCACAACATCATCAAGCGGCCGGTGGTCGTCGACGACCAGATCGTGATCCGCCCGATGATGTACCTGGCCCTCTCCTACGACCACCGGATCATCGACGGCCGCGAGGCGGTCCAGTTCCTCATCCGGATCAAGGAGTGCCTCGAGGCGCCCGAGCGGATCCTGCTCGAGGTCTGAAGCAGGCCCCCTTCGAACGGCCGCGCGCAGCCAGGAGCTGCCGCGGCCTTTCTCTTGTCCGAGGCCGCGCGAGAGCCTCGAGAGGCGTGAATCGTGGAGACATTCGATCTGGTCGTGATCGGGGCGGGCCCCGGCGGGTACGTGGCGGCGATCCGGGCTGCGCAGCTCGGAATGAAGGTCGCGTGCGTCGAGAAGGAGAAGGCCCTGGGCGGCACGTGCCTGCGGGTGGGGTGCATCCCCTCGAAGGCGCTGCTCGAGGCCAGCCACGTATTTGCTCACACGAAGCACGGCGCCGAGAAGCTCGGCGTCCGGGCCTCGGGCGTGGAGCTCGATCTGCCGACGATGCTCGCCCACAAAGACGCGGTCGTGAAGGCCAACACCTCGGGTGTCGACGGCCTCTTCATGAAGAACAAGGTGAAGCGCGTCCTCGGCACGGGCCGCATCACCGCTCCGGGCAAGGTGTCGGTGCGCGGCGCCGACGGCTCCGAGCAGACCCTCGAGGCGAAGCGGATCCTGATCGCCACCGGCTCGGCGCCCGCCCTGATCCCCGGCGTC
NZ_CP012332.1_gap24	847413	849627	2214	TCTGACCGCTATCGTTCATCGTTGCAGGATTGGCGCCCGCCGCCACGTAGGTATCCTTGTAGCCGTAGTACGCGATCTCGGAGGTCTTGATCGCGGACAGGTTGACGGCCGCCTCGCCCGACTTGGCGCGGAGCTGGTAGCGGAGGAAGTTCGGGATCGCGATGGCGGCCAGGATGCCAATGATGGCCACCACGATCATGAGCTCGATGAGGGTGAAGCCGCGGGCGTTCTTCTTCAGCTGGTTCACGTTCGTCTCCATTCCTCGCCCATCTGTTGGATGGCCGCCGTAAGGCTGCGGACCTGGGCGAGACGGCCTGCGCTCTGTGCAGGAGGGGTGCCAGCATGCGGGCAGGCGGCCAAGCGGTCAACTTTCCTGCATTTCGCGCCCGTCTTGCTGCGCTGGGCTGCCTGGAAGCGTCGATCGCTCGCTGGCTTGTGCCGTAAAACGTCAGCCACCGTGCACCTTAGGCTCGCCGGTCGGAAAGGCCCTTGCGCCTTCCGGCTGCCCTTCGCCCCAGAAAATGGGCGATAGCGGACATCTTGGTATAGCCTCCCGCTCCGGAGAAGGAGGCGAGATGCCGGACGAAATCCTCGTGACCCGCGGCCTGACCAAGGTTTTCCACCTCGGCCTGCGCCGCCGGAGGGTAGTGGCGGTGCAGGGACTCGACCTCTCGGTCGAACGGGGCGAGATCTATGGCTTCCTTGGGCCAAACGGAGCGGGGAAGAGCACCACGATCAAGATGCTGATGGGCCTCATCACCCCCACGTCGGGAGAGGCCTCGATTTTCGGTCAGCCGATCGGCGCGACCCGCGCCCGCGCGCACCTGGGATTTCTTCCGGAGAACCCCTATTTCCACGACTTCCTGACGCCCGAGCAGCTACTGGCCTTCGCGGGCCGTCTCGGTGGGCTCTCGTCCTCGACGCTGGCCGAGCGGATCCCCCGGCTCCTCGACCTGGTGGGACTTGGCAAGGCTCGGAAGATGCCGCTGCGCCGCTTCTCGAAGGGCATGGTCCAGAGGGCGGGCATCGCCCAGGCGCTCGTCGGCGATCCTGCCCTCGTCGTCCTGGACGAGCCCATGAGCGGTCTCGATCCAATTGGCCGCAAGGACGTCCGCGAGGTGATCTTCCGCCTCAAGGAGGAGGGGAAGACGGTCTTCTTCTCGTCGCACATCCTCCCCGACGTGGAGGCGATATGCGACAGGGTGGGTCTGATGCTCCACGGCAGACTTCGCGAGCAGGGTCGCCTCGACGAGCTCCTCACCGCCCGTGCCCGTGCCGTGGACGTGATCGCCGAGGCGATCCCGGCGTCTCTTGCCGCCAGCTTTCGCGAGCGGGCGATGCGCTCTCTTCCGAAGGGCAACGGCTGGGCGCTCACTTTCTCCGAAGAAGCGGAGGCCGATGAGGCGGTCCGCGCCCTCGTTCTCGGCGGTGCCCGAATCGTTTCGGTGGCCCGCCACCGCGAAACGCTCGAGGACCTCTTCATGCGCAAGGCCGACGAGGCCGGTGCCGCCCACGCGAGGGGCGAGGAATCGGCCTCGGCGTAGCTTGAATCGCGATCGAGCCGGCTACCGGCGGCTGCAAGATCCAGTTGTAGTCGGAGGTCCCTGTCGGTGTAGGGGATCGTAACTGCGCCTGTCGTGCGTTTCGCTCGAGCGTCCGCATGGACACGGCTGAGCTTGGTTCGATATCCTACACGATGGGCGGGATACCGGTGACGGCGACCCCGGCGGCGTTGGGCGAGACGCCGCGCGGGCCCATGTAGGACAGACGGTTGTGCGCGGCACTCCCCGCTGCGCTGGCGGAGTCGTGCGTGGATCGAGAAGGTCTTCAGGATCTTGGCGGTGGCGTCGCCCTCGGCGCCGTCGAGCTCATGCCCGTCGTCGAAGCTGAACTCGGGCAAGAGGCGGGTGTTGCCGAGTCCGCGCGAACGGACCATCACCGCGCCTGGGCCGCCCTCGTCCACGTCTTCGCCTTCGTGCTCTTCGTCGGCCTCCTCCGGGCCGAGACGGCGGCGACGTGGGGAATCGGGACCTGGATCGGCCAGGTGCTGGGCGCGATGGGCGCCGTCCTCCTCCTTGAAGCGGCGCTCCTCGCCGTTGAGCGGGTGCTGCCGTCTCGCGGGCTGCGCATCGTGGTCCGGGTGGTGGTCTGTTCGGCGCTGCTGATCGATCACCAGTTCCGCCTCGAGACGGGCAGCGCGATCAATTTCGAATA
NZ_CP012332.1_gap25	867915	869962	2047	ACCGGGCGCTCGCCCGCCTGCAGGTGAACTTCCGCGCGGACCCGAAGGATCCGACGACGCTAGGACTGCTGGCGCGTGCGTTCGTCGATCTCGGACAGAAGACGAAGGGCGTCTCCGCCTACAAGGAGCTCGCTCGGGTTCTTCAGGAGACCGGGCGGGTCGGCGAGGCGGGCGCCACCTGGTTGAAGATCCTCGAGCTCGCGCCGGCGGATCCGGACGCCCTCGCTGCGGTGGCACACGGCGGAGCGAGAGCGGCCCCCGGAGCCCCGGCTCCTGCGCAGGCGCCTTTCGGCGCGCCGAGCGCGGCGCTGTCGTCTGGGCCGTTCCGCACGCCGGGCGCGCCCTCGCCGCCCTCCCTTTCTCGGGGGCCGAGCGCGGCGGTGTCGTCCGGGCCACTCCGCACGCCGGGCGTGCCGCCGCCTACGCTCTCTCGCGGGCCGAGCGCCGGGGTGTCGTCCGGGCCACTCCGCACGCCGGGCGTGCCGTCGCCCCCCACGCTTTCTCGCGGGCCGAGCGCGCCCTCGCCGCAGCCTACGCCGACGGTCGTCCTGCCGCCGGCAGCCGCCCGGCCGCGGACCCCCGGGCCTTCCGCGGTGAGCGCTCTCAGCGCCGGCCCGCAGTCCAAGCTGCTCGCCGAGCTCGACGTCTACCTGAAGTACGGGCTCCGCGACAAAGCCGTCGCCCATCTTCGGACGCTCCTGGCGTCGGATCCAACCTCGATCGACGTCCACGAGCGCGCGATCCAGGTCCATGCCCTCACGGGCGACGCAGGAGCGCGTCGCGATTCGATGGTCGCGGTGGTGCGGCTCTGCGCCGAGCGGGGCGAGCTCGAGCGCGGTCGGAACTGCCTCCATCGGCTGATCGACGCCCTGCCGGACGACCCGGAGCTGGACGAGCTGGTATCGCTCTATTCCTCCGGTGCACCCGCGGCCTCGGCGCCGGCGGAGGCCTCGGTGGTCCTCGAGCTCGGCGACTTCGGCGCCACGCCCGGGGTCGCGTCGCCGATCGCCGCCGTTCCCGTGGAGGAGGCGGAGGACTTCGTCGAGGCCGAGGGAGACGACGAGCTCCTGCTCTTGCCGGACGGCGTCGAGGACGAGGACCTCTTCGTCGCGCCGGACGCTCTCGACGACGAGGCGCTGCTGGTCCCGGAAGGGGACGAGGAGATCTTCGGGCTGGCGTCGAGCGACGGCGCCGCCGATGACGAAGAGCTCTTGCTGATCGCCGGCGACGAATCGGAGGACGAGGTCGTCGAGGAGAGCTGGGGTGGGGCCGACGAGGCTCTGGCTGCAGCCGAGCCGCTCGCGGCGAACGACGACGAGCTCCTGTCGATGGTCGCCGACGGCGTCGAGGAGGAGCGACGGCTCTCTCTCGGTCTCGATGTCGATCCGCCGACCGAGGACGCGGAGGACGACGACGCCCTCCTGGCGGTCGACGTCGACGTTCCGGAGACGGTCGATCCCCTCGAGACGGCAGGCGGCTTCGACGCCCCCTTCGCCGCGACGCGGGTCGAGATCCCGGCCGGGGGCTTCGACTATGCTGCGACGCGGGTCGAGGGTCGCGCTCGGGACTTCTCGCACGCCTACGCAGCGACGCGAGTCGAGGCTCCCTCTGCGGTCTTCGAGCCTCCTTTCGCCGCGACGCGGGTCGAGATGCCGGCCGGGGACTTCGAGGCCGAGTCGGAAGGCGGGCTCCCGCCGGATCCCTTCGAGTCGACGGCGGTGGAGGAGGACTTCCCGTCGAGCGAGCTCGCGCCCGCTACGGCTCCCGCCGGGGCCCTCGCGCCCAGCGAGCCCTCGGTCACCGAGGTCGCGCCCCCGCCAGCGCTCGCCTCCGTGCGCGAGCCCGAGGCACCGCCGCCGGCCGCTGCCGGAGCCTCGAGCCACGACGACGGCTTCGGTCTCTCCGATCACTTCGACTTCGCCGGCGATCTCACGGCCGAGCTCGCCGACGAGTGGAAGGACGAGGCCAAGGCCCCGGACTCGTCCAAGGACTTCCAGTACTCGGTGGACGACGTCCTCGCCGAGTTCAAGAAGGGCGTCTCACGTAC
NZ_CP012332.1_gap26	880595	881513	918	GAAGGCGCCGGGCTCCTTGGTGAAGTGCTTCACCAGCTCGTCGGCGAAGCGGTGGCCGATCCGGCGGGCGTCGGCGCGGCGGCCCTCGAGGGTGCTGCCCAGGTCGAGGCGCTGGGAGGCGATCCCGTAGAGCTTGAACGAGGCCTTCGGCCCCTGTGCACCCTTGGTGACTTCGAACTTCACCAGGCTCTCGGCGCCGACGTCGGACCACCGGGTCCAGGCGATCCCCTCGGGGCCCACGGGCTCACGGGGATCGGCGAGGAAGGCCTTGCGCGGCACCACTTCGAAGAGGCCGCTGACCTGGAGGTCGAAGGTGAGGGCCTCGTAGATCTCGTCGGCCGCGGCCGCCTCGTCGCCGACGGCGATGGGAGGCGCGATCGCGATCGGCAGCGGCCGGAAGGACGCGCCGGAGATCTCGAGGACCGGCTGGCTCGACTGCGCCGGGGCGAGGGAGGGGGCCGCGACGAGAAGGGCGGTGACGGCAGAGGCGAGGATGCGCAGCAACTCGGTGACTCCTTGGCGGTAGGCCATTCGGACGGCGTTCCTATCACAAACGCCGCGGCGAGCGCCTTTACGGGCGGAGAACCAGGCGGGGAGGCGTGCATTCCCGGCGGGGTTCTGGGAAACCGGGCCCCGATCGGAGTCGGGGCCCGAGCCCGTTCCTCCAGGGACCCGAACCGGGCTCACATCCGGAAGCGGACGGCCAGGCCCTTCAGCATCGAGAGGAGGTGGTCCGGGGGCGGCGGGAGAGGCGAGGCCTTCTTCACGGCGGACTCCAGCGCCGCGTCGAAGCTGCCGTTCCCGGACGGCTCGCTGATCTTGAAGCTCGAGATCGTCCCGTTCCGCTCCACCCGGATGGTGACCACCGCGACCAGTCGGACCCGCTCCGCGTCGGGGATGGTGGACGGAACGATGTAG
NZ_CP012332.1_gap27	883932	887710	3778	AGAAGCGCGTGGACGGGCATCCGCCCGCCGGTGGAGTCAGGTGATGGGACGAGCGATCGGCGTCTTCGACTCGGGGGTGGGCGGCCTCACGGTCCTTCGGGCGATCCGCGAGAAGCTGCCCCACGAGGCCACCGTCTACCTCGGCGACACGGCCCGGGTGCCCTACGGATCCAAGAGCCCCGAGGTCGTCGCACGCTACTCGCTGAACAACGCGCGCTTCCTGCTCCAGCACGACCTGAAACTCCTGGTGGTGGCCTGTAACACGGCCACCGCCCACGCGCTCCCGGCGCTCCAGGCCGCGCTCACGGTCCCGGTGATCGGCGTGGTGGAGCCCGGCGCACAGGTCGCTGCAGCGCTCACCCGGAACGGCCGAATCGGCGTGATCGGCACGGCGGGCACCATCGCCTCCGGCGCCTACCAGCGCGCCCTCGAAGCCGCGGCGCCGGGCGCTACCGTCTTCGCCTCCGCGTGCCCGCTCTTCGTGCCGCTTGCGGAGGAAGGCTGGACCAGCGGCGACCTCCCCCGCGCCGTGGCCGAGCGGTATCTGGGCGCGCTTCGGGGCTCGGTCGATACCCTCGTGCTCGGCTGCACCCACTATCCGCTCCTGCGCGGCGCGATCGCCGAGGTGATGGGGCCGGGGGTGACGCTGGTGGACTCGGCGCAGGCGACGGCCGCCGCCGTGGCCGAGCGGCTCGCGGCCTCGGGCGACCGCGAGACCGGCGGCGATCCCTCGCACCTCTTGTACGTGACCGACATCCCCGCGCAGTTCCCGTCGATCGCGGAGGCCTTCCTGGGCAGCAGGCCCGAGCACGTCGAGCAGGTGGACGTCTAGGTCGAAAACCGGCAGCGGGGCAGGGGGATACGACTTCCTTGACGGGGCGGTGGAATCGGCTGACCATCGGACGCGGTCGCGATCCGTCCGCGTCCTCGGAAGACCATGGCCGCCCCCAAGAACTTCGTCACCGGCTTCAACCACAACGTCCGGCACAACGGGCAGGGGTACCACGTCCAGACCGAGGACTCGGGCGACGAGATCGCCCACGTGATCACCCACCTCTTCCAGGGTGGGAACATCCTCGCTACCAAGAAGTCGTCGTATGCGGAGCTGCGCGGCGAGCCGGACCTGAAGGCGAGGGTGCGCGCGCTGATGGAGGAGCAGCACAAGAAGATGCTCCGCGAGCTGATCGCGGGGGCCTTCGACTCCCTCGTCGCTCCGTCTAGCCCCGCGCCCGCCGCCCCGCCTGTCTCCGCGCAGTCCCCGGGACCTCGGTCTTCGCCGCCGGCTTTCGCGCAATCGCCGGGACCGCGTTCCGCGCCGCCGTCCTTCTCGAAGACACCTGGGCCTCTCGGCGCTCAGCCGGTCTTCGCGCAGTCGCCCGGGCCGCCGTTGGCCCACAGCGGCGCGAATTCGCGGCCGTCGAGCCCGTGGGGGCGAGTCCCTCTCTGGCCCACGGCCCTCGAGGCCGCCGCCATGGAGCGTGGATCGCCGACTGCGGGGTCCTCCCCGAAGCCGACTCCGACCTTCCCGGCTCCTCCCGCTCGTGCCTCGACTCCGCCCGTGGCTCCTCCGGTGCTGACCCCGGCGGCGAAGGCCGCGCCCGCCACGCCGTTTCCGATCCGGGGCTTTCCCGGCGGGAAGCTCCCGGAGCCGACCCCGGGCCCCGGCGTGTGGCGGAACGAGCTGCCTGCCGAGACGATCCACGTCGACGATCTCGCCTCGGAGAAGAGCCTGGATCAGGCGATCCTGCGCTACCTCGCGGGCGAGCGGGACGAGTAGGGACGTCTGCCACCCTACCGCCGGCCGCGGTGGTTGAAACCGAACGGAGGCGCTGCTAGGTTGCGCCGCCTTCGGCCCTCCCTCGCCGAAGCCCGCGAAAGGCAAAGACGCCGATGTTCCCAGCGAATCCCGAGCGACCGCTCGCGCAGACCGCCTCCGATCCCGCGGCAATCGCCCGCCTCGTCGAGATCGCCCGCCGGATGCGGATCGACATCATCGAGATGCTCGGCAAGGCCGGCTCCGGCCATCCGGGTGGCAGCCTCTCCGCCATCGACATGGTGACGGCCCTCTACTTCGAGGTGCTGCGCCACGACCCGAAGAACCCGGCCTGGGACAATCGGGACCGCTTCGTGCTCTCCAAGGGCCACGCCGTCCCCGCGGTCTACGCGACCATGGCGGAGGCGGGCTACATCCCCCACGACGAGCTCGCCACGCTTCGCGAGCTCGGCAGCCGGCTGCAGGGGCATCCGGTGACCTCCTTCGTGCTCGCTCCGGGTGTCGAGGCCTGCACCGGCTCGCTCGGCCAGGGGCTATCGGTCGCCCAGGGGATGGCGCTGGCCTCCAAGTTGGCCGGCAACCCCTTCCGCGTGTACGCGATGATGGGCGACGGCGAGATGCAGGAAGGCCAGGTCTGGGAGGCGCTGATGAGCGCGCCCAAGTTCGGCCTCGACAACCTCGTGGGCATCCTCGACTACAACAAGGGCCAGATCGACGGTCCCACGGACGAGGTGATGAGCCTCGAGCCGCTGATGGACAAGCTGAAGGCGTTCAACTGGCACGTGCTCCGGGTGAACGGCCACGACATCGGCGCCTTCCTGGGCGCGATCGCCGAGGCCCACGCCACCAAGGGCAAGCCGACCTTCATCGTGGCCGACACGGTGAAGGGCAAGGGCGTCTCCTTCATGGAGCACAAGATCAGCTGGCACGGCTCGGCCCCCAACGCCGAGCAGGTGAAGCAGGCCGTGGCGGAGCTGAACGCCGCTCGCTAGAGCGAACACTTTTTCGCCGCTCTTCGAGAGCGGCGCCAATGGACGGTTTCACCATGAGCACCAAGAAGGCCACGAGACAGGCGTTCGGCGAGGCCCTCGCGAAGCTGGGCGAGACTCGCACCGACGTGGTCGTCCTCGACGCCGACCTCTCCGTCTCGACCAAGTCCGAGCTCTTCGCCAAGAAGTTCCCGGACCGCTTCTTCGAGATGGGGATCCAGGAAGCCAACATGCTCGGCACGGCCGCCGGCCTCGCGCTCGCGGGCAAGGTGCCGTTCTGCTGCTCCTTCGCCTGCTTCGTGACGGGGCGCTACGATCAGATCCGCGTGTCGGTGGCGTACTCCGGCGCGAACGTGAAGATCGTCGGCACCCACGCCGGCGTGGCCATCGGCGACGACGGCTACTCGCAGCAGGGCCTCGAGGACGTCGCCCTGATGCGGGCGATCCCCACCATGGCGGTGGTGCAGCCCGCGGACGACCTGGAGACGGCGGCGGCGGTGGAGTACCTCGCCTCGCACGTGGGCCCGGCGTTCCTCCGGCTCACCCGCCAGAACGTCGAGCGCGTCCACCCCGAGGGGTACCGCTTCCAGTTCGGCAAGGTCGACACCCTGCGTGAAGGCACCGACGCCGTGATCTTCGCGTCCGGCGGCCCGGTTGCCCCGGCGCTCCACGCCGCGGAGGCCCTCGCGGAGGACGGCTTCTCGGTGCGGGTGGTCAACGTGCACACCATCAAGCCCCTCGACGTCGAGGGCGTGGTCGCGGCGGCGAAGGCCTCCGGCGGCAAGGTGATCACGGTCGAGGACCACACGGTGATCGGCGGCCTCGGCGGCGCCATCGCCGAGTGCCTGGGCGAGCACTTCCCGTCGAAGCTCAAGCGCATCGGCGTGCAGGACGTCTTCGGCGAGTCGGGTGCGCCCGACGCCGTCGTCGCGAAGCACGGCCTCGACGAGGCCGGGATCACGCGGCAGGTGCGCGAGTTCCTCAAGGGCGCGTAAGTGCCCGAACGGCGCGCCAG
NZ_CP012332.1_gap28	899231	902272	3041	GACGGCTCCCTAACGACTCTCGCGCCAGCCGACCTTTCCCGGCGTGGCGTCGATCCGGACCGCGACCGGATAGTCGGGGCGCGCCAGGTAGGTGGCCCTCACGTCGGTGCCCGGCTGGATCTCCCGCAGGCCCACCCGGGTGTCGCCGATGTAGAGCTCGGTGCCCGGGACGATCTGCAGCGTGAGGAGCCCGCCGTCTGTGGCGATCACCACGCTCGACACCGCGTTTCCCACGAGCTTGCCGGCGATCGGTCTCGCGCCGTCCGCCGGTGAGGTCAGGCCGGCCTCGTTCGGCGTGCGCCCGGGGTTCTCCAGGGAGCCCGGGGAAGGCCCGATCGACTCGTAGGTGCGGCCGGCGGACTGCTGCTCGCGCCCGGGCGCCGGAAAGGACTGGCGGTGTCCGACGTCGGGCTTGCTGCTGCTGGGGACGTCGGGAAAGCTGCACGACGCGAGGAGGAGGGTGAGGACGCCCACGATCCGGCGATGCTTCATGGGGCGGCCCCTCCTTCGGGCACGGGCACAGGCGCGGCTTGCACCGGCTTCTTCTCCGGGGGCGAAGGCGGCGTCGGCGGCGTCTCGTCCCGCGGGATCTCGATCCAGCTCGCGAGTTTGCGGACTCCATCCAGCGAAAAGGAAGCGCGGACCAGCGCCCCCTCACGGAGATCCTTCAGTGCCGCCTTCGCGCCCGCGACGAAGAAGCTGGTGTCCGGGCTCGTGTGGAGGCGCACGTCTCCGCTCGACTGCTCGATCACCACGATGCCGGTCGAAGGGTCCACGTACTTCACCTTGCCCTCGATCTGGCGAAGGCCCAGCCCATCGATGTCGGCGACGGAGACCCGCCCCATCCCGTTGCTCCTGACCGCCCGTTCGCTGATCGAGAACCCGCAGCCCGACAGGGCCAGCACGGTCACCCACGCCATTGCCACCCGCATTCCAGGCGCCCTCCCCACGAACAAGCTGGCGACGGTGGGCCCCGCTCGGCCACCCAGGCGGCCAAGGGTGCGCTCCTTTGCGACGCCAGCCGGGTAGGGCTGGTACCATCGGCCCAAGAAGGATCGCGCGGCGCTGCCTCGCCGGATCCGAAGGAGGAGAGATGCACGTTCCCGAGAAGGCGCCCCGCGAGCGAGCGAGCTGGGACGAGTACTTCATGAACCTCGCGCGGGTGGTGGCGAGCCGGGCGACCTGCGACCGCAAGCACGTGGGCGCGGTGCTCGTGCGGGATCGGACCGTCCTCTCCACCGGCTACAACGGATCGATCCGCGGCCTGCCCCACTGCGACGAGGCGGGCCACATGATGGAGAACGGCCACTGTGTGGCCACGGTCCACGCCGAGGCCAACGCCATCGTGCAGGCCGCGAAGAACGGCGTCGCCATCGACGGCTCGACCATCTACACCACGGCGTCGCCGTGCTGGCCGTGCTTCAAGCTGATCGCCAACGCCGGCTGCTTGCGCATCGTCTTCGGGGAGTTCTACCGGGACGAGCGGATCTTCGAGTACGCGACGCGGCTCGGGATCGAGCTGGTCCCCCTCGATCTCCCGCCCGAGGCAGCCAAGCTCGCGACGCCCGTTCGCTAATCGCTCGCTTCTTTGCCTGGGCATCCACCCGGCAGGTTGCGGGTTTTGCACATGCGTAGCTTGACCCCGTGTGCCCTGCTCTGGGGAGAGGGGGTGATCGGGCGTGGTCGAGACGGTCGTTGTCAGCAGCCAGAATCGCAAGGAAGGGCTCTGCGCCCTGATGGCGGAGTTCTTCCGGCTCGACGGCTGCAAGGACGTGCGGGCTGACGCTCCCGGCTACATGGCGCCGGAGAAGATCGTCGGCTCGCTGAAGGATCATGCGCCGGCGCTGACGTGCAGGCGAACGGACACCCGGGGTACGGCGGTGATCCTGGACACGGTCCTGGTGGAGGGCGGAGCGGTCGATCTCTCCGACGTGGTGAGTCGGCTCCAGCTCTTCTCGTCGGCCGTTCTGGCCATCGAGGGCGAGCTCCACCTGGTGGTCCCGCAGCGGGTGGGGGGCTGTGACGGGGAGGAGCTCACCCGGGCACTGCTCAAGCGCCTCGGGCTCCGGGCCAACCGGATCTGGTCGCTCTGAACGGAGCGTCCGCGCCGTCGTGCAGATCTTCGCCGCCCCGATCATTCGGAGCGGCGATCGCGAATGAAGAAATCGGTCCCGCGGATCCGCAGGACCGATTTCTTCAGCTCGCGCTACGCGCGAGAACGCGCCATTGCGTTTGCTTCGCCTTCGGCTCCGCTCATACGTACTCGCGCACCGTCGACAGGAGATGGTCGAGGTCGAAGGGCTTCTCCACCGCGGGGAGGCCAAGCTCGGAGGCGACCCGCTTGAGGTCGCGACCCGCGGAGATGAGCACCACCGGTACGTCGAGCTTTCGACGGCGAAGCTCCTCGACCACCTGCCGTCCGTCCATCTCCGGCATCATCAGGTCGAGGATGAGGAGGCCGATCGGCTGCTCGGAGGCGATCCGAACGGCTTCTTCGCCAGAGGCCGCGCCAAATGCAGCGATGTCGTCGCCGAGGAGAATCTCGACGATCGCCTCTCGAATGTCGCGTTCGTCGTCGACGACGAGGACCGTTTTCTCTGCCAACTTCATCGTTTTCGCCGCTTTTTCCAAATGCGGCGCTTGAATAGCGGAAGCCGGTTCGCGCGTAAAGACGCGAAAGCGGCGAGCCCGGTGCCGCAGGGCCGGAGCGCTTCCGGGCCTCGCGGGGGGAGGCTCATGGACCTGAGTAGGAGGCGAGCCCGCCGTCGGTGGCGATCCAGAGGGTTCGCCCCCCGGCGGACGTCGGCTCGACCAGGAGACGGCGGATCCCGTCGCCGGGGAGGCCGGCGGTGGCGCTGTAGTAGGTGAACGAACCGTCCGGTGCGCGACGTGCGATGCCGCCCCAGCTCGTGCCGAGCCAGACGCTCCCGTCCAGGTCGCAGGCGACGGCGGGAACGTGATCCTGGGGGAGAACCTCGTCGCGGGTCAGGTGGTCGGTCACGCTCCCGTCCGGCTCTACTCGGAACACGCCATTCCCCAGG
NZ_CP012332.1_gap29	904867	905686	819	CGACCTCAAGAGCGAGATCAAGGCGGGGCGGTTTCGCGAGGATCTCTACTTCCGGCTGAACGTCTTCCATCTCGAGGTCTCGCCCCTCCGGGAGCGCCCGGAGGACATCCCCCTGCTGGCGCAGCACTTCCTGGAGAAGTTCGCGGCGGAGACCGGGAAGCGGGTGCAGGGCCTCGACGCCGACGCGCTGGAGGTGCTCTCGGCCTACGCTTGGCCCGGAAACGTGCGCGAGCTCCGCAACACGATCGAGCGCGCCGTGATCCTCTGCGACGGCGACCTGATCGGCTGCGACTGCCTCCCCCCCGAGATGGCCGGCGGGGCCGCACAGGGGATCATGCTCAAGCTCTCGCTGGGGATGCAGCTGCGCGAGGTCGAAAAGGAATACATCCTCGGCTCGCTGCGGCAGAACGGGGGGAACAAGGCTCGCACCGCGGAGCGCCTCGGGATCAGCGAGAAGACGCTCTACAACAAGCTCAACCGATATGCCGCCGATGCCCGGGAGCGCCAGGCGCTTCCGGAAGGAAACGAGACAGTCGAGCGGCGAGCGCCTCGAGATCGAGCGGTTTGGTGAGCAGCTCGTCGGCCCGGGCCTCCTCGAGGCTTCCGCCGGCGAGGGCCGGGGGAAGCGCGGTTGCGAGGAGCACGGGGACGTCGACGCGCCGCTTGATCATCCGGCATACGGCCGCCCCGTCGATCCAGGGTAGGGCGACGTCGAGGACGATCGCCGCCGGGTTCTCGCGGGCGGCTTCGGCAGCGGCACCCAGGCCGTCGACGAAGGTGCGGCAGGGGATCCCCCGGGTGGCGAGCCAGGACGCGAGG
NZ_CP012332.1_gap30	983661	985940	2279	GGCCGGCGTACATCACGGCGACGTAGTCGGCGTTCCCGGCCACCACGCCGAGGTCGTGGGTGATGAGGATCGTCGAGCTCCCGAGCTCGGCCTGGAGGGTCCGCAGGAGCTCGAGGATCTGCGCCTGGATCGTCACGTCGAGGGCGGTGGTCGGCTCGTCTGCCACGAGGAGCGCCGGGCGGCAGAGCAGGGCCATGGCGATCATCACCCGCTGGCGCATGCCGCCGGAGAACTGGTGCGGATACTGGTCGATCCGCCTCTCGGGATCCGGGATCCCCACCCGACGGAGCATGTCGAGGGCCTCGCCGCGGGCGGCCTTGCGGCTCACGCCCTTGTGGACCTCGAGGACCTCGGTGAGCTGGCGCTCCACGGTGAGGAAGGGGTTCAGCGCGGTCATCGGATCCTGGAAGATCATCGCGATCCGATCGCCGCGGAGCGCGCGGAGCCGCTTCTCGCTGGCCGTCAGGAGGTCCTCTCCCTCGAACCAGGCGCCGTCGCCGAAGACCTTGCCGGGAGGCCGGGGCACGAGGCCCAGGATGCCGTACATCGTCTGGCTCTTTCCCGAGCCGGACTCGCCCACCACGGCCAGCGTCTTGCCGCGGGGCAGCTCGAGGCTGACGCCGTCCACCGCCTTCGCGACGCCGCCGTCCACCGCGTATTGGACGTGTAGATTCTTCACCCGGAGTACGAGGTCGCTCACGTGCGCATCCGGGGATCGAGGGCGTCGCGCAGACCGTCGCCGAGGAAGTTGAGCGCGAAGAGCGTCACCGTGAGGATCGCGCCGGGGAAGAGGAGCATGTGCGGGAAGAAGGTCATGGCGTTGGCGCCGTCGGAGACCAGGAGGCCCCACGAAGCCATGGGCGGCTGCACGCCCAGGCCCAGGTAGGAGAGGAAGGCCTCCTCGAGCATCACGCGGGGGATCGTCAGCGTCGTGTAGATGATGATGGGTCCGAGGGCGTTGGGGACCAGGTGGCGGAAGATGATCCCGCCGTGGCCGACGCCGCTCGCCCGAGCCGCCTCGACGAACTCGCTCTGCTTGAGCGAGAGCACCTGGCCTCGCACGATCCGCGCCATGGTGAGCCAGGAGACGGCGCCGAGGGCGACGAAGAGCATCACCATCGATCGGCCGAAGAGCACCAGGAAGAGGATCACCACGAACATGAAGGGGATGGTGTAGAGCACGTCCACCGCCCGCATCATGGCCGCGTCGAGGCGGCCGCCGAAGTAGCCGCTGACGGCGCCATAGGCGACGCCGATGGTGAGCGAGACGGCCGTGGCGCAGAGGCCCACGAGGAGCGAGATCCGGCCGCCGTACATCGAGCGGACGAGGAGATCCCGCCCGTGGAGGTCGGTGCCGAACCAGTGCCCCCAGCTCGCGCCCTGCGCACCGTAGGCGAGGTCCTGCTCCTCGAAGCCGTAGCCGACGAGCCAGGGGCCCACGACGCAGAAGAGGATCACGACGGCGAGCACGCCGGCGGATGCGACCGCCATGCGATTCTTCTTCAGCCGCTTCCAGGCGTCCTGCCAGAGGGAGGTCCCCTCGACGGTCTCGGCGGCCTCGTCTGAGAACCGGACAGCGTTTGCGGTGGACGTCATTCGTACCTCACCCGGGGATCGAGCAGGCCGAGCACCACGTCCACGACGAGGTTCGCCACCAGCAGGAAGACCGCGTCCACCACGACGACGGCCATCGCCAGCGTGATGTCCCGGTTGAGGGCGGCGTCCACGAAGTAGCGACCCATGCCGGGGATGTTGAAGATCCGCTCGATCACGATCGAGCCCGTGAAGAGGCCGGCCATCGCCGGGCCCAGATAGGAGACCACCGGCAGCAGGCCCCCGCGCACCGCGTGACGGAGGATCACCAGCCGCTCGGAGAGGCCCTTGGCCCGGGCCGTGCGGATGTAGTCCTGGCGCACCACCTCGAGCATTCCACCCCGGGTGAGGCGCGCGATGTACGCCGCGTAGACGCTGCCCAGGGTGAAGCCCGGCAGGATCATGTATTGCCAGCCGTCCCACCGAGCCGGCGGCAGCCAGAAGAGGGTGAGCGAGAAGACGAAGATCAGCACCGGGCCGAGAACGAAGTTCGGGATCGAGATCCCGAGGAGCGCGGCGCCCATGGCGGCGTGGTCCTGCCAGAGGTTCTGCTTCATCGCCGAGATGAGGCCGGCGCCCAGGCCGATGAGGAGCGCGAAGACCACGGCCACCAGGCCGAGGCGGATCGTGATCGGCAGCCCCGACGCGATGAACTCGTTCACGCTCCGGTCCTTGTATTTGTAGGA
NZ_CP012332.1_gap31	987730	988674	944	TGAAGCCCGGTGAGTCGTACGCTTTTCCGGGATCGATCGACTCCGGCTCGGCGCCGCCCCCCAGGTAGAAGACGTTCTCGTGGCGCGGGCGGCTCGCGGGGCCATAGGTCGCGCCGTCCCGCTTGCACGACGGCAGGAGGAGGGCGATCGACAGACACGACAGCAGGAGGCGCGGAATCAAGGTCGGTGGGTCTCGGTCGAGCGCGGCTGCGCGCATGTGTCAAACGGTCCCGGGGTCGGCCGTCAACCGGCCGGGCGTGGGGAACCTTCCCGGCGGGGCGGGTGCTCGTAGAAGATCACCATGCTCAGGCAGTGATACTCCTCGTCGGACGACTGGACCACCACTCGATCGACGATCCGGAGATCGCGGTGGGTGGCGAGCCACTGGCTGACGGCCGAGCCCAGCTCTTCCCGATCTCTAGCTCGGGTCGCCGAAAACACCTTCACGCCCGTGAACATGGTCCCCGCTCCCTCCTTCGCCTGCCGTGCGCGAAGGGGCGGGATCTTCCCAGGCGGATCCCGGGGTGTCAAACGGACGTTGCTCCCACGACAGCCCGGCTTCGTGGTATCCGATCGCGCAATTCGCGCCGCGGAGGGTCCCTTGCTCATCGATCTCCATGTCCACTCCAGCCGGACCCCCGGCTGCTCGCTCGATCCGGCTGAGGCGGTGGCGCGAGCACAGGCCCTGGGCCTGGACGGGATCTGCTTCACCGACCTCGACACGCTGGGCGGCGTGGAGGAGCTCCACGCCCTCCGCGAGAAGGCGTCGATCGCGGTGCTCGTGGGAATGGAGGCGGTCACGAACCACGGCCACTTCCTCTGCTTCTTCCCCGATCCCGCCGGCGTCAGGCCGGAGGAGGTCCTGGGCGCGGAGGCTCCGACCGCCCGCCCGGCGCGGGACGTGGTCGAGGCGGTGCTCGCGAAGGGCGGGGCGGTGGTCGCGG
NZ_CP012332.1_gap32	1086812	1089971	3159	GTCGCGGGGACCTTCGAGGAGCTGGCGGACCGGCGCCTCCAGCGCCCGTTTCCCCTTGCGCCCGAGCACCTTGCCGAGGCGACGCACCTCCTCCGCGCCGGGATCCTCCACGCTCGTCGCGTCCGGATGGATGAGGAGGACCGCCGCGCCCACGAGCTCGGCCAGCGTCTTGCGGGGCAGGGACGCCCAGAGGGCCGATCCCTCGCGGATCCCCCAGGCGGCCCGCGCGAGGAGGAAGGTTTGCTCGGACGGCCGGTACCGAGTGCCGAAGTCCTTGGAGACGATCACCGCCGGGGGAAGGGTGGCGGCCACTCCCACACCGTTCTCCCGAGCGGACGAGTAGAGCTCGTACGGGGCCGAAGGCGATCCGAGAATCGCGAAGATTCGATCGAGCAGCCGGCGGACGGGATGCCCGGCCTCGAGGCGATCGCCGCGCTCCACGTCCCAGCGCGCGAGCTCGGCGCCGGAGGCCCGGGCGATGGGCTCGGAGAGCACCGCCGCGATCCCGGCGAGCGCGCGGAGCTTCGAATCCGGATCGCGGAGGACCGCGGGCTCGAGGGTGCTGGTGAGCGTGTGTGGAAGCTCGTGGTGCCGGTAGTAGAACGCCTCCTCCTCTGCGTCGGAGGCCCGCAGGAGGTGCAGGACGGCCGCCGCGACGAAGGCGCGATCCGTCTCGCCCCGGCTCTGCCAGATCCGGAGGAGGGCGCGGTGACTGGAGGCTCTCCCCGGCTCCTCCTCGAGCGCGAGGCGGTAGGCGCGGATCGCGGCGTCCTGCGTGCTCGGATCCGCGGCGTGGAGTCCGGCGAGGGCGAGGCGGATCTCCCGATCCCCAGGGCTCCATTCGAGCGCCCTCTCATACGCCACCACTGCGCGGTCCCGAGCCTGGAGAGGCCCCGCGAGGATGGAGGCTGCCTTCGCGAGCGCCGCGGAGGCCCGGATCGCCTGCCCCGGCTCCAGCAGGCGCGTCGACCACCGCTCCAGGGCCGAGACGAGGCGGGGGAGATCGCGCGCTCGCTCGTAGAGGAGGGCCAGTCGCTCCAGGGTCGCCTCTGCTTCGGGGGTGCGCTCGAGGATCGCCTCGAGGCAAGCGGCGGCGCCGGCGAGATCCCGGAGTCCGACCTCCAGCACCCGGGCCCGTTCCTCGAGGGCCGGCACGAGCCGGGCGAGATCGTCCTCGACCTCGATCAGCCGCCGGAGCGCCTCGTCGGCTTCGGCCCACCTCTCGGCGTCGGAGAGGAGCTTCGCCCGCAGCGCCAGCGCCTCGCGGTGTGAGGGATCGACGGCGAGGGCCGCCTCGAGCTCGAGGAGCGCGCGGTGCGCGTCCCCGATGGCTGACCGGAGGCGGCCGAGGCGGGAGCGGGCCGCAGCAGAGTCGTCGCCCTGGCGGAGCAGCCTCTCGTAGCGGGCGATCGCGTCATGGGGATCTCCGAGCGCTTCGGCGACCCGGCCTCGCAGCTCCTGCGCTTCGGCGTTCCCGGGCTCGGCGGCGAGCGCCTCGTCGAGGAGCGCCGCGGCTCGGGCGGGATCGACGAGCTGCTCCAGGTGGATCCGGGCGGCGGCTGCAAGGTCGCTCGTCGACGGGCTGGCCGCAGTCCGTGCGCGGCTCTCGTAGAACGCGGCGATCTTCGCGGGCTCGCCGCGGGCGATCGCGAGAGCCTCGAGGCGGGCGAGGGCGGTCGCCTCCGCCGGATCCCGTTCCAGGGCGAGCGAGTAGTGGGCCTCGGCCGCCTCGGTTTCGCGGAGCGCCTCGCTCAGCTCGCCCGCGCGCGCCAGGGCACGGGCCCCTCCCGTCGCGGCTCGCTGGGCCCGAGCGGAGGCGAGCCAAACGTCGCGGAGCGCGCGCAGGTCGCCGGCCGGCTCGAGGAGCCGGGCGAGGGCCACGAGGGCCGGAAGGTGTTCGGGGTCGTGGTCCAGTGCACTCTTGTATGATCTGATCGCACCTTCGGTGTCAGCAAGCCGCGCCTCGCGGAGCTCGCCGATGCGAACGAGGAGCGAGACCCGGAGTCCGGCGTCGGCCGCCGTCGACGCCCGGCGCTCCAGCAGCGCGGCCAGCTTCGCCGGCTCGTCTCGGCGGACGAGCTGACGCTCGAGGAGCTCGCTCGCCCGCTCGTTGCGCGGGTCGGCGTCGACGGCCCGTTCCAGCTCGTCGGACGCCGCCTCGGAGGACGACGAGCCGCGGTCGAGCGCCGCGCCCACCAGGAGCGCCGACGCCACCCTCGGATCCGACACCGCCGAGGCGATGCGTGCGCGCGCATCGGCGCGGCGCGGCCCGCCTCCCCGGATCCGCTCCAGGCAGCGAAGGAGGAAGAGATCGTTCGGCGCGATCGTGAGGCCGGCCTCGCACGACCGGGCGGCGCGGGCGGTATCGCCGAGCTCGTCGAGGCAGAGTGCGGTCAGCTTCGACCACGCGGCGACCCGGTCCTCGGCTCCGCCCTGGGACGAGAGCGTCTCCAGCACGCCAGCGAGCCGGTGCGTGTCGCCTGAGCGGCCCAAGATCCTCTCGAGCGCGCGGAGGGCCGGCACGTGGCGGGGGTCTTCGCGGAGCACGTCTTCGTAGGCCCGTGCGGCCTCGTCGGCGCCGGCCGTCTCTGCCTCGAGGATCTCGGCGACCTGGAAGAGGGCCGCCGCCCGCTCCCCGGGATCGGTGCGCGTGGATGCTTCCAGGCGGAGGAGCTCGGCGAGCTCGCGCCACGCCCCCTGGCCCCGGAAGATCCTTGCGAGGCGCCGCATCGCGGGGAAGTGGCCCGGCGAGCTCGCCAGCACCTCTCGGAAGGCGTCGATCGCACGGGCCTCGTCGCAGAGCTTCTCCTCCTGCAGCTCGCCGATCCGGAAGATCAGCTCGGAGGCCTCGTCCCGCGGCGCGACCTGGGCCTCCTGCCGGTGCATCCGGATCAGTTCACTCCAGAGCCCCTTCTGCGCGTAGAGCCTGCCCAGCGACCGCAAGGCCGGCAGATACGCCGGCGTGATCGCGAGCACCTTTCGCCAGGCTTCGATGGCCCGGCCCTTGTCGCCGAGCTGCTCCTCCAGGATCTCGGCGTTCTGGTGGAGGAGGCTCACCACCTGGCGCTGATCACCCGTGTACGTGGCCTCCGCCTCGTGGGCGCGAAGGAGTTCCTCCCAGTCGCCGAGCTGCTCGGCGAGGCGGGCGAGGGAGCGGAT
NZ_CP012332.1_gap33	1091245	1093753	2508	GGTTGGGCACGAGGGAGCGATCCAGGCGGAAGGCCTTCTGGTAGGCGATCGCCGCGTGGCGGGGGCTCTTGCGCCGCTCTTCCCAGTGGCGCCCGATCTCGTGGAGGAGGGCGGCCGCCGAGGGATCGTCGCCCCGTGCCGCCACCTCCCTCTCCAGCGCCGCGATCGGATCGGCGGCGCCGCTCCCGGCAGGCATCCCCTCGAGCAGGTCGCGGGCGCGGGCGATCGGCGGGGCGTCCGGGATCGGGGCGCTCGGCGCGGGGGTGTCTTCGTTGGGAAACGAAAGGGGCTGGACCGGGTCGGTGCCGGCTCCAGGTCCGAGATCGTGGCGTTCGTCGATCATCGCCTCGTCCTTCACGCTCGATGGCGAGCCGTGTCGCAATGAATCGTCGTCGATGAAAGCGCCGATCCCTACCACGCCCCGGACGCGTCGCCAAAGAAGCGACCGCCGGAGACCGCGCCGTTCAGCTGCGGACGGGCCGAAACGCGAGGCTTGCCAACCCGTGTTCCCTGGATTCAAGGTGGAGACGAAGGGGGAATCATGGTTCGCGCTGTGGCGGGGCAGAACGCACGGGACGTCTCCGATTCCATTCTCCGAACCGAGGACGAGCTCCTGGCGCTCGGCTGCGAGGAGCTCGCGCTGCCGTACGCTCGCGCGCTGCGCGATCGCCGGCTCCCGCTCATCTACGACGTGAACGGGATCCGCGACGTACGGGGAACGCCCGCCTTCTCCGAGCTCGCGGACGCCTTTCGGTGGGTCACCTCCCGTGGAGGTCCCCGACACTGCCGGCTGGTGTCGAGAGACGCCGACACCATCGTGCACCTGGACGAGCTGCTCCTGCCTCGCGGCTACGGGAGGCAGGTCTGCATCTCGATGGCGCTCACGAGGCCGGTCCCCGACATCTCGCCCCCGCGCGGCCTGCGGATCGTCGTGGCAAACGGCGACGACGACAGGCTCCTCGACGGCATCGCCCACTGCCAGGATCTGGTCCGCCGCGAGGAGCTCTGGTACGGCCCTGAGGTCTCGCGGCAGATGGACGCGATGGCCTTCCGCCAGATGCGACTCGGAGGCGCCGAGTTCCTCGCCGCGACCACCCGGAACGGCGAGGTCGTCGCCTCGCTCCTGCTCTGGTGCCGGGACGACGTCGGCTTCATCGCCGACGTCGGCACCGCTCCCGCCTACCGTCGCCGCGGCGTCGCTTCGTCCCTCGTCGCCGCCGCGGCGGCCCTCGCGACCGAGAGGGGCTGCAGCGTGGTGGGACTCACGGCTCGTCGCGACGACACCCCTCGTCGCATCTACGAGGCCCTCGGCTTCGAGCCGATGGGCGTCAGCGTGGACTGGCTGCGGTCGGCCTGACCAGGCGTGGCGTGCGCCGTCAGGCGGTAGCGGCCTCCACCGCAGCGAGGATCCGCCCGTCGTCGATCATGCGGCTCACGGCGGCGATGTCGAGGTGGAGCTCGCGGTCGTTGTCCATGTGCGGGATCTCGGAGCGGATCACCTCGTGGGCCGCCGCGACGCCGACACCAGGGCGGAGGCCCTTGCGCATGTCGAGGGCCTGGGCCGAGGCGAGGAGCTCGATGGCGAGCACCGAGCGGACGTGCTCGACCACCTGCCGCGCCTTGAGCGCCGCGCCCATGCCCATGGACACGTGATCCTCGCGGCCGGCGGAGGAGGGGATCGAGTCGACGCAGGCCGGGTGGCAGAGCACGCGGCTCTCGGCGACGAGGGCGGCGGCGGTCACCTGCGCGATCATGAAGCCCGAATTGAGGCCCGAGTTCTCGGTGAGGAAGGGCGGCAGTCCGGAGAGCGCCGGGTTCACGAGCTGCTCCACGCGGCGCTCGGAGATGGCGGCGAGCTGCGTCACCGCGATGGCGAGGACGTCCAGGGCCTGGGAGACGGGCTGGCCGTGGAAGTTGCCGCCCGAGACGATCAGGCCCTCGTCGGCGAAGACCAGCGGGTTGTCGGTGCCGCAGTTGATCTCGATCGCCAAGGCCTCGCGGGCGAAGCGCACGCCGTCGCGGGCGGCGCCGTGGACCTGGGGCATGCAGCGCAGGGAGTAGGGGTCCTGCACCTTGGCGCAATTCTTGTGGGCCTCAACGATCTCGCTGTCCGCGAGGAGCCGCCGCAGGTTCGCCGCACAGGCGATCTGGCCCGGCTGCGGGCGCACCTCGTGGATCTGCGGGATGAAGGGCTTGTGGGAGCCCATCAGCGCCTCGACGGTCATGGCGCCGGCGATGTCCGCGATCTCGAGGAGGCGGCCGGCACGCTGCACCGCCGGCCCACCCACGGAGCCGATCGCCTGGGTGCCGTTGATGAGCGCGAGGCCTTCCTTGGCCTCGAGGACCACGGGAGCGAGGCCGGCCTTCTCCAGCGCCATGCGGGAGGGCATCCGCTGGCCCTCGAAGAGCGCCTCGCCCTCGCCGATCAGCGTGAGCGCGAGGTGGGCGAGGGGGGCGAGGTCGCCGGAGGCCCCTACCGAGCCGCGGGACGGGACGACCGGCAGGACG
NZ_CP012332.1_gap34	1226270	1230237	3967	CTCGGGCACCGGGCCGCCGGCTCCTCGACTCCGGCTCGGCGCAAACGTCCGTCGATGTGTGGCAGAGTTCGCCGGCGAACCTTTCGCGCGCGCCCGAGGTACCGGATTGAAGATCGAGCTCCTCCACCAGGCCGATGAGCCACTCTGGCAGAAGCTGCTCCTCGCGCCCCTGTCGCCGCCGTCGAAGGTCTTCGGCGCCGCGGCGGCGGCGCGGCGAGGGCTCTACGGCCGGGGGCTGCTCAAGCAGGCCCGGGCGCCGATCCCGGTGATCTCGGTGGGCAACCTCGCCGTCGGCGGGGCCGGCAAGACGCCGGTGGTGATCGAGCTCACCAGTCGCCTCCAGGCTCGTGGCCTGAAGGTCGCCGTCCTCGCGTCCGGCTACGGCGGGCAGGGCCGTGGCGCCCGCGTCGTCTCCCGGGGCGAGGGCATCCTCCTCGACGCGCGGGACGCCGGCGACGAGCCGGTTCTCGTCGCCAAGCGGTGCCCGGGCGCGAGGGTCCTGGTCGGGCCCAGCCGGGCGGAGCTCGCCGAGATCGCGGCGCGTCACCTGCGCGCCGACGTCGCCCTCCTGGACGACGGCTTCCAGCACCTCGGCCTCGCCCGGGACCTCGACATCGTCGTCCTCGACGGCGCGTCTCCCTTCGGCAACGGGAGGCTCCTCCCCCGAGGGCCTCTCCGGGAGCCGCCGTCCTCCCTGGCTCGCGCCGACCTCTGCTGGATCTCCAAGGTCGACGAGGGCGATCCCGCCGCGATCGAGCGGGCCGCCGCCGAGGCCGAGCGCCTCACGGGCGAGGCTCCCGTGCGGTCCCGCTACCGGGTCTCCGGCGTGCTCTCCGGCGATCTCAGTTCGAGCGAGCCGCTTTCCTCCCTCGAATCCCGGCCGGTCCTCCTCCTCGCCGGCGTAGCGCGGCCGGACTCCTTCCGCCGCACCTTGACCCGCCTCGGTTGCCGTGTGGTCGGCGAGGCGCTCTTCTCCGACCACCATCCCTTCACCGAGCGGGAGCTCCACGGCGTCCTCGCCCGTGCCCGGGCGTGCGGCGCGGACGTCGTCTGCGCCACCGAGAAGGACGCGATGCGGATCCCCGCGGCGCTCCGCGGACACGAGCGGATCAAGGTGGTCCGGGTCGAGACCGAGGTGGCCGCAGGCGCCGATCTCCTCGAGAGCGCCCTCGACGCCGCCCTCGTCGCCGCCCCGGTCGGGAGCCGCATTGGCTGATCCTCGATCGCGCTTCTCTTGCGAAGGAGCCGCCTTGGCCGATCCGCGATCCCCCGCGCTTCGGAGTCGAACGTGACCGCGCTCCTCGTCGTCCTCGGCCTGGTCGTGCTGCTCGTGGCCGCGATCCTGCTCAGCCAGGGCCGCGTCCTCTCGTGGGCCGTGGCCCGCCTCCCGCAGCGCGCCGCGCTGGCGCTGGGCGCGGGCCTGGGCGATCTGATCCGCGCCCTCGGCATCCGCCGAGAGGTCGCGCGCGCCAACCTGGCCCGCGCCTTTCCCGAGAAGGACGAGGCCTCGCGTGAGGCGATCCTGCGCGGCTTCTACCGGCACCTCGGCACGCTGATCGTCGAGTTCCTCCGGGCCCCGATGCTCCCGCCCGAGCACGCCGACCGCCTCGTCGAGGTCGAGGGCTACGAGCGCTTCGAGGACGCCTTCGCCGAAGGGAAGGGCGCCATCATCGCCACGGCCCACTTCGGCAACTTCGAGCTCCTGGGCTCCTTCTTCGCCCGGAAGGGCCAGCCGATCACCGCCATCACGAAGGTGCTCTCGCGCAACTTCCTCAACGCCTTCTGGCTCGATCAGCGCCGGCGAGGCGGCCTCCGCGAGGTCCCCGACTCCGGCTCCATCCGGGACATCCTCGGCGTGCTGCGCCGCAAGGAGATCCTGGCGGTCATGATCGATCAGAACATGATCCCCCGCCGCGCCATCTTCGCGCCCTTCTTCGGGACCCTCGCGGCCACCTCTCCAGGGCCCGCGGTCTTCGCGGAGCGCACCGGAGCGCCGGTCTTCCTCGTGCTCATGCACCGGCTGCCCGGCGGGCGGCATCGGGTCGTGGTCGAGGGCCCCATCCCCTTCGACCGCACCGGCGATCGCGACGCGGACGTCCTCGCCTTCACCGCCCGCCTCAATCTGGCCCTCGAGGCCCAGGTGCGGGCGGAGCCGGAGAGCTGGTACTGGGTCCATCGGCGGTGGAAGACCCGGCCGTTGGACGAGGCTGCGTCTCGGGCCGATCTTCCGTTCGATGGGGCGCCGAATGGGGCGCCGAATGACGCCGCTCCCGGCGCCGAGGGTGCGACCGGAGGAGCGGCTCCCGAAGCCGATCGTTCCGTTTGACCGGGCGCGATGGCTCGGGCGATAAGTCCGCCATGCGACGGCCGGTCGAAATCGAGGATCCGGCGGCGATCGTCGGGCGGTTCGCGGGCAAGCGCGTAGCCGTCCTCGGCGACGTCGTCGTGGACGAGTATCTCTACGGGCAGACCGACCGGATCTCCCGCGAGGCCCCCGTCCTCATCGTCCGCCACGAGTCCACCGGGCGCGTCCTGGGAGGCGCCGCCAACGCGGCCGCCAACCTCGCGAGCCTCGGCGCCCGCGCCGTCGCCATCGGCGCCATCGGCGACGACGAGGCGGGCAGGGCGCTCGGCGCCCTCTGCGCCGACGCCGGGATCGAGGCCCGCTTCGTGGTCGTCCCGGGCTCCCACACCGAGACCAAGACCCGCATCCTCGCCGGCGGGATCAACACCACCCGGCAGCAGATGCTCCGCCTCGATCGCGGCCGCACCGCGCCGCTGTCCGAAGAGGCGGTCGCGGCCCTCGTCTCGTCGCTGCGGAGCATCGCCGCCGAGGTCGACGTCCTCCTCGTGTCGGACTACGGCAGCGGCGTCCTCTGCCCCGAGGTGATCTCCGAGGTGTGCAGGCTCGCTTCGCAGGGCGTGAAGGTCTGTGTCGACAGTCGCTACAACCTGGGCGCGTTCACCGGCGTCTTCCTCGCCAAGCCCAACGAGCCCGAGCTCGCCGCCGCCACCGGGCTGCCCGTCGGAACCGCGGAGGCCAGCCTCCACGCCGGCAAGGTCCTCCAGCGCGCCCTGGGCTGCGAGGCCGTCCTCGTTACCCGTGGACGGAGCGGCATGACGCTGCTCGAGAGCGGCCAGGCCCCCGACCTCATCCCCGTCCATGGCCAGGAGGAGGCCGTCGACGTCACCGGCGCAGGCGACACCGTGATCGCCACGCTCTCCCTCGCCGTCGCTGCCGGGGCCAGCCTCTCCTCCGCCTCCCGGCTCGCCAACGTCGCCGGCGGCCTCGTGGTCCGCAAGCCTGGCACCGCCGTGCTCACCCCCGACGAGCTGCTCCGGGAGCTTTGCGCGTGAGCGAAGCCAAGATCGCCACCCTCGACGAGCTCGCCGCCGCGATGAACCTCCATCGCGAGGCGGGCCGGCGGATCGCCCTCGCCAACGGCGTCTTCGATCTGCTCCACGTCGGTCACGTCCGCTACCTCCAGGCGGCCCGGGACATGGCCGACGTCCTGGTCGTGGCCGTGAACAGCGACGCGTCCACCCGGGCGAACAAGGGCGACGGAAGGCCCGTGATCCCGGAGTCCGAGCGCGCCGAGCTCGTCGCGGCCCTCGCCTGCGTCGACCACGTGCTCCTCTTCGACGACCGCACCGTCGTCCCCGTGATCCGGGCCCTGCGTCCGGATCTCCAGGTCAAGGGCACCGACTACACGCCCGACTCGATCCCCGAGCGGGCCGAGGTCGAGGCCTACGGCGGTCGCGTCGCCGTCGCGGGCGACCCCAAGGATCACTCCACCACCGATCTCATCCGCAGGCTGGATCGCGGCTGAGGGCACGACGGGCATCGCGGCGCCGGCCTCGCCGGGCATCGGCATGCTCGAGAGAAAGGGACCTCCGATGGCACTCAACGTCTCCGAGCTCGAGGAGCTCCTCGCGTGCCCCAAGTGCAAGGGCGACCTCGAGATCC
NZ_CP012332.1_gap35	1279419	1282861	3442	CTGACGTCGCTGGAGGGCGACTTCCTCTCGGCGGTCGAACGCGCCGGCCGGATGCTCGGCTGCCAGGGGCGGATCCTCCCTGCGACGTTGGAGCCGGTGCACCTGATCGGGCGCCTCTCGGACGGGAGCCGGATCGTCGGCGAGCGCACCTTCGACCGCAGGCGTTCGAGCCCGATCGAGCGGGTCGAGCTCGCGCCCGGCGCGCCACCCGCCTCGCCCGGCGTCCTCGAGGCGATCCGGCAGGCGGACGCGATCGTGCTCGGGCCAGGGAGCCTCTACTCGAGCGTGATCTCCAACCTGCTGGTGGCCGGCGTGGCCGACGCCATCCGACAGAGCTCGGCGGTGCGGATCCTGGTCCAGAACCTGATGACCCAACCTGGCGAGACGGACGACCTGGACGCGGCCGGGCACGTCCGCGCCGTGCTCCGCCACGCAGGAGACGTCGCGGACTTCCTTCTCGTGGATCGGGGTCGCTCGCACCCGCGCGAGCTCCTGGATCGCTACGCGCGACGCGGCCAGGTCCCGGTGGTCCTCGACGAGAGCTTGGTTCTCTCACAAGGAGTGATTCCTATCGGCGCGGAGCTCGCCGCGAAGCGGGGGCGGATCCGGCACGATCCGGACAAGGTTGCGGCCGCGGTCCTGGGGCTCGTGCTCCAGGCCCGCGAGGCATAGGGGTTTGGGAGGAGGGCGCCAGGACGATGTGCGGGATCATGGGCTACATCGGTGAGCGGGAGGCGGGGCCGATCCTGGTCGAGGGGCTCCGCCGCCTGGAATACAGGGGCTACGACAGCGTCGGTGTGGCGTTTCACGAGGGCGAACGCCTCTCGATCCGGAAGGGGCAGGGACGCCTCGCCGCGCTCGGATCTGCGCTCGCGGCTGCCGGCGGAACGGCGCGCAAGGGGATCGGGCACACGAGGTGGGCCACACACGGGCGGCCCTCCGACGAGAACGCCCACCCCCACGCCGATTGCACGGGCAACGTCGCCGTCGTTCACAACGGCATCATCGAGAACTACCGCGCGCTGCGCGAGGGGCTGATCGCCCGCGGCTGCGCCTTTCGCAGCGGCACCGACAGCGAGGTCCTCGCCCATCTGATCGAGCACGAGCTGGTGCGCTGCGGAGGCGACCTCGAGAAGGCGTTGAAGGAGGCCCTCCGCCGGGTGGAGGGGAGCTTCGCGGTCGCGGTGATGGCGGCCCACGAGAGGTCCCGCATCGTCGCGGCGAGGCGCGGCTCGCCCCTCATCGTCGGCCTCGGCGACAGGGAGCGCTTCGTCGCGAGCGATATCCCGGCGCTCCTCCCGTTCACGCGCGATCAGCTCATCCTCGGCGAGGGGGAGGTCGCGTCGATCCACGGCGATCACATCGAGATCACGGAGCTCCTCAACGGCCGGCGCGTGGAGCGCCGCCCGGAGCGCGTGCCGTACACCGCGGAGGAGGCCGAGAAGGGCGGCTTCCCCCACTTCATGCTCAAGGAGATCCACCAGCAGCCCCACGCGATCGCGGACACCTTCGCAGGCAGGCTCGCCGCCGGGACACTCCAGCAGGAGCTGGGCATCGGAACGGATGAGGCCCGCGCGATCCGCCGGATCGACATGATCGCCTGTGGCACGAGCTGGCACTCCGCGTTGATCGGCCGGCGCCTCTTCGAGGAGTTCGCGGGGATCCCGGCGTCCGCCGAGATCGCGTCCGAGTACCGCTACCGTCCCCGCCCGACCGAGGAAGGGACCTATGCCCTGGCGATCACCCAGTCCGGCGAGACGGCCGACACCATCGCGGCCCTCCGCGCCACGCGCGAAGCGGGCGCGAGGACGGGCGCGATCTGCAACGTCGTCGGGAGCACCGTGGCCCGGGAGGCCGATGGAGTGCTCTACACGAGGGCGGGGCCGGAGATCTCGGTGGCCTCCACCAAGGCGTTCACCACCCAGGTGACCGCGCTCCTCCTCATGGCCCTCACCCTTGGGCGCCTGCGAGGTCGCCTCGACCCGGCGCGGGCGGGGCAGCTCAGCGAGGCGCTGGTGAAGGCCCCGGAGAAGATCGCGGGCCTCCTCGGCCGAATGGCCGCGCCGCTCCAGGCCCTCGCCCGCGAGAAGGCGAATTCGAACGACTTCCTCTACCTGGGCCGAGGCTACGGCTATCCGCTCGCACTCGAGGGGGCGCTCAAGCTCAAGGAGATCTCGTACATCCACGCGGAGGGCTATCCGTCCGGCGAGCTCAAGCACGGCCCGATCGCGCTGATCTCGAAGGGGCTCCCGGTGGTGGCGATCGCGCCGAACGACTCGCTGCGCGACAAGGTGCTCTCCAACCTCGAAGAGGTGAAGGCGCGGGACGGAACGGTGATCGCGGTGGGGACCGAGGGTGACGCCGACCTCGCGAGCCTCGCCGATCACGCCGTCTGGATCCCGCCGGTGGAGCCCGCGATCGTGCCGCTCTACGCCTCGCTGCCCTTGCAGCTCTTTGCGTACTTCATGGCGGTGGAGAGGGGCTGCGACGTCGACCAGCCCCGCAACCTGGCGAAGAGCGTGACGGTCGAGTAACGGCGCCGCCGCGGCGCCGATGGAAACGGCCCATGGAACGGGGAGGATCTCGCGTGCGAATCTCGAACGACCCGGGGAGGGGCACGGGTTCGATGCCGATCGTCCAGTCGATGGTCGGAGGCCTCGAGCTCCTCGAGCGCGTCGAACCGGAGTGGCGGGCGCTATGCGACGAGGGGCCCTGCGCAGCGCCCTTCTTCCGACCCGAGTGGATCGCCGCCTACCTTCGCGCGTTCGAGCCGTCGGCGACGCTGCGGCTGGTGGTCGCCACGGACGCCGGCAGGCTTCGCGCGGTCCTGCCCCTGGTCGCGGAGCGGTCCCGCCTCCGGGGCTTTCCGGTCCGCAAGCTGCGCTCCGCCGCTGGCGTGCACTCCTGCCGCTTCGACCTCGTCCACGGCGCCGGGGATTTCCGCCCATGGGCCGATGCGATCTGGTCGCACCTCTGCGAAACCGGCGGCTGGGACGTGATCGAGCTCCGCGACGTCCCCGCCGGCGGCGCCGTGGAGCGCCTCCTCGAGGCGGCCTCGACCGCGGGATATCCGGTGGGACGCTGGGAGTCGATGCGGACTCCCTACGTCGAGCTGCCGGGGAGGGGCGGCAGCTTCGAGGCCGTGCTGGGCCGAACCCGCTCGCACTTCCGCGCCAACCTCCGCCGCCGGATGAAGCGCCTCGCGGAGAAGGGCCGCGTCCAGCTGAACCGCTTCGAGGACGCCGACCCCCGGGTCCTCCAGCGCTTCTACGCCCTGGAGAAGATCGGGTGGAAGGGCGATCGCGGGACGGCGATCGACTGCGACGGCGCGACCCGGGCCTTCTACGACCGGGCCGCGTCGTGGGCGGCTTCCAGGGGCATGCTCGCGATCTACGAGCTCGAGCTCGACGGCGCGCCCGTGGCGATGCACTTCGGCCTCAGC
NZ_CP012332.1_gap36	1289033	1289873	840	CCTCTCGAACCGGGGAAGACGGCGTCACGGGGGCCGGCAGCCACGCCTCCTTCGCCGCAGGCCTCTCCCGAGCCGCCCTCCGTGGCGATTCACTCCACGTCCACATCCCTGGAAACAACCTCAAATCCTGGCTCGTGGCGCTCGCCGGATCCCGCGCGAGGCTTCACGGAGGCGGGGCCCTCCTCACGGTGCATTCGGGGGTCGCGCCCGCCTTCCTCGACAGCTCGTCCTTCGCGAGGCGGATCGCGCGGTCGGCAGCTACGGGCTTCCGGCGGATCCTCTGCACCAACAGCGACATCACCGGCGTGCTGCGGTCATGCGGAGTCCCCGGCGCGAGGCTGGAGGTGGTGTCGCCCTTCCTCGGCCAGCCGCTCTCCACCAGGGGCGAAGGGAACCACCGCACCCGCTTCTCGCCGCTCCTGTCGTGCGCGCTCTCTCCCGGTCCGCAGTACGGGGAGGGCGTGCTCCTCCAGGCGCTGGCGATCCTCTCGAAGCGCCTCCCGCGCGTCGGCTGCCTCGCCTTCGGTCCCTCCACCGCCGAGGCCACGTTCCTCGCCAGGGTGCGGGCCCACGGCGTGGACCGCCAGGTGGTTCCCCTCGGCGAGCTCGAGCACGACGCCTGCCTCGACGCCATCTCGAAGAGCGACGCCTTCCTTCGTCCGACCCTCGCCGACGGTGACTCACTTTCGGTGAGAGAGGCGATAGCCATGGGTCGTCGGGTGGTCGCGAGCGACGCTGCGCCCCGGCCCGCCGGCACGGTGCTCTTCCGCCGAGGCGATCCCGCCAGCCTCGCGTCCGCCATCGAGGAGGCCCTCGCCCGGCCGGCGCCGGGGCCGGCCC
NZ_CP012332.1_gap37	1311063	1312821	1758	CGCCACCCACGCGGAAGGGGACGGCACCTTCGTGAGCTTCGAGGGACGCGCCCAGCGCTTCCTCCCCGCGATCCCCGCCGTGGGCGCCTCGCGGGCGGCCTGGCATTGGGCCGCTGCGCTCCTCGGCGAGCTCGGCTTCTCGCATCGCTTCGCCTCCGCCGGCGAGGCCTTCGCGGAGCTCTCCAAGAGGCTCCCCGCTGGCGCTCTCGGCGACTTCGATTGGACCAAGGTTCCCCGCACGATGACCAAGGGCGTGACCCCGCTCACCGGCGGCACCGTCGACGGCCGCCCGCCGGGATGGCGGGAGCTCATTCCGCTTCGCACCCCCGCCGGCACGTCGGCTGCCTAGGTAGAAGGACTCGGATCTCATGCGTGCAGCCCAGATCTCGGCAATCATCCTCGGCATCGTCGGCCTGATGGCCGGCGCCGTCGCGGCCTTCTACCTCCTGGCGGGCGCCCTCGGCGTCGTCGCCCAGGCGGCCCTCGGGGCCGACGCGGCCTACATCGGCGTGGCCGTCGCCAACGCCATCACCCTGCTCCTCGTGGTGGTGATGGTGATCGCGTCGATGCTCACCCTGGCCGAGCGCAAGTGGTCGGCGCTGATGCAGGATCGCATCGGCCCCAACCGCGCCCGCTTCGGCCTCCCGGGCCTGAAGAACCAGTCCCTCGCGGGCCTGCCGCACTTCCTCGCCGACGGCATCAAGATGCTGACGAAGGAAGACTTCATCCCGAAGGACGCGTCGAAGCTCCTCTTCACGCTGGCGCCGATGCTCGGCTTCGGCTCGGTCTTCGTGCTCTTCACCGTCGTGCCGATGGCGCCGGTGATCTCGGCCGCCGAGCTCCCGGGCATCGCGGGGATGGCCTCCGCCATGGGCGTGTCGGCCGCCTTCCCGGTCTCGCTCCACGTGGCGCCGAACCTCGAGATCGGCCTGCTCTTCCTCTTCGCCTTCGCGTCGATCGCCGTCTACGGCACCTCCCTCGCCGGCTGGGCCTCGAACAACCGCTTCGCCCTCCTGGGCGGCGTCCGCGGCGCGGCGCAGATGATCGCGTACGAGGTCTCCCTCGGGATGTCGCTCGTCGGCGCGATGATGATCTTCGGCACCCTCCAGCTCGAGGGCATGACCGCGGCCCAGAGCGCCGGTATCTTCGGTGGCGCGCTCCCGGCCTGGGGCATCTTCCTCCAGCCCATGGGCTTCCTGCTCTTCTTCACCGCCTCGCTGGCGGAGACGAAGCGCGCGCCCTTCGACGCGCCCGAGGGCGAGTCCGAGATCGTCGGCTACTTCGTCGAGTACTCGGGCATGCGCTTCGGCATGTTCATGATCTCCGAGTTCGTCGAGATCGTGGTGCTCTCCGGCGTCACGGCTGCCATCTTCCTCGGCGGCTTCCACATGCCGTTCCCGCCGTCCTGGGGCGTGGACGCGTGGCTCGCGGCGAAGGCCGGCGGCTTCGGTCTCGCGGTGGCGCAGGGCCTCACCTTCCTCCTGAAGGTGGTCGCGCTCTGCTGGGTGCAGCTCACCATCCGCTGGACGATGACGCGCTTCCGCTACGACCAGATCCAGACGCTCGGCTGGAAGATCCTCCTGCCGCTCGCCCTCGGAAACATCGTCGTCACCGCCGTGCTCCTGCTCCTCGATCAGTCCCTCGACACCCTCGCGATCGTCGGCATCGCGGAGCTCGTGCTCCTCATCGGCCTCACCGCCCTCTATCCGGTGAAGCGGCCCACCTCGGTGCGCTTCAGCGGGCAGGGCGCGGCGGCAC
NZ_CP012332.1_gap38	1321128	1322596	1468	CCCAGGAGGAGAGCGTCTCCCGAATCGAGAGGGGTCGCGGCCGTGAGGCGGACAAAGGTCCCGTTCGACGAGCCCAGATCCCGGATCCGCACGCCGTCCGGCGCCACCGAGATCACCGCGTGGCGGCTGGAGACGAAGCGATCGCCCGGAAACGCGATGTCGCCCTGCTCCCGGCCGACCAGGTTGTCGCCGGTCTCCAGGGGAAAGACCTCGCCGACGCCGCCCCCCTCGAGGAGCTGGATCAACCGCGCGCGATAGCCCGGATCCGGCGAGCCCCACATCCGCGTTCCTTCGGGCGTCAGCCGCGGCGCCGGCTCCATCGGCTCGATTCGGAGGAGCTGGCGGCCCAAGCGGAGGTGGTCGCCGGGGTTCAGCGTGATGTCGCCGCGAACCCGCCTGTAGACGCCATTCAGCGAGTCGAGGTCCTGCACGTGGAGCCGCTCTCCCATGTAGAAGAAGCGGCAGTGCCTGGGGCTCACGTACTCGTCCTCGGAGAGCCGCACGGGGCCGACGCTCCGGCCCGCGAGGAACTCGTCGCCGTCGAGGTGCCAGCTCGCCCCTTCGGATCCGTCGGGCTCGATCCCCACCAGGCGAGCCCGAAGGCGCGACGGGCGGCCGGATGCCGTCCCGTGGCTTCCCGAGGGGACCGACGCGCCGCAGCTCCCGCAGTAGGCGAATCCCGGGGGCACCAAGGCGGCGCAGGCCGGGCAGGTGCGCTCGTCGGGCCCCGGACCGAAGGCGAAGCCGGGCGATGCGCTCCGCACGATCTCCACCCGCCGCGGGCCGCGCGAGGTGCGCAGCTCGTGTCCGCACGATCGGCAGAAGGGGGCTTCGCCGGCGTTCTCCTTGCCGCAGGTGGCACAGAGGATCATGGGTGGCCTCGGACGATGGCGGTTGGCTTTCAGCCATAGCTGGCCGGCCGCCGCGCCGTCAACGCGCGCTGGTTCCCGCTGCGCACATTGGTTCGATTCTGCGCACGCTGACCTCACTCCACGCGGAGGATGTTCCTCCCCAGACGCACGGTGTCGCCGGGGTAGAGCTCCCGCTCTCCGTTCGGAGGCAGCCGGAGGAACGAGCCGTTCGAGCTCCCGAGATCCCGGAGGATCGCACCCGAGGGATCGTGGTCGAGCTCACAGTGCCGCGCCGAGATGAAGGGATCGTCGGTCAGGAGGATCTCGCCGAGCGCACGGCCGATCCGGACCGGCGCGGGGCGCGAGAAGATCCGACCGGGGATGCCGCCCAGGTGGACGAGCTGGATCCGGAGCAGCGTCCCCGCCGGGCGCGCGCTGCCGAGCAGGCGGGGCGCCGGATGGCTCGGCTGGGGCGGGGGGACCCGATCGAGGAAGCGGAGGAGCTTGTCGCCGATCGAGAACCACGCGCCTTCCCGGAGGACCTCCGGGAGGAGGAGCCGGATGAAGACCCCCGACGGCCCGCCTTCGTCCCGGACGAAGAGCCGCCCGCCGCGGTA
NZ_CP012332.1_gap39	1329219	1330490	1271	ACGGATCGCGTCCTCCTGGCCAAGTCCCTCGTCGCCATCGTCGGCGTGGTGATCGCCTTCATCGCCGGCGCCAACCTCGCCTGGAGCGCTCTCGCCGGCGCTGCCTTCCTGCTCCTGGTGGCCGGGAACATGGGAGGGGAGGTGCTCCGCGAGGTCAACTGGCTGCTCCTCCTCTTCTTCGCCGGCCTCTTCATCGTCGTCTACGGGGTAGGGCAGACGGGCGTCGCCGAGAGGCTCTTCGACGTGGCGCCCTTGGCCGGGGCGGGCGAGGCGCGACAGGCGATCGCCTTCTCGGCGATCTCGATCGTCGGGTCGAACCTCTTCTCGAACGTGCCCTTCGTGATCCTGGCGGCCAAGTGGATCCCGGCGTTCGCCGATCCGTTGCTGGCCTGGAAGACGCTGGCGCTCGCCTCGACGCTCGCCGGCAACCTGACGATCGTGGGCTCCGTGGCGAACCTGATCGTCTTCGAGATCGCAGGGGCCCGGGGGAGGGTCTCGTTCTGGAGATTCCTCGGCTACGGGCTGCCGATCACGCTGGGAAGCACGGCCGCAGGCGTCGTCCTGCTGCTCCTCTTTCGGTGAGCGGGGGGCGGTGATCGCCCAACCAGGATCCGGGCGTCGGCTGCAGTCCACCTCAGCGTTCGAAATCGAACCTTGCGTCGAAGGGCTCGCTTGGCTAGGTTGCGCGCTGAATTTGAGAGTGCTTTTCAAGATCAACGAACACCATCGGTGAGGGGTTGCGCTGCCGATCGTCGGCCGGGGCGCACCTGGGCTTGGAGAATGAGAATGGTTCGCGGAATCAACATGGGTCGGAACGTGGGGGGAACGCTTCGGCTCCTCCTGATCCTGGCCCTGGCGTCCCTCGTGGGGTTGGGCACGGTGGCCTGCGGGACGGATCGCCATTCGCCGAAGGACGATTGGACGGACCCCGATCCGAACGGCCCAGGTCCAGAGCCCGAGCCCGAGCCGGAGCCGGAACCTGAGCCGGAACCTGAGCCGGAACCCGAGCCGGAACCCGAGCCGGAACCTGAGCCCGAGCCGGAACCTGAGCCCGAGCCGGAACCTGAGCCCGAGCCAGAACCTGAGCCGGAGCCCGTGCTCCCCACCGTCATGCTCGCTCTCCGGTCATCGGAGCCGGTCCTGACGATCCGCCGGGCGATCGTCGACGTGCAGGTCTCTGGCGAGCCGGCCACCAAGTTGACCTACGTGGTGAACGACGGTCCCGAGATCGACGCCGACGGGCTCGACGCCGATGGCCACGCCGTGATCGA
NZ_CP012332.1_gap40	1331572	1335230	3658	CCCACGTGATCGCGGTGCGCCGGGACGGGCGGGTCTTCGCCTGGGGGTGGAGCTTCCGCGGCACCCTGGGTCGAAGCGACGTTCGCAGCCAGTGGAGCTACGCCGCTCCCGTGGAGGTCGACTTCGAGACGGCGGCGGTAGAGGAGGGCGAGGCTCGGCCCGGCGGTCTCACCTCCGTGGACAATCGCTCGGCGCAGGCGTTCAACCAGCCCGCCGCCAACCTCGTCTTCGATCGGCGTACGCCCTTCGTCACCGGCAAGGAGCTCTTTCGGATGCAGTGGCTCCCCCGGGTCGATCCGGGGGAGGGCGGCGCCCGGGGCGGGCTGGGGCCCCTCTTCCATGAAAACTCCTGCGTGGCCTGTCACCAGGGCAACGGAAGGGGGGCGCCGGCGCGGGAGGGCGAAGCGCCGATCTCCCTCCTGGTCCGGATCGGCACGCCCGCCGATCCCGATCCGGTCTACGGCGATCAGCTCCAGCCGAGGGGAATCGACGGCGTGCCCGCCGAGGGCCGGGTCGTCGTCTCCTACCTGGAGCGGCGCGGCCAATACGCCGACGGCGAGGCCTACACGCTCTACGAGCCCCTCGTCGATGTCGTCGACCTCGCGTACGGCCCGCTCCACCCCGACGCGAGGCTCTCGGCCCGGATCGCCCAGCCGATGATCGGCCTCGGGCTGCTCGAGGCGGTCCCGGACTCGGCGCTCGACGCCTTGCTCCGGCGGAACCGCGAGGCGGGGAGGGGGATCGACGGTCGGACCAACCGCGTGTGGAGCGTGCGGCACCAGGCCTTTCGCACGGGCCGCTTCGGATGGAAGGCGAACCAGCCCGACCTCGAGCAGCAGAACGCCGCGGCATTCCTCGGCGATCTGGGCGTCACGAGCCCGCTCTTTCCGACAGAGCCGTGCACGCCCAGCCAGACCGCGTGTCTGGCGGCCCGCCACGGCGGCGCGCCCGAGCTCTCGCGGTCGGAGCTCGACGCGATCACCTTTTTCAGTCGCTTCGTCGCCGTGCCCGCCCGGGTCGGCGTCGACGATCCCGTGGTCCTGCGCGGGAAGGCGCTCTTTCACCGGATCGAATGCTCCACCTGCCACAATCCGACGTTCACCACGGCAGAGGTAGCCGGCACTCCCGAGCTCTCCGGCCAGACGATCTGGCCGTACACCGACCTGCTCCTGCACGACATGGGCGACGACCTCGCCGACGGCCGCCCCGACTTCGACGCCACCGGGCGCGAGTGGCGCACGCCGCCGCTCTGGGGCATCGGCCTCACCGCCACCGTCGGGGGCACGGCGCGCTTCCTCCACGACGGCCGCGCCCGCTCGATCGCCGAGGCGATCCTCTGGCACGGCGGCGAGGCGGAATCCGCCAGGGAGGCCTTCCGGAGCCTGCCCCGCTCGGACCGGCAGGCGCTCCTGGCCTTCGTGGAAAATCTGTAGGTCAGCGGTAGCGGTTCCCGCGAGCGGCGGTGTTATGGCTTCCCGTTGACGGGGCGCGAAGCCCCGCGTTAGCTAGGCCGGCCCTTTTTCCGAGGAGAACCAAGATGGCGCGCGACGTGATCCACTCCGACCAGGCACCCAAGGCGATCGGCCCCTATTCGCAGGCGATCCGAGTCGACGCCGGCAAGATGGTCTTCTGCTCCGGGCAGATCCCCCTCGACCCGGCGACCGGCGAGCTAGTGAAGGGCGACATCGTCGAGCAGACCCAGCGGGTGATGGAGAACCTCCGCGCCGTCCTGGCCGCCTCTGGCGCGGGCTTCGAGCACGTGGTCCGCTGCAACATCTTCCTCGCGGACCTCAATGATTTCGCCAAGGTGAACGAGACCTACGGCCGCTACTTCACCGCGAACCCGCCCTCCCGGGCGACCGTTCAGGTGGCGCGCCTCCCCCGCGACTCGCGCGTCGAGATCGACTGCATCGCGGTAATTTGAATCTCTAGCGCCTGCGGCCCGTCTCGTGCGGGTCTCCCCGCAACGTCGAGGGCCGTCCCTTGAGAAATCTCGCCGCTCTGGCCGCAGGCCTGCTTCTGATCGTCTCCGGCACCGCCTCGGCGGATGAGACCCTCTATTACGGAGGGTCGATCTTCACCGGAGAGGGCGAGGCCCCTTCTGCACGATGGTTCGTCGTGCGGGACGGTGCCTTCGCCGCAGTGGGCGACGACCCGGGCGTGCCGGAGGCCTGGGCCCACCTCGAGAGCCAGGTCGATCTAGGGGGCGCCTTCGTGGCGCCCGGCTTCGTCGACGCCCACATCCACTTCGTGGACGGCGGCCTCGGACTCCTCCACACCGACCTCGCCGGCCTGCACACCGAGGCCGACCTGAGCCGGGCGCTCGCGGAGGCGGAAGCCCGGGCCCAGGAGCGGGGCTGGATCCTTGCGCGAGGCCTCGTGGAAGGCGGCGCCGGCGCCGGTGAGGCGCTGGGGCACGTCCGCAGGCTCCTGGCCGACAAGGGCCCCGCCTTCGTGACCCTCGCGGGCGGCCACCACGTCTTCGTCAATCCGGCGGGCCTGGCGCGCCTGGGCATCGACGCCGGTACCCCGGATCCCGAGGGCGGCCGAATCGAGCGGGGACCGGACGGCACTCCGACCGGCCTCCTCGTCGACGCCGCGGCCTGGAGCGCCCAGCGCGCGGTGTACGAGACCTTCTCCCCGGGCCTGATCGCCCGCGCCATGCTGCGCGCCCAGCGCCGCGCGCTGGCCTTCGGCATCACCGCCATCGGCGACAACACCTTCTTCCCCGTCCATCTCGCCCTGTACGAGCGCCTCGCGGCGGCGGGCCACCTTCACCTCCGGGTGTCGGCGCGCTCCCTCGGGGCCGAGCCGATGACGCGCTTGCTGATGTCAGCGGCCGTTGGCCCGCGTGTCCGCTACTTCGGCGAGAAGCACTTCGTCGACGAGTCGCTCTCGCAGCCCGCGTTGGACGCGCCCGCGAAGCCCCCCGCGATGCCCCCCGCGATGCCTGGTGGCGAGCCGCACCTCACCCAGGCCCAGCTCGAGGAGACCCTCCTCTTCGCCGCCGGCGCGGGGACCGCCTTCCACACCCAGGGCCGCGAGGGAGCCGAGCGCCTCGCCGCCGCGCGCCTGGCGGTCGCGTCCCGGCGGCCTCCCGGCAAGGTCGACGTGATCGATCACTGCGGGAGCTGCGGGGGCGACCTCCCCGCCAAGCTGAAGCAGGCCGGCCTCCGGGTGACGGTGCTGCCCTCCCAGCTCTACGAGCTCCCCGCCTTCGAGAAGCGCTATGGCGCCGAGGCCACGCGGGACCTCCTGCCGCTGCGCGCGCTCTACGACGCGGGCCTGGAGCCCGCCCTCACCAGCGACTGGCCCCACGGCTACGCCGCCGATGGCACGCGGGAAGCGCTCGCGCCCCTCTCCCAGGTCGCCGTGGCGGTCTCGGGCCGCACCCCCGCCGGCAACGAGATCCCAGGCGCTGCGTCCCGCACGATCCCGCTGGCCGGCGCGCTCCGCGGCGTCACCGCGTCGGCCGCAGACACGATCGGCTGGAGTGACCTCGGCCGGATCGGGGAGGGTGCTGCCGCCGACTTCGTGATCCTCGATCGCTCGCCCTTCGGCATTCCTGCCGCGGAGCTCCACCGGCTGGAGGTCGACGCCACCTTCATCGACGGGATCCCCGTCTTCCGCCGCACGGACTCTCGTGAGGGCAGGGCGA
NZ_CP012332.1_gap41	1339863	1344778	4915	GGCGAACCGACGTCCGCTGGACTCGACTCGCCCAGGAGCGCCGCTTGAGCCCGCCCAAGCCCGCCGCGCCGGGCACCGCCCGAGGCGCGGCCGATGGTCCCCTCGCCGCCGAGCCTCTCCCTATCCTGGGGAGTATCCTCGGGGCGCGCGAGGCCCGCCGCCCGCCACTCACCGTTCCCCCGAGGGGACGCGCCGAGCCCCGGCCGTGGCGCGAGCTCTTTCCCGACGCCACCGAGGCGGAGTGGAACGACTGGCGCTGGCAGGCGCGCCGCTCCATCCGAACGCTGGAGGAGCTCGAGCGCTTCGTCTCCCTCACGGAGGACGAGCGGGCGGGCGTCGTCGAGACCGCCTCGATCTTCAAGCTCGCGATCACGCCGTACTACCTGACCCTGATCGATCCCGAGCACCCCTTCTGCCCGGTGCGCCGGCAGGCGATCCCGTCGAGCGCCGAGGCCAGGGTCGCGCCGGGCGAGCTCGCGGATCCGCTGGGGGAGGATCTCCACCGGCCGGTGACGAGCATCGTCCACAAGTATCCCGACCGCGTGCTCCTCCTCGCGCTCGACCGCTGCTCGGTCTACTGCCGCCACTGCACCCGGCGCCGGATCACCGGCCAGCCAGAGACGGAGATCGACCGCTCCACCATCGCCGAGGCGGTCGACTACCTCCACGCGCACCCGGAGGTGCGCGACGTGCTGATCTCCGGGGGGGATCCCTTCCTCCTCGCGACTTCGCGCCTCGACGAGCTGCTCGGCGCGATCCGTGCCGTCCCCCACGTGCAGATGATCCGCATCGGCACCCGCGTCCCCGTGTGCACGCCGATGCGCGTGGACGACGAGCTCTGCCGGGTGCTCCGCAAGCACGCGCCGGTCTTCGTCGTCACCCACTTCAACCACCCGAAGGAGCTCACGGCCGACTCGGGTGCAGCCTGCGAGCGGCTGGTCGACCACGGTGTGCCAGTGGAGAACCAGGCGGTGCTCATGCGCCGGATCAACTCCGACGCCCGGATCCTCACCGACCTCTCCCACCGCCTCCTGGAGCGACGGGTGCGCCCCTACTACCTCCACCAGATGGACGTGGCGGAGGGCCTCGAGCACCTGCGTACGCCGATCCGCACCGGCGTGGACATCCTCGAGAAGATGCGCGGCTGGACCACCGGCCTCGCGATCCCGCACCTGGCGGTCGACCTGCCCGGCGGCGGCGGCAAGGTCACGCTCTCGCCGCAGTACGCCGTCGAGTTCACCGAGCGCGAGACGACGTTCCGCAATTACCGCGGCGAGCGCTACCGCTACCCGGAGCCGGTCGAGCAGGACGTCTCCTGCCCCTACGACGAGGTCTTCTACTCGGGGTCGTAGTTGACTGGCTCCCGGTCCCTTCGGTTCGCTTTTGCGAACCGATCACGGCGCTGTTAGCCGCGTGCTCGCAAAATTCGCCGCCATGCGATTCCTGTGCGGCGAGCGGCAGTTCGATTTTCCGGTCCGCCCTTGTTGTCGGCTCGACGCCATGACCTCCTTTCCGTGCTTGATGCACGGCGGGAGAGTCGTTCTCCCAAGTGGGGGCGGTATGGATTCGAGACGTTGGGCGAGGTTCATGTTGGTCGCTGCAGCCTTGGCTGCGCTGTCCTTCGGCGCCGGATGCGGCGACGACGAGCGCGCCGGCGGCTCGGGGACGGCTGGCGCTGGGGGCGGGACCGCTGGCGCCGGCGGATCGGATGATCCGGGTGGCTCCGGTGGCGATGGGGGCAGCGCCGGTCAGGACGGAGGGCAGGGCGGAGCGGGCGGACAGGGTGGCGAAGGCGGAGGCGGCCAGCCAGACGTGACCTGGACCTCCTGCAACCGCCAGGGGCTCCCGCTGCTCTGCACGACGCTCGAGGTTCCCCTCGACTGGTCGCGGCCCGAAGGGCAGCGGATCCCGTACTTCGTCCAGAAGGCGACCACCACGAAGAGCCCCAAGCTCGGGCAGATCTGGCTGCTGGTCGGCGGCCCCGGGTACTCGGGTGACGGCATCCTCGGGGGAGCGCAGTGGTTCACGTCGCTGGGCTTCGACGTCTACGTGCCCGACTACCGCGGAACCGGTCGGTCGGCCCCGCTCGGCTGCGACGGCGAGTCCGCATCGTCGACGTCGCAGCGCTGCCTCGCCGAGCTCGCCCAGATCTGGGGCGACGACCTCGCGAGCTTCTCGACGACGGGTGCCGCCCTCGACCTCGGGAAGACGATCGAGCGCTTCCGTGAGCCCGGCGGGAAGGTCTTCGTCTTCGGCGCCTCCTACGGCACGTACCTCGCCAACCGGTACATGAACCTCTTCCCCGAGCGGGCCGATGGAGTGGTCCTCGCAGGCATCTGTCCCCCCACTGGTTGCAGCGTTCGAGCCGATCGGACCATCGACCTCGTGGCCCGGGATACCTTCGCCGCCTGCTCCTCCGACGCCTTCTGCACCTCCAAGCTCGGCTCCGACCCGTGGCAGACCCTCGAGGCGGTCTACGAGAAGCTGCGCCACGGTCACTGCTCGGCGCTCGCTGGGGCCCAGAGCGACGTGGCACTCTCGGGAATTCTTGGTGGTACCCTGGGTGAGCGATCGCTCGCGCCCGTCGCGCTGGCCGCAGCGTATCGGGCCGACCGATGCGATCCCAAGGATGTCACGGCGCTGAAGGCGCTCGGTCGCCAGGTCGCACCCTGGATCTTTGGCCTCACCACGTCGAATCAGCCGTTCTCCGAGTATCTCTACATGCACATCGTGATGTCGGAGTTCTTCGACGGGATCACGCCGGACGACCTCCGGGACGAGGCCGCCCGACTCACGGTCGCGCCCGGCTATGAGGAGTCCATGGCCCGCGCTCGCGAGAACTGGCCTTGGCCGCTGTACGAGACGCCCTCCGAGCTCAAGCGCTGGGCCCCGGTGTCGACGCCGATGCTGATGATCAACGGCACCCTGGATTCGGCGACGCCGATCGTGGACCTCGCCGGGATCGAGGAGGCCTTCCCGGGCGCCACCCAGACCTTCGTCCGGGTGCCGAACGAGGGCCACGGGGCCTTTCAGCAGAGCTGTCCTCTCGCGATCGTCGCGGACTTCGTACAGGACCCGTCTGCGCCGCTGGATCTCGGATGCCTGTCCGCCCTCGAGACCCTCGACCTTCGCGGCAGCAGCGACCTCGCGCGGCAGGCGTTCGGCACCGGCGACCTCTGGGAGAACACCGCGCAGGCCGCGATGGCCGAAGGGCCCGCCGAGTCCATGGAGGAGCCGACCGATCCGGGCCTCCTGCGGGCGATCGAGAACGCCCGGTCGGCGATTCGGCCGCGCTGGTAGGGCGAATCCCGCGCGGGATCGAGGGTTCGAATTCCCGGTCCGCCCTTGTGGCCGGCTCGACGGCGTGTCTTGCTGTCGGTGCTTGGTTCACCAAGGGAGAGTCGATCTCCCGGAAGAGGGCGGAATGGTTTCGAGTTTTCGGGCGAAGTTCATGGTCGTCGCTGCCGCGTTGTCTGCGCTCTCCTTCGCGGCTGGATGCGGCGACGACGAGCCCGCTGGCGACAGGGGTACGGCCGGCTCCGGTGGTGGCTCCGCGGGCACCGGCGGTTCGGAGGAACCGGGCGGCGACGGCGGGCAGGGCGGTGGAGGAGCCGGAAGTGGCGGTCAGGACGGGGGAACCGGTGGGTCCGGAGGAGACCATGAGCCCGAGGTGACCTGGTCCGCCTGCAGTCTTCCCGGGATCCCGCTGGTCTGCACGACCCTCGACGTTCCCCTCGACTGGTCGCGGCCCGAAGGAGCGCGAATCCCGTACTTCATCCGGAAGTCGAAGGCAGCGAAGAGCCCCAAGCTCGGGCAGATCTGGCTGCTGGTCGGCGGCCCCGGACACTCGGGAGAGGACATCATCGGCGTGGCGCCCTACTTCACGTCGATGGGCTTCGACGTCTACGCCCCCGACTACCGCGGAACCGGTCGCTCGGCCCCGCTCGGCTGCGAGGGCCAGGACGCATCGTCGGTTTCGAAGCGCTGCCTCACCGATCTCGCCCAGATCTGGGGCGACGATCTCGCGAGCTTCTCGACGACGGGTGCAGCCCTCGACCTCGGGAACACGATCGAGCGCTTGCGTGAGCCCGACGAGAAGGTCTTCGTCTTCGGCACCTCCTACGGCACTTTCCTCGCCAACCGATACATGAACCTCTTCCCGGAGCGGGCCGATGGGGTGATCCTCGGAGGCATCTGCCCCGCCACCGGCTGCAGCGTCCGAGTCGACCGCAGCATCGATCTCGTGGCTCAGGAGACGTTCGCCGCCTGCTCCGCGGACGCCTTCTGCCGCTCCAAGCTCGGCGACGACCCTTGGCAGACCCTCGAGACGATCTACTCGAAGCTTCGACGCGGCCACTGCTCGGAGCTCGCCGGAGAGTGGAGCGACGCGGCTCTCTCGGCAATCCTCGGCGGCACCCTGGGGGAGCGGTCTCTGGCACCCGTCGCGCTTGCAACGGCGTACCGGGCTGACCGATGCGATCCCGAGGACGTCGTTGCGCTGAAGGCGCTAGGGCGCCAGGTCGCGCCGTGGATCTTCGGCCTCACCAAGGCGAACCAGCCGTACTCCGAGTATCTCTACCTGAACATCGTGATGTCGGAGTTCTTCGACGGGATCACGCCGAACGACCTCCGGGACGAGATCGATCGGCTCACGGTCGCGCCGGGCTACGGATTGGGTTACGCCGACGAGCGCGAATCCTGGCCCTGGCCGCTGTACGAGACGCCGTCCGAGCTCAAGCGCTGGGCCCCGGTGTCGACGCCGGTGCTGATGGTCAACGGCACCCTGGATTCGGCCACGCCGATCGCGGACCTGGCCGGGATCGCGGACGCCTTCTCCGGCCCCGCGCAGACCTTCGTCCGGGTGCCGAACGAGGGCCACGGCGCCGTCCTCGAGAGCTGTCCTCTCGGGATCGTG
NZ_CP012332.1_gap42	1350002	1351056	1054	GCCGCCCTTGACCTCGGAAACGCGATCGAGTGGCTCCGCGAGCCGGGCAAACAGGTCATCGTCCTCGGCACGTCCTACGGGACCTTCCTCGGGAACCGCTACTTGAACCTCTTCCCGACACAGGCGGACGCCGCGATCCTCGGCGGCATCTGCCCTGGGAATGCCTGCAGCCTCCATTACGATCGCGCCACCGATCGCACCGCACAAGAGACCTTCCGACTCTGCTCGGCCGATTCCTTCTGCCGCTCCAAGCTCTCCGCCGACCCATGGGGAAAACTCGAGGAGGTGTACCGGAAGCTGCAGCGCGGCCACTGCAGAGAGCTCGGGGGACTACAGACCGACTTTGTGTTTTCGTATCTCCTCTACACGGTTCTGGGAGAGCGATCGCTGGCCCCGGTTGCCCTCGCCACCGCGTACCGCATCGACCGTTGCGATCCAGCCGACGTGTCGGCAGTGACGAACCTGGCTCGCTTGACGATGCCGGGGATGTTCGCGGTCACCGCAGACGATGCGCCGGAGTCCGCGTATCTCAGAAGGCAAATCACCAACTCGGAGTTCTGGGAGGACGGGTTGACCCCCGACATGCTCCGAAACGAGTGGTCCGATCACCTCGTCGCCCCGGGCTTCGGCTTCACGCTCGCCAGTCAGTACGAGACCTGGCCCTGGCCCCTGTACACGGTCCCGGCCGAGCTCAAGCGGTGGGCGCCGGTCACGATGCCGATGTTGATGATCAACGGAACGCTGGATATCCCCACGCCCATGGAGGACATCGAGGGGATCGAGGCGGTTTTTACGGGGCCGGCGCAGACGTTCGTCCGCGTCCCGAATGAAGGTCACAGCGCCATCATGGCGACCTGCCCCCTCTCGATCGTCAAAGCCTTCGTCCAGAATCCGTCGGTGCGGCCGGACCTCTCTTGCCTCTCCGGGCTGGAAACCATCAACCTTCGGGGAACCAGCAGCCTGGCTCGGCAGGCCTTCGGTACCACCGACATGTGGGAGAACCCAGGGGCGGCGGCTCCAACGGTCCTCCCGGACGAACCGACCGATCCGGGCC
NZ_CP012332.1_gap43	1353316	1356339	3023	CCCCACCATTCAAGCATTCGATCGCCACTTGTCGGTCCTCGGCCTGAGTTTCGAGGCTGTCGTCATCGGCGGCTCGGCCTTGGTGTTGATGGGCCTGACCCAGCGGGGGACACGCGACGTCGACGTGCTCGTGCCTGCACTGCCCGAGTCGATCGCGGCGGCTGCCTGCGATTTCGCCAGGCAGCAGCGACAAAATGGCGACGAACTTAACGACGACTGGCTCAACAACGGGCCGATTCAACTCGGCGACATCTTGCCCGAAGGTTGGCAGGACCGCGTCGAGCGGATCTTTGAGGGAGTGGCGCTGATCCTCAGCACGCTTGGTCGCCCCGACCTTCTCAAGACCAAGCTGTTTGCTCTCTGCGATCGCGGCACCGACATGCAGGATTGCATCGCCTTGGCGCCCAGCGCGGAGGAGCTGGCAGAGTGCCTTCCGTGGCTCGAGCTCCAGGACGGCAACGAGCGCTGGCCCGACCACGTCCGCGCCACGATCTCCGGGCTCGGCAGGAGGCTTGGCCATGCCATTTAGGCGGTCGCCGCTCCAAGAGCGAATGCCGACGCCGGACGTGCTCACGGCTCGCATGGTGGGCATCGGGCTGAACTTCGCAGCTGAGCCCGAGGTTGATGCCGACCTCGAGAGCACGCTCGTCTTCGCCTCGGTCGCGGGGATGGAAGAGGAGGATCTGCGCGTCCTCGCCGTGCTGACAACGTGGATTGGCGTGCATCACGCCTACGTCAATGTGGATCGCCTGGTTCGCCTCGTCTGCGATCAACCGTCCGAGCGCGTCCGAGCCTATTGGGCCGCCATCGCCGGGTGGCTTCACCGGGACCGTCGCTTTGCGCGACTTTCGCGTTGCTACGAGGGGCCGCCAGTCGAGATCTTGCCGACTGGAACGGAGTTCCAGATCGAGCGGCGTGGTGAGGACGAGCGGTTCGTCGGTTCGAAGCTCCGGGCACCGCGCGGGACGCTACGCGATCGCATCGAGGACGTGCTCGCTCCCGATGTGCTCGTGAGGCGCCACGCCGGCTACCGCAACCGCGTGCAGATGGGGCCGTCGTTCCGCGCCGACGTCTGGACCCTCCTCGAAAAGAGCCCGGGGCTGTCCGTTGCGGAGGTTGCGCGCCGCGCGGCATGCTCCTTCGCGACCGCATGGCAAGCGGTCCAGGACTTCCGGCTGCTCCGCGGTGCCCCGGAATCGACCTGAGCCAGGAGGCGGTGAGACGGTCGCTAGCTAACGGGGGGTGAGGGCCTCGTGCGATCGCGGAGGCGAATGGGTCGAGGCTATGCCATCGACGGACCGCGCTCTCAGGCGCGCTCCTTCTGCTCACGCAGGCGGAGGGAGCGCTCCTCGAGCCAGGCCTTCGACCACGCGGCGTAGCGGCCCTCCTCGATGGCGGCGCGGACCCTGGCCATCAGGTCGAGAAAGAAGGCGAGGTTGTGGATCGAGTTCAGCCGGTAGGCGAGGAGCTCCTGCGCCGCGTAGAGGTGGCGCAGGTAGGCGCGTGAGAAGTTCTTGCACGTGTAGCAATCGCACGCGGGATCCAGGGGCGCGGGATCGTCGGCGTAGCGCGCGTTCTTGATGTTGACGATCCCCTCGCTCGTGTAGAGGCGGGCGTTACGAGCGGTGCGGGTGGGGAGCACGCAGTCGAACATGTCGATGCCGAGGCCCACGCAGGTCACCAGATCCTCCGGCGTGCCCACGCCCATGAGGTAGCGGGGCTTGTCGGCCGGCAGGTTCGGCGCCGAGGTCGACACGCTCTCGTACATGGAGGGGATCGGCTCGCCCACGCTGTAGCCGCCGAGGGCGTAGCCCGGCAGGTCGAGCTCCGCGAGCTCCTCCGCGTGGCGGCGGCGCAGGTCCGGGTGCAGGCCGCCCTGGACGATGCCGAAGAGGCTCGACTTGCCCTCCGGATGCCATGCGTCCTTGCAGCGCTTCGCCCAGCGGGTGGTGCGGGCCAGGGAGTCCTCGAAGTAGCGCCTGTCGCTGCCTGCGGGCGGGCACTCGTCGAAGGCCATGATCACGTCGGCCCCCAGCGCCTCCTGCACCTCGATGGAGAGCTCAGGTGTGAGGAGCTTGCGGCTCCCGTCGAGGTGAGAGCGGAAGACCACGCCTTCCTCGGAGATCTTCCGCGCCGCGGCGAGCGAGTAGACCTGGAAGCCGCCCGAGTCGGTGAGGATGGGCTTCGGCCAAGTCATGAAGCCGTGCAGGCCGCCGTGGCGGCGGACCAGCTCGTGACCGGGCCTCAGGAAGAGGTGGTAGGTGTTGCCGAGGATGATCTGGGCGCCGATGCGCTCGAGGTCGTCCGGCGCGATCGCCTTCACGCTGGCCGCCGTGCCCACCGGCATGAAGATCGGCGTCTCCACCACGCCGTGGGGGAGGCGGAGCCTGCCGCGGCGGGCGGCGCTTTCGGGGTCGACCTTCAGCAGCTCGAAATCGAGGGACATCGCGGACCTTCGGTTGGTGTCCCTCGGTGCGGGACGATGGGGGCTCCCGGCGGGCCGGGTGGCGGGCGGTTCCGGTCGCAGCGGGACGAATCCCCTACGACACCAGCATCGCGTCGCCGTAGGAATAGAAGCGGTAGCGCCGCTCGACGGCCTCGGTGTACGCGGCGAGGAGCCGCTCGCGGCCTGCCAGCGCCGCCACCAGCATCACCAGGGTGGAGCGGGGGAGGTGGAAGTTCGTGAGGAGGCCGTCCACGACACGGAAGCGGAAGCCGGGCGTCACGAAGAGGGAGGAGACGCCGGCGCCTGCGCGGATCCGTCCGGTCTCCTCGGCAGCCGACTCCAGCGTGCGCAGCGCCGTCGTTCCCACCGCGATCACGCGGCCGCCGGCCTCGCGCGTCCGCGCGATCGCGTCCACGGCATCCTGTGAGATCTCGTAGCGCTCCGCGTGCATCCGGTGTTCTTCGACGGAGTCCGCGCGCACGGGGAGGAAGGTGCCCGGCCCCACGTGCAGCGTCACCGCGGTCCGCTCGACGCCGCGCTCTCTCAGGGCCGAGAAGACCTCGTCGGTGAAGTGCAG
NZ_CP012332.1_gap44	1474191	1477042	2851	AGGCTCGACCGAGGCAAGAGCTGGAGCCGGCAACGGCCGCTTCGCTTGCCCCTGCATAGCCGCGGTGCTGAGCTTGGGGAACGCTGCAACAACCTCTGCAGGCATCTTGAACAAGTAGCCCTGCCCGCAGCGCACCCCATCACTCCGAACCTGGAACGGAAGGTAGAGGTTCACCTTGGCGTGCTTGGCTTTCACCTCGCTGTAAGCCGCCCTCAGTGCATCAACGTTCGCCCGCAGTTCGTCCAGGTGAAGCGGGTCAGGGAGTTCAAAGGCGCCGTGCAGTCCACAGAAGAATCCCGGCCGTGCGAAGGGGGCTTCCGCCCGACTCGCGGTTCCGCGTGCACCCCACACTGCCGCGGCTTCCCAGTGTCCGCCCTGGGCTACCGACCACGATTCGATCCGGTTGCGCTCAGTCGAGTAGTGGAAAACCGCGTCGCCCTCCTCGACCTCGCGCACGAGGGAGTAGCTCCAGTACGACCTTTCGCCCTTGCGGGTTTGAGGAGCGTGGAGGTCCGAGCCAATGTCGGAGCGGGCGGTCGCCTCCATCCAGAATCGCTGCGCAGGGTCAGCCACCCACCACCGGCTAAGTTTCATGGTCTAAACTGTAGCTCAATGAACGCAAGCGTGCGCGAGTACGGGCCCTTCAGTTCCGGAGGTTCAGGGTCGCGCATGGTGCCCACTTGCGGGCGGCGTGGCGCAAGTTATGTGCGTCAATTGGCCAGCGCTGTGACGGCGCTGACGGCCGCAGCGAGGAAGCCAAGGACGGCACCCGCGAGCTTGAGCCAGAGGGGCCAGCCCGCTCCTCCCTCCGCGTTCGGGTCGATCTTCGTGACTCGGACGTAATTCCCATCTCCGGTGATGACGCGGTTTTGGTCGCCCGTGATGATGACGCTCGAGCCTACGTTCGCGCTGAGCTGCTCGGTTGCGACTGGCCGGACGAATTTCGCGCTGGCCTTGATCGCCCGGATCTCTGTCGAGGCCACCTGCTCCAGTACAACCACCATCGTGCTTTCGGACCGGTCTCGAGTTTCGAAGTAGCCCGGGAGCCGGTCGAGATACGCGTAGGATCCGATCACCGCCCGTTCGATCAGGCCTTCGAGCAGCGTGACGGCCTCGCTCGCAAGGAACTGTGAGGTGGCAGGTTCTGGCACCGCCTCGGCCTTGAACTCCGCGACAACCGTTCGCACCAGCGTCTCCAAATGCCGATGGATGGCGGTGGAGAAGATCGGGGAGTCGGCCGTCACCTTGGTGCCACTACGGGCCTGTTCTACGTGCAGCTTGCCGATGGCTTGCGATAGCGCCGCTCGCGTCACCACGAGGTGCTTGGCCCAGAGCGCCCGGAGGAGTTCGGCAGCTTCATTTGGAGACGCGTTCTCGGCGGCGCTGGTGGTCTTCGTCACGCCCCGAAGTCTGCCACATCGGCGATGTCCGTTCGACCAGCCGCCTGGAGAGCGTCAGGTAGACCGCCGGGAAGGTGCGGTGCGGCGGGTTCGCTTTGGCGACCGCCAACCGAACCAAGAGGCCCCAGAGGCCCACGGCGGCTCCAGAGAGACCGGCACGCGCGAGGATCCCGAAGAGGGCCTCGGCGGCGGATGCGAAGGGGATCATGATGCCCTCCAGTGGGCGGCCTGGGTGTCGTCGTTGGAGGCCACTGCAGCACCAACGGCATCGGTGAGCATCGGGAAGTGCTTCCAGGTCTCGCCGCGGATTGCTTGCCGCATGGGTCTCGACCGTGACCCCGTACTCTCGGGCGAGGCTGGAGATGGAAACGCCTGCCGCATAGCAGGAGCGGGCGTCAATGACCCCTGCGGTAGTGAGCTTGGACGGCGGGAACGTGTCTCCCCTCGCCGTTCGGCCCGCTTCCTCGCGATCCCTCATGTTCTCAGCCTGGGTGCCAAGGACGATTTGGTCGGCACGAACGCAGCCGAGGTGCCCATTCCCGCAAAGATGAACGAATCACTGGCATGGGTGAGTGACGCGAGCTCGTTGCCAGAGGTGCGGCCTGCAGTGGCAAGCTCCCGGGTCAAAATCGTCCGCTCCCGTGCGCCGCAGGCAGGCACGAGGTCGTCCCAAAGCTGAAGGTTGTGGGTGAGGTCCCCGCGCGGGCCGAAGAGTGCCCGGAGGTTCTCAGGGATCTCCTCGGACGGGGGGCGAGGTGGTGCTGTACTTGGTGGGCCCGGCCGCCGTCGCCCTCACAGCGGCCTGGATCGCCAACCTCAGTTGCTTCGGCGCCGAGCTAACAGGTCCGTTCGAGGATGCGGACGGCCAAATTGGCGGTGATGCGACGTGCGCGAACGAGGCTTTGATGACCAGATGGGAGCTTTGGGGATCCATTTCGATCGCGTCGCGGAAGTCGGCCAGCTGTCCTTCCTCCGCATTCTTCCCGCGGAATGGCCGAGAAGACGAGATCGTCTTAGTCCGACGTTCCTCGACGCTTGGCTTTCGAATCCGAGTTGGATCGTCCTAACGGCACGATGGCCGATTGGCGACGCGGATCGCCTCTATGCGCTCGGTCAGCTGCTTCCGTTTGACCCGCAAGCCCTCGGGCCGTAGGGTGCCGCGCGATGGAACGCAAGGTCTTCGTACATACCTTCGGCTGCCAGATGAACGAGGCCGACTCCTCGCGGATGATCGAGTCCCTGGCGAAGTCCGGCTACGCCCAGACCCAGCAGGCGGACGACGCGGACCTGATCCTCCTCAACACCTGCGCCATCCGGGAGAAGAGCGAGCAGAAGCTCCTCTCCGCGCTCGGGCGGTACCGGCCGATGAAGCTCGCCCGCGGCGCGCGGATCGGCGTGGGCGGCTGCGTGGCCCAGCAGGAGAAGGATCGGCTGCTGAAGAAGGTGCCGTA
NZ_CP012332.1_gap45	1540729	1544124	3395	AGGTTGGTGCTTTCGAGCTGCAACGGTCTCACCCCCGGGTACTACGAGTTCCCGCATCGCGCGGCCATGGCCGCGGAAGAGGTCGCACGAGATGTCCATGCTCGTCGTCGGGTCGGTCGCTCTCGACTCCCTGGAAACCCCCTTCGGCGTCCGCGAGGACGTCCCGGGAGGCTCCGCCACGTTCTTCTCGACCGCGGCGTCCTTCTTCGGCCCCGTCCAGCTCGTGGGCGTGGTGGGTGAGGACTTCCCTGCCGAGCACGTCTCCTTCCTCCAGGAGCGGGGCGTCGACCTCGAGGGCCTCGTCCGGGCCCCGGGCCGCACCTTCCGGTGGAAGGGCCGCTACGGCTTCGACCTCAACGAGGCGCAGACCCTCGACACGCAGCTCAACGTCTTCGGCGAGTTCCGCCCCGAGCTCCCGGCGCGTTTCCGGCGGCCGGACTTCCTCTTCCTCGGAAACATTCACCCCGAGCTCCAGGGCCGGGTCCTCGACCAGGTGGAGGCGCGCCCCCGCCTCGTGGCGATGGACACGATGAACTTCTGGATCTCGGGGCAGCGGGAGAAGCTCCTCGAGGTCCTGGCTCGCGTGGACCTCCTCTTCATCAACGACGCCGAGGTCCGGCAGCTCGCCGGTGAGCACAACGTGGTGAAGGCCGCCCGGAAGATCCTGGCGATGGGCCCGAGCCGCGTGGTGGTGAAGCGGGGCGAGTACGGCGCGGTCCTCTTCGAGGGCGATCGCATCTTCGCCGCGCCCGCGTGGCCGCTGGAGGAGGTCTTCGACCCCACCGGCGCCGGGGACTCCTTCGCCGGCGGCTTCATGGGCTACCTCGCGAACGGCAGCGGCGACGTCGACCACGAGTCGCTGCGGCAGGCCTGCGTGGCGGGTTCGACCCTCGCGAGCTTCTGCGTGGAGCGCTTCTCCCTCGACCGCTTCCGCGAGCTCTCGCGCGAAGAGATCCGGCACAGGCTGGAGGCCTTCGGCTCCCTCACCCGTTTCCGCGAGCTTCCCGCGACGCTCCGGTAGGCGCCGATGCGGATCGGGATCATCTCCGACGTCCACTCGAACATCGAGGCCCTCGAGGCGGTCCTCGCCGAGGTCGAGGCGAAGGGCTGCGCCCTCGTCGTCTGCCTGGGCGACGTGGTCGGCTACGGCGCCTCGCCGAACGAGTGCTGCGAGCGGATCCGGGAGGTCGCCGAGATCTGCCTGCTGGGCAATCACGACGCCGCCTCCTGCGGCCGCATGGACTACTCCCGGTATTACAACGCGGCACGGCAGGCTCTCGCCTGGACGGCGTCCCGGCTGACACCAGAGAACGAGGAGTGGCTGGCGAGCTTGCCCTACGTGGATCGCCTCGGGAACGTGGGGCTCTCCCATGGATCGCCCCTCGAGCCAGAGAAGTACCACTACGTCTACGAGGCCGAGCAGGCGGAACGGGTGCTGCCCATCGCGGAGTCGCTGCCGGCGATCACGTTCATCGGCCACTCGCACCTCTGCAAGGCGTTCGCCGTCGAGGGCGGCAGGGTCCGCGAGATCGAGGCGGAGCGCTTCCGCCTCGCCGAGGGCGTCCGATACCTCGTCTCCGCCGGCTCGGTGGGCCAGCCTCGCGATGGCGACAGCCGCGCCTGCTTCGCGACCTTCGACACGGTCTCGCGCGAGGTCGCGTGGCATCGGGTCGCCTACGACATCGAGGCGAGCGCGCGGCGGATCTTCGACGCCGACCTCCCGGTGAACTTCGGCAAGCGGCTCTTCCTGGGGATCTGAGGTGGGCCTCGCCTACTGCGAGGTAGCCGTCCCGCTATCGCACGACGGCGAGGGCGCCGGCGAGGCGCAGGCCCGCGCAGGAGCCCTCCGCGTCACCGACCACCAGGGTTCCCGAGCGGGTCGCCACGACGTGGTCCGCGGCGGGGAGGTGGGCGATGGCACCCTCGGCGATCACGCTCCTGCCGGTGTCGGCGCCAAGGAGCGCCAGCGATTCGCCCGGCAGGGCCACGATGCCTCGCGCGACGGAGGGAGCCGCCCCGGGGCCGCAGGGGACGTTCCAGCGGACCTTGCCCCGCTCGATCCGGCACGCCCCCTCGGCCCCCCGGGCGAAGATCGAGCCGCCCGCCCTCGTGACGAGGGGAGCCGTGCCGCCGAGGATCGGCCGGGCGCGCCACTCGATCGCGCCCTTCGTGGAAACCTTCACGAGCTCGCCTCCGGTGGGCCCGATCCCCGTGACGAGGACCCCCCCGGGCATCGCCTCGAGGGAGCCGAAGCGGGTGAACGGCAGCTCGACGCGGAAGGCCATCTCGCCGTCGTGGGCCCGTCGCGCTTCGAGGAAGGTGTGGCCTCGGAGCTCGACCGCGCCGATCACGAGGCCGTGGGCGATCGCGAGCTGCGACCAGGCCTGCGAGGCCGGAACGCGCCAGGCCTGCCGGGCGGAGGCGGCGTCGATCCCGTAGACGAGGCCGTTGCTCGCGGCCAGCGCCACGAGGCCTCCGGACGCGGCCCAGGTCGCCCGCCCCGATGTAGGCGGCTCGACATGGAGGCGCTCGTCACCGTTCTCCAGGGAGACGCAGCAGAGGGAGGCGTCGCCCAGCCGCAGGACCGCGAGGTCCGATCCCTTCGGGAGGAAGGCGCCGCGCAAGCGGCCGGCGACCGGGGCGGTCCGCCTCCACAAGAGCCGGCCGTGGGGCCCGTGGCAGGCGATGGCGCCCCGCTCCGCGACGAAGAACGGCCCGGGCCGCTGCCCGATCGCGACCTCGGCGCCTTCGCCGAGAGGCAGCTCGAGCTCGAGGCCACCGTCCTCGAGCCGCAGCCGGGCGAGACCTCGCGCGTGGCGGATCCAGGTGCGGCTCCCTCGGAGGATCCAGCGCTCGATGGGCGGAAGCTCCCGCTGCCACGCGGGGCGGAGGGAGACGCGGCGGAGGGCGCCCGGCGCCAGTGGCGGGCCGCCGTCGGGCGCCCGCTCGGAGGCCGGACGCAGGACCACCGGCTCGGAGATCTGTGCGCCCGAGAGCTGCTCGCAGAGCTCGAGGCGGTCGCGGGCGTCGTTCACCAGCGCATGGAGGTGAGGGTGATCGGCGAGGCGGGCATTACGGGCGAGGAGGACGCCGCCCAGGTCCAGGGCGGCGGAGAAGATCGACCTCGCCACGTCCGTCGGCCGGCAGCGCAGCGTGCGGCCTTCGAGCGTGAGGGCGGCGCCGCGGAGGTCGAAGCCAAGCGTCGGCGCGTCGCGGCCCAGGACCAGCGGGAAGCGGGTCGCGCCGCCCCGCGCGGCCTCGAGGAGGCGCAGGCCCGAGTCGGAGAGATCGCGGAGCAGCAGGAAGGGCGCGCCCTTCACCGAGCAGAGCTCGCCGCCGTCGGAGTCGTGGACGTAGAGGTGCCCTGCGGCCAGGAGCGCGTGGAGATCGTCGCC
NZ_CP012332.1_gap46	1547870	1549289	1419	CTTGCCCGAACGCAGGGCTCCGTGTAGGGTCCGCCCCCTTCGGCCCCTCCCGCTGCGGCGAGGCGGCGCTCTCACGGGGAGCTCTGGGCGTGGTTCCGACCGAGATCCGGGTCATCTACGGCGACACCGATCAGATGGGCGTGGCGTATTACGCCAACTATCTCCGGTACTTCGAGGCCGGGCGCAACGAGTTCCTCCGCGGGACTGGTGTCCGCTACCGCGACGTGGAGAGCGCCCACGGGATCCTCCTCCCGGTGGTGGAGGCCACGGTCCGCTACAAGCACCCGGCGCGCTACGACGACCTGATCCGGGTGGAGACCTGGATCGCCGAGCTCGGTCGGGCCAGCCTCCGCTTCGAATACCGCGTGGTCCGGACCGGCGACGAGCGCCTGCTCACAGAGGGCCACACGGCCCACGTCTGCGTCGACCGCGAGCACAAGCCGCGGAGGCTCCCCGAGGAGCTCCGCCGCCTCCTCGAGCCGCGGACCGGCATGCATCCGGAGTCGTAAAACGATCGCTCGGGAGACGGCGGCCCGGAGGCCGAATCCGCATCCTTGGCGAAGCCTGAATCGTCGAATTGGACGCCCCGAACGGGCGCATGGAGAGGAACGAGAAATGGATCGGAATCTGGCGCTCGAGGTGGTCCGCGTGACGGAGGCCGCAGCCCTCGCGAGCGCGAGGCTCATGGGCCGTGGCGACGAGAAGGCTTGTGATCAGGCTGCCGTGGACGCGATGCGGAAGGCCTTCGACTCGCTCCGGATCCGCGGAACCGTGGTGATCGGCGAGGGCGAGCGCGACGAGGCGCCGATGCTCTACATCGGCGAGACGGTCGGCTGTGGCGACGGGGATTCCTCCGAGGTGGACATCGCCCTCGACCCCCTCGAGGGCACGACCATCTGCGCCACCGGCCGCGGCAACTCCATCTCCGTGATCGCGATCGCGGAGCGGGGCAAGTTCCTCCACGCGCCGGACACCTACATGGAGAAGATCGCCGTCGGCCCCAAGGCCAAGGGCGCGATCGACCTCCGCAAGACGCCGACCGAGAACCTCCGCCGGATCGCCGACGCGATGAACCGCTACGTCGAGGATCTCACCGTCTGCATCCTGGATCGCCCGCGGCACGAGAAGCTGATCCGCGAGGTGCGGGACGCCGGCGCCCGGATCAAGCTCATCGGCGACGGCGACGTGGCGGCTGCGGTCGCGACCTGCTTCGAGGAGACCGGCGTCGACGTCCTGATGGGGATCGGCGGCGCGCCCGAGGGCGTGCTCGCGGCTGCCGCGATCCGCTGCGTCGGCGGGGCGTTCCAGGGCCGCCTCTCCTTCCGCAATGAGAAGGAGAAGGAGCGCGCCAAGGCGATGGGCATCGACGACCTCGAGAAGGTCTTCGACCTCGAAGACCTCGCCTCCGGCGACGTGATG
NZ_CP012332.1_gap47	1624120	1625607	1487	TCGGCGTCCTTCTTGGAACGGCCCTCGCCCCTCCCGAAGAGGGTTTCCCCGACCCAGAGCTCGACGGAGAAGACCTTGGCGTGGTCGGGCCCCCGCTCCTCCACGAGGCGGTAGCGCGGCGCGGCACCGAGCCTCGCCTGGGCGAGCTCCTGCATCTGCGTCTTGAAATCGCGGTTCGCCAGGGACGTGCCGGCCCTCTCGAGGGAGGGAAGGAAGAGCCGGTCGACCACCGCGAGGACCTTCGGAAGCCCGCCGTCCAGATAGAGGACGGCGATCACCGCCTCGAGCGCGTCGGCCAGGAGGCTGGGCTTGGTGCGCCCGCCCGAGAGCTCCTCTCCCCTGCCCAGGAAGAGCAGCTCCCCGAGCCCGATCGAGGTCGCGACCTCGAAGAGGCCCTCTTCGTCGACGATCGAGGCCCGAAGCTTCGAGAGCGTCCCCTCGCTCGCCTCCGGGAAGCGCTCCATGAGCCGCTGGCCGATCGCCAGGTCGATCACGGCGTCGCCGAGGAACTCCAGGCGTTCGTTGTCCAACAGCCCCTCGCCGCGGTGCTCGTTGACGTAGCTCTTGTGCGTCAACGCCGCGAGGGCGGTCTGGCGATCCGGCAGCGGGATCTGGAGGCGCTGCTCGAGCTGTGCGACGGGATCCATGGGCGCAGCGGAATCCTACGTTCCCGGCCCGCCCGATAGGAAGCGCTTTCGGCTCCGAGGATTCCCACGCGAAGAGCCTCTCGGGACGGTTTTCCTGGGGTTCCCCTTTGCGCTCGATCTGCTAGGAAGCCCTCGGACCGGCGAACCGAGCCACCATCTCGAAGAGAGAGCCTGCATGAGATCCTTCCTGATCGCCTTCGTCGCGCTCGCATCGGCGTCCAGCGCGAGCGCCGCGCCCGCCGACGAGCTGGAGGCGCGCGCCAAGACCTTGACCGTCCCGGGCGCCAAGAGCCCAGAGACCGACCAGACGGTGAAGCTGGTCGCCGAGCTCGGGACCGCCCTGGCGCGAGGCAACACCGAGACCTTCCACATCCACACCAGCGGTCGCCTGACCATCGCCCCCGGCAGGGATTGGGTCCTCGAGACCTTCGGCCACGCGCTCTTCGAGGAGTCACGCGGGTCGACCACCGCCAACAACTGGGGTCTCTCGCAGCGGGGCGATCGTTTCGTCTCCGAGCGGGTCTCGATCTTCGCGGCGGGCCAGGCCGAGAGGGACGTCTTCGCGGGCATCAAGATCCTGCTGGCGGCCCAGGTCGGCGCGACCTACCTCGCGTGGGAGACCCGCGATCCGGAGAAGGCCGAGCTGATCACCAACCGGCTCCGGCTCGAGCTCGGCGGCTACGGTGCCCGGGAGAACTTCACGCTCTCCCCGGCCGCCCCTCCCGACGCGGTCCTGACCGCGAACGACCGGAACATCTGGGCGTCCCGCGTCGCGGTCTCCTACCTCCACGCCCTCTCCCGGACCTCCACCTTCGGTTTGGATTCCGAATACATCCAGGA
NZ_CP012332.1_gap48	1708694	1710465	1771	AACCCCGTAGGGGGAGACGGGACGGCTCGGGTGGGTCTCGGGGGCCGGATAGACCTCCTGTTCGCCGTAGCAGGCGCCTCCCGACGAAGCGAAGAGGACGCGCCCCACCCCGGCCTCGGCGGCGGCCTGGAGGAGGTTCAGCATCCCGATGAGGTTCACCTCGGCGTCGTAGCCGGGCTCGGAGACCGAGCGGCGGACGTCGATCTGGGCGGCCTGGTGGACGAGGGCGTCGAATCGCTCGGCCCGGATCAGGTCGGCCGCCTCCCGCGAGCGGATGTCGGCCTCGACGAAGCGGGCCCGGGCGGGCACCTGCTCCCGCTTGCCGCTCGAGAGGTTGTCGAGGACCGTGACCTCGTGGCCGGCTGCGATGAGCTCGTCTGCGACATGGCTTCCGATGAAGCCCGCGCCACCCGTAACGAGAACCTTTTTCATGTTCCCCTCCTCGAGCGGGTGAAGAAATCGCCCCCGGGAACGGGAGCGACTTCTTCATCTCGCGCTTCGCGCGAGAAGCGCTCTTTTCGTCTGCTCGCCTCCGGCTCGCGAGAGTTCGTGAAGTGCTTCACGAACTCTCCGTCGACCGACGCCACTAGGACGCGCGGCAACCTAGCGCCCGGAGGCGCAGGGAACAATCTCTTTCTCCCCTTGAGCGTGGACCTGTTTCAGTCGTTCCGACCGAACATATCGAGCTGCTGGCCCGGGATCTGCGACTTGTGCTCGTCGAGGATCTTGTCGATCCCCTGGCGGATGTACTCGGCCACCGGGACCTTCGTCACGCGATTCAGCGCCTTCAGCTTCGCGTCCTGCTCGGCCGTGATGTAGATGGTCGTGCTGATCTTCTTGCGTGCCATGGCAACGTTTACGCTACGTTGCCATACGCGCACGGGTCAAGTTCAGGGCTCGAGAGCAGGACTGTCGCAGCAACACGGATGACCGCGCCGCTGCGACAGACTGAAGGCTGACTACGGCGTCGAGCCGGTGCGGCCGTACACGTCCTCGAGGCGGACCACGTCGTCTACCTCGGGGGTCGAGGCCTCGAGGACGTCGCTGTCCTCGAGGGCGACGATGCGATGGACGGTCCCGGGGGCGATCCGATAGCTCTCCCCTGGAGCCATCTTGCGCTCCACGGGCCCGGCTCCCTCGTCGACCACGAGGATGATGGAGCCGCGCTGCACGTGGATCGTCTCGTCCTTCTTCACGTGATACTGGAGGGAGAGCCGCTGACCGGCTCTCACGTGGAGCAGCTTTCCCACGTACTTGTCGGTCTGGGCCCACCACACTTCGTAGCCCCAGGGCTTCTCCACTCGCGTGATCCCCATCTACCCCTCCGTCGGCGTCACGAACCCGTCGAGCCGCGCCTCCCGCCGCAGATCCTCGAGGTAGCGCGAGGCCTCCTCACGGGTACGGAACCGCCCCACCCGCACCCGGTAGAAGGTCCCCTTCCCCGGGACTTCGGCTTTGACCACCGTCGGCGCGAACCCCTTTCGCCGGAGCTGGCCAACGAGAGCGTCCGCCTCCTGCCGGCTCGGGAACGCGGCGACCTGGACAGTATAGGCCTCCTTCCCGGCTCCGGCCTCTGCCGCGGGCGGGGGCTTCGGGGCGGATGTCGAAGAGGCGACGGCAGCGGAGCCCTTGGGAGCGGGCGCCGCGGGTGCGGGCTTCGGAGGCGGTGTCGCAGAGGGTTCCTTCGACGCCGCGGAGGCCTGGGCGGCCGAAGCGACGGCAGGGATCGGGGCCTCCTTCGGGGCGGCCCCTTCTGCGATCCCCTCCCGGT
NZ_CP012332.1_gap49	1712660	1715039	2379	GCCGCGAGGGCGGCGCGACGAGGTCATTCGTCGTCTGCACCGCCCGTGGCCGAGGCCAACCGCGGGATATCATGTTCCGCCGCTTTCGGAGGGCGGATCCGTCCGATGGTGTCCCATCCGTAGCAGCGGGGGCAGCGGAAGAAGAACTGCGTCAGCTCCATTCCGCAACCGCCGCAGGCGAAGGGGCGCGGCGTGTTGCCCGGCCCCTTGAGAAGCGCGCGGAGCTCGGTTTCGAGACCATCCGCCGGGCCGCCTTCGAGGAGGAGCTCGCCGAGCTCGAGGCGGGCCTCCCCGTTCTGCGGATCGGCCTCGAGGATCCGGCGGAGCTGCCCCGCCGCCTCGTCCAGCAACCTCCGCCGCCGAAGGTGCCGCGCGAGGGCGAGGCGCAGGGACGCGTCGTCGGGATTCGCCTCCAGCCTCTCGCCGAGGAAATCGCCGAGGGCGGGGTATCGATCCTGGGCCAGGAAGGCGCCCTCGAGCAGGGGGACGATCGCCGAGAGGATCTCCGGCCGCAGCTCGAGCGCCTCGGAGAGCGCGGCCACCGCCTCGGCTCCTTCTCCTCTGGCGAGATGCAGCTCGGCCCCGGCCACCCGCACGTCCGCGCTGCGAGGATCGGCCGCCTCGCCCAGCGCCACCACCCGCGCCGCGTCGTCGAGGCAGCGCTCGGAGAGCAGCTTGCGGGCGTGCCCGGCGTGAAGGTGCGCGGACAGCGCAGGCTGCGCGCCGCGCAGGCCTTCCAGCCGCTCCTGATGGCGGGTCGCGCCCTCCCAGTCCCCGACCTCCTCGCAGAGCTCCCGCAGCTCACGGAGCGCCTCGGCGTGGAAGGGATCGGCGTCTACCACTTTCTCGAAGGCCTCCATCGCCCTGGCGAACATCCCGAGGCGCCGGAAGTCCAGGCCCAGCTCGAAGGTCGCGCCGGCGCGCCACTCCGCCGATAGCCCGGGCACGGCCAGGATCGCTTCGTGGATGCGGACCGCCCTGCCGAGATCGCCCTTGCGACGGAAGAGCTCGCCCAGGCCGAAGGCGGCTGCCAGCGCCTCCGGATCCCCCGACGGCAATCGGGAGAGCACCAGCGCGCCATCGTCGCCGTCGCCTTCGAGCACGTAGCGGAGGGACGTGAGCGGGACGGGGCCCGAAGGATCACCCCCCTCGCCGCGGCGCTTGCCGCTCGCTGCGACGAGGACGCCCACGATGGCGCCGAGCGCGATGCCGAGGAGTGCGGCCCAGAGGAGATTGGCGACGAGGGGATCCAACGTAGCCAGACGATAGCAGAGCCGCCGGGGGCGGTCGCCACGACGGGCTCCCGCGACCGCCCGAGTTTGCTTAGCCCGAGAAGGCCAGCGCCGCGTCGAACGCGGGCCGGAGCTTCACCCAGGTCGCGTCGAGGTGCTCGGGGATCACCCGGGTCTCGGCGAGCACGGGCATGAAGTTCACGTCGCCCGCCCAACGGGGCACGATGTGCCAGTGGAGGTGGTCGGCGATCCCGGCTCCGGCGGCTCGTCCCAGGTTCATGCCGACGTTCAGCGCGTCGGGACCGAAGGCCTCGCGGATCACCCGGATCGAGAGGCGCAGGGTGCGCTGGAGGTCGTCGAACTCGTCCTCCGGAAGCTCCCCGGGGTCCGCAGCGTGCCGCCTCGGGACGACCATCAGGTGGCCGTTGTTGTAGGGGTACTTGTTCAGGATCACGAAGGACGAGGCGGAGCGGCCGAGGATCAACCGATCCCGATCCCGCTCCTCCGCCGGGAACCGGCAGAAGATGCAGCCCTCGTCCGGCGCCTTGTCCGCCCCTTCGATGAATGCGAGGCGCCACGGCGCCCAGAGACGTTCCATTTCGTTCAGGTTCCCGGGAGCCGAAACTCGACGCGCGGCGCCGCCGAGGTCTCGCTCCGAAGCTGCAGGCGCAGCTCATCCGCCACCGCCCGGACGCCTTCGCGCACGCTGGCGCGGAGGAGGCGATGGAGCGAGAGCGGCTCTTCCTTCTCGGGGTAGACGAGCTTCGGCTTCCCCTCGATCCCGGCGAGCTCCGCCGCGAGATCGACCGCGTCGTTGAAGTTGCCGAGCTGATCGATGAGGCCCGCCTGGAGCGCCTGCTCCCCCGTGAGGACCCTGCCGTCGGCGATGGCCTTCACCTGCTCTTCGGGGAGCTTCCGCCCCTCGACCACGGCCCCGACGAACTGCCGGTAGACGTCGTCGACCAGGCCCTCGAAGACCTTGCGATCCGCCTCCGTGAACGGGCGGAACGGGTTGCCGATGTCCTTGGCGGCGCCGCTCTTCACCGTGTTCATCTGGAAGCCGATCTTCTCCGCGATCGCCGTCACGTTCGGGAACTGGGTGATCACGCCGATGGATCCCGTGAGCGTACCCGGGTTCGCGACGATC
NZ_CP012332.1_gap50	1717519	1718596	1077	GGGCTCCGCGCCGAGTTCTACCCCGAGAAGACGAAGGAGAGGTGGCGGCCGGTGCGGCCGGCGTCACGCCGGTGGCTGAAGAACCGCGAGTCGTCGCAGGAGGTGCACCCTCCGACCTGCTCGATCGAGGCCTCGGGGATCCCCGCAGCTCGGAGCTGGAGGCGGTTGATCAGGATCAAGTCGAGCCGCCTGCCCTCCACCACCTCCGGTCCCGCCAGACGCACGAAGCGGTCTGCAAGCTCCGACGAGACCTCGTAGCAGCAGGGGCCGATCGCCGGGCCGATCGCCGCGATCAGTTCGGAGGGAGCGCTCCCCAGCTCCGCGAGGGCCCGGACCGCCTCGGCGGCGATTCCGGCCTCGGTGCCCCGCCAACCCGCGTGGACGGCAGCCACGCGACCGGTTCGGGGATCGGCGAGGAGGATCGGGACGCAGTCCGCCGTGCGGATCGCGACCGCCAGCCCCGGCGCCGCCGCGAGGATCGCGTCGGCCTCCTCGCCCGGCGGAATCGGCGCGTCGGCGCCGAGGACGAGCACGCGGCTGCCGTGGACCTGGACCGCGGAGCGGAAGGCGCCGCGCTCGAAGCCCGCCGCCCGGGCGAGCCGCCGGTGGTTCTCCTCGACTGCGCCGGGATCGTCCCCGACGGATCCGCCGAGGTTGAGCGACGCGAGCGGGCCGGTCGACACGCCGCCGCCGCGGGTCGAGAAGCCGTGGGCGATGCCAGCCGCCGCGAAGCGCTCGCTCCGGAGGATCTCGAGCTCGTCTGGAGTCGTCATCTCATTTCTCGTCGCAAGCCGTCGGAGCCAACAGGCAACGAGCGAGGACGCACTTTCCCTCGATCGGATCGCAGCGCAGATCCTTCTTGCAGTCGTCGTCGGAGCGGCAGACCTTCGGCACGCATTCGCCGTTGTCGGGGTCGAGCTCGAAGCCCTCGTCGCAGGGGGGCTTCGGCTTCCGCCTCTCCCCTCCCTCGAGGAGCACCTCGCCGCACGCTCCCGAGACGAGCACGCAGAGCAAGAGGGAGATGCACAGTCGCGCGACGGCGACGACGCGTCCCGCCCCCAAGGCCATCAATCCTCC
NZ_CP012332.1_gap51	1886458	1888521	2063	GTGAAACTTCGCACCCAATGGTTCGACAGCGATTCCGCTGGTCCGATGCGGTACCGGTGGTGGAGCGACTGCGGTGGACGCTTCAGCCAAGGATCCGAATCGGGATGGGTGACCACCACGTCGGTAGGCCAGATCGTCAGCCTCCCCTTCGTGTACGAGATCGTCCGCCCGGACCACTATCAGTGCCAGTTCGACCTCACGGTCACCGATCCCGAAGGAGCGCAGTCCACCGAAATCCATGGCGTTTTTCCGATGTGGCCAGGGGAGTACATTCGGTGAGCTCGACACCCGGAAGGGGCCCCTCCCCTCACGCGGGTATGGGATGTGCCAGTGTGGCCAGCGGACCGACCTTTCGGCTCCGTCTGCAACCGCTCGATCCATGCATCGCCCGCCGGAATGGCCCAGCGAGGCGGACACTCCGCGTTGGAGAGCAGAGACGGTCACTTGAACCATCGGGGGAAGTCGACATGTTTGCGTTCGGCAGAAAAATCGTTCCGCTCGTCGCCCTCTGGGCGTGTGCCTTCGTCTGGGGAGCCTGCGGCCGCTTCGGGGTCGTCGAGGAAGACCCGGGTCCCGACTCCGGCACGATCCGGGTCGTGGTCCAGCCGGCCCACGCAGGTCCCGGCCCGCAGCCCGGGGACATCACGGGGGTCTTCGTCATCCTCGCGCCGCGCGGCACCATCATCGGTGACAACGGCGAAGTAGTGAACAACATCAACATCGAGCTCGAACGCGATCCGATCTCCGGCCGGTGGAGCGCGTCGCGGGATCGGGTCTTCGTCGGGACCTACGCCCTCAGCGCCGAGGCCCAGAGCCCGCAGGGCGTGTTGTTCCGCTCGGAGCCGCGCGACGTCTCGATCACGAAAGACGCCCACTCGACCGTGGTCATCGTGATGAACCAGGCAAGCCAGCCCGGCGACATCTACGCACCCGTCCTGGGGTACCTCGGTTTCCCGACCTACGTGGAGCAGGGAGACACCGCCCAGATCCACGTCGTGGCGAACCAGGGAGAGGGTGCGCTCACCGCCTCGGGATCGTTCCCGGCTGGAGCGCAATTCACCGGCGAGTTCGGCAACCCGGTCACCGTCGTCAACGGAGAGGCCATCCTCCAGTGGACCGCTCCCCGGAACAACGGGCCGAAGCCACTCATCATCCGCGTCAGCGACCAGGATGGAAACCGGGTCGAGATGGGCATCGTCATCCAGGTCGGAGTGGACTACGCCGAAGCCCTGCTGGAGGCGACGTTCAACCTGGCGCCCCACGTGGAGATCCGGGGAGAGGTGACCCACAGCGCCGCGTCGAGCGAGCTCGCGATCCGTCTCCGATCGGTCGACACCGACTCGGTAGGCCAGATGCGTTACGAGTGGACGAGCACTTGCGGCGGCACCTTCACCCAGGGCGCGGCGACAGGCACCTTCACCACGACGACGACGGGTGAGATCGCGGAGGTGCGCTTCACGTACGAGGTCGTCGGCGCCGCCCGGCTGGAGAACTGCGTGCTCGAAGCGACCGTGACGGATCCGGAGCTCGCCTGGGCGTCGGAGTCCTACAACGTCCGGATGCTGCCGCCGGGCCAGGGCGGATGACCAAATGAAACGGGCCTGCTCGAGGCAGGCCCGCTTCCTTGAAAGCCCTGAACCGCTAGCCGAGGCGCCCCAGTTCACGGGGCGCCCGGTCAGCGACAAATTCAGCCGATCAGCATCCGCATCGGGTTCTCCAGGACCTTCTTCACCGCCTGGAGGAACTGGGCGCCCACGGCGCCGTCGACGATCCGGTGATCGCCCGAGTAGCCGATCCGCATCCGCTGGCCGATGACGATCTGGCCACCCTGCACCACCGGCTCCTCGCGGACCTTGCCCACGCTGACGATGGACGCCTGCGGCGGGTTGACGATCGCGTAGAAGTGCTCGATGTCGAACATGCCCAGGTTAGACACGGTGATCGTGCCGCCCAGGTAGTCGTCGGGCTTCAGCTTCTTGTCGCGGGCCTTCCCGGCCAGGTCGCGGACCTGACGCCCGAGCTCGCCGAGGGCGAGCTTGTCGGCGCCCCGGACCACGGGGGTG
NZ_CP012332.1_gap52	1890441	1894687	4246	CGCCTCGAACCACTGCGAGTGCTGGGCGCCCAGGCTGCGCGCCGCGCCGTTGGGGCCGCGGAACACGATCGGGCAGCTGAGCTCTCCCGCCGCCATGTAGCGCATCTTCGCCGCGGTGTTGACGATCTGGTCCATCGCGAGGATCGCGAAGTTCCAGGTCATCACCTCGATGATCGGCTTCAGGCCCATCATCGCGGCGCCGACGCCGAGGCCGCAGAAGCCGAGCTCCGAGATCGGGCTGTCGACCACGCGCTTGGGGCCGTACTTGTCGAGGAGGCCCTTCGACACCTTGTACGCGCCGTTGTACGCGCCGACCTCCTCCCCCATCAGGAAGGTGTCCGGATCGCGCCCGAGCTCCTCGTCGAGCGCCTCGTTCAGTGCATCACGGAAAGTGAGCTCACGCATTACTTCATGTCTCCGTGCTGGCGAATGGGGTCGACGTAGATGTCCTCGTAGAGGTCGGAGACCGGAGGCCACGGCGACTCTTCGGCGAAGCGGATGGACTCCTCGACGTCCTTGTCGATCTGCTCGTCGATGGCGTCGAGCTCCGCCTCCTTCGCTGCCTTCTTCGAGAGGATCCAGTCCCGCATCTTGGGGATGGGATCGAGCTTCCGCTCCTGGTCGACCTCCTCGCGAGTCCGGTAGACCGCGGGGTCGGACATGGAGTGGCCGCGGTAGCGGTAGGTGTCGGCCTCGATGAGGGTCGGACCCTCGCCGGCGCGAGCGCGGTCGGCGGCGGCCTTCACCGCCTCATACATCGCCAGCGTGTCCTTGCCGTCGGCGTACACGCCGGGCATGTCGTAGGCGCAAGCGCGCTTGTGCACCTGGGTCACCGCCGAGGAGACCTCGATGGGCGTACCCATGCCGTAGCGGTTGTTCTCGCAGATGAAGATCGCCGGGACCTTCCAGAGCGCCGCCATGTTGAGCGCCTCGTGGAACGCACCCTGGTTCACGGCCGCCTCGCCGAAGTAGCAGACGGTGACCTTCCCGTCCTCGCGGTACTTCGAGGAGTAGGCCGCGCCGAGCGCGAGCGGGATCTGGCCGCCGACGATGCCCCAGCCGCCGTAGAAGTTCCGGGGGATGTCGAAGAGGTGCATCGAGCCGCCCTTGCCCTTGGCGACGCCGGTGACCTTGCCGAAGAGCTCCGCCATCACCGGGCCGGGAGGCGTCCCGCGCGTGAGGATCTGCCCGTGGTCACGGTAGGCCGTGATCACGTAGTCGTCAGGAGTGATGCCGAACTCGGTGCCGACGGCAACGGCCTCCTGGCCGATGTACAGGTGACAGAAACCCGCAATCTTCTGCAGCGCGTACTGCTGCGCACAACGCTCCTCGAACTTCCGCAGCAGCACGAGCTGCCGGTACATGTTCACGAGGGTTGCCTTGTCGAGCTTTTCCGCGAGCCCGTAGGTAGGCTTCGCCACACAGACCTCCTGGTGAAAAACCGCAGGAGTCATAGGGTTTTCAGCAAGGGAGGTCAAAGGAAAAGGCCCAACGCGGCGCGTCGCCGGACGGTAGCGGAAATGGAGCGCGGATTCGGCGTTCGCCTGCCGCGGCGATTCTGGTAGAACGGCCGGATTCCACGCTACGACGGTTGCTTCCGGCGACCGTCTCTTGGCTTAGGAGAGATCCGTGCTTCTCGCGGGAAAGAAGATCCTGATCACCGGCGTGCTCACGCCCCAGTCCATCGCCTACATCGTGGCGGAGCTCGCCCAGCAGCAGGGCGCCGAGATCGTGCTGACCGGCTTCGGGAGGGGCATGTCCCTCACCGAGCGGAGCGCCAAGCGCCTCGATCCCGCGCCGGAGGTCCTCGAGCTCGACGTCACCAACCCCGAGCACTTCCCGAAGCTGCGCGAGACGCTGGCCAAGAAGTGGGACCGCCTCGACGGCATCGTCCACGCCATCGGCTTCGCTCCCGAGGACGCCCTCGGTGGAAACTTCCTGAACACGCCGTGGGAGAGCGTCTCGACGGCGTTCCGCGTCTCGACTTTCTCGCTGAAGGAGATCTCCACGGCTCTCGCTCCTCTGATGCCGCCTGGCTCGGGGATCGTCACCCTGGATTTCGACAACACCAACAACGCGTGGCCGATCTACGACTGGATGGGCGTCTGCAAGGCGGCGCTGACCTCCACCGTGCGCTACCTCGCCCGGGACCTGGGCCCGAAGGGGATCCGCGTGAACTCCCTCGCGGCCGGCCCGCTCGTGACCATGGCCGCCAAGGGCATCCCCGGCTTCAAGACCCTCGAGAAGCGCTGGCCCAAGCAGGCGCCGCTTGGCTGGGACTCGCGCACGCAGCACGGCGCCGTGGCCCGCACCACCGTCGCCCTCCTCTCCGACTGGCTGCCTGCCACCACCGGTGAGATGGTCCACGTCGACGGTGGCTACCACGCGGTGGGCGCCGCGCCGATCGATCCCGACCTCGACGAGAACAACGGCCCCTCGGAGGGCTGAGCGCGCCTCAAGGAATCGGCCCCGTCACGCGGGGCCGATTTCGTTCAAACGCTCAGAGCGTTCGAAGGGCGTCGACGACCGCGGATGCCATTCCCTCGTCGTCGGCTCGCGACGCGACCCACACGTCGTCGATTCCGGCCTTTTCCAGGGCTGCTGCGGTCGTCTCGCCGATCGCTACCGCCCGCGCCCTGCCGAGGCCCGACGAAGCCGCCGCCAGCACCGCCTCCACGGCGGAGGGGCTTGCGAAGACGACCGCGTCGACAGCACCTGCTCGCAGATTCGCCACCAGGGGCTCGAGCTCCGCCGGCGACGCACGCAGCGTCCGATACGCCGCGACGACCTCGACGACGGCCCCTCGGGACTCGAGCCCTCCCCGCAGCTCTTCCCTCCCCTCCTCCGCCCGAGGCTGGAGGAAGCGCGCCCCGCGGATCCGCTCCCCGAGGAAGCTCCCGACCGCGATCGCCAGCGCCGAGCCGTACTCCGCCCCGGGGACGACGTCGACACAGATGCCGAGCCGGCCGAGGGCCGCGGCAGTCCCCTGGCCCACGGCGCCGATCACGACCCCGTTGAGCGAGGCGTTCCCGCCGCCCGCTGAGCGGAGGCGGAGCCAGAAGGGCTCCACCGAAGCGGGCGAAGTGAAGAGCACGCCCGCGTAGCGTCCGGAGAACACGCCGGCGATCCCGCGATCCAGCGGCCCCCACGAAGTGGGCGGCGCCCGGCGGATCGCCGGCGTGAGGAGCACCAAAGCCCCCATTCCCTCGAGCTTGCGCCGGAGCGAGTCGGTCGACTCCGCTGGACGCGTGAGGGCGACGCGCCTCCCGTCCAGCGGCCCCACTAGTGGGGCACGCCGACGGTAGCGCCTGCCAGCTCGTCCAGGATCTTCCTGGCGCCCATGGCGAGGAGCACCCCGGCGACCATCTCGCCGATTTCGGCGGCGTTCGCGGGGTCGCCCCTGCGCTCCGCGTGGAGGAGGCCGGTGCCGTCCGGGCGGCCGACGAGCGCGCGCAGGGTGAGGACGCCGCCCTCGACGGTGGCGTGGCCGGCGATCGGGACCTGGCAGCCGCCCTCGAGCCTCGCGAGCAGCGCCCGCTCCGCGTCGGTGGCAGCCCGGGTCGGGGCGTGGTCCAGCTTGGCGACGATGGATCCCAGCTCCGGATCGCCGTCGCGGATCTCGATCGCCAGCGCGCCCTGCCCGATGGCGGGGATCGAGCGCTTCGCGTCGAGGACCTCTGTGGCGGCGTCCGCCAGCCCGAGCCTGCGCAGGCCGGCGTAGGCCAGGACCACGGCGTCGACCTCGGCGTCCGCCTTTGAGAGGCGCGTCTGCACGTTGCCGCGGACGTTGACGATCTCGAGGTCGGGACGCACCGCCTTGAGCTGGCACTGCCGCCGAAGGCTGCTCGTGCCGAGGCGGGCGCCCTTGGGGAGCGCGTCGAGGGTGCGCCACCTGGGCGAGCAGAGGGCGTCGCGGGGATCCTCCCGCTCGGTCACCGCGCCCAGGGCCAGGCCCGGCGGGAACACCGTGGGCACGTCCTTCAGCGAGTGGACGGCGAGGTCGGCCCTGCCATCCAGCAGCGCCTCCTCGATCTCCTTCACGAAGAGCCCCTTGCCGCCGACGCGGGCCAGGGGCACGTCGAGGATCCGGTCCCCGGTGGTGACGAGGGGAAGGAGCTCGACCGAACGGCCGGTGAGGGTCTTCAAGCGCTCGGCAATGTGCTCCGCCTGCCACAAGGCCAGGGCGCTCCGCCGCGTGGCGATCACGAGTGGTTTCACGATTCCCGCTCCCGATGTGCGCGTTCGC
NZ_CP012332.1_gap53	1900665	1902132	1467	TCTCCACGGCGGACACCACGCGCCCGAGATCCTCGTCGTCGAGGCCCAGCTGCCCGGCGAGCCTTCCGATCACCTCGGGGCAGTCCTGGCAGAAGGCCGGGGTCAGGAAGACGTCGTAGCTCGGCCGGTTGTCGGCGAGGATCTGCCCCTTGCGGTCGAGGATCATCCCTCGATCCGACGCGACCCGCAGCTCCTTCACGAAGTTGCCGGAGCTCTTGGCGAAGTAGTCATCGCCCTTGAAGATCTCGAGGTACCAGAGCCTCCCGGCGAGCAGGAGGATCCCCAGCGCGACGGCGGCGCCGAGCCAGCCGATGCGCCGCTTCAGCTCCCGCTCCTCCCTCGCCCGGATCGCCAGCTTCATCGCGTTCGGCTTCTACCCCTTCTTTCCGCCCGAGGACAAACCGCAAACGCTCGCCCGCCCTTCCCTGCCACGGACGTTCGGTGGGTCAAGCCTTCCCGTGCTGGGTCGCCTGGTCCAGCCTGCCGAGGAGCCCGTGAACCGGGAGGGCGAGGAGGCCGGCGATCGCCGCCTGTGGAACGAGTGAGAGCCAGGCGACCGATCCCGGGCCGGCGCCGGGGGGCGCCACGGCGAGGAGGCCGCCGAGGATCCCGGCCTGGTACACGAAGCTCGCACCCGTGGTGTAGATCACCACGCCGATCCACGAGAACCGGCCGGAGCGAGGCCAGGCCATCCGGCCTGTGGTCCACACCGCAACGGCCATGAACCGACAGAGGCCCGGAGGCCCCTGCACGAAGAGGTCGGCAACGTAGCCCACGGCGAAGGCGGCGACCGAGCCCTCGATCGCGCCGAGCCGGAGGGCGAAGAAGGTCACGAAGAGGACGGCGACGTCCAGGCGGACCAGCTCCGGTCCGAGGCGGGTGAGGAAGCCGGCCTGGATCTGGAACGAGATCAGCGCGAGCCCCGCCCAGACGGCCACGCGCCAGAGGCGCAAGGCGTCGACGGGCCTCGGCGCGCCGAGCGCGAGGCTCCCGAGGATCTCCCGATGCGCGTAGGAGCGCTCGTACCGCTGGTTGACCGGGCGGCCTCGACGGAGCCTCAGTGCCAGGCGGCGGAGGAGCCTCACGGCAGGCCGGGCAGGACGCCGCCCTTCTCCTCGAACGTCTGGACCGTGGGGGGCGGCGTGCCGTCCGCCGGCGCCACGAGCACGAGCACCTCCTCCAGGCCGGAGACGTCCACGGCCGGCAGAACGGTGCCCTCCAGGTACATTCCGAACGCCTCGCGGCGAACCGGCCCGATCCGCCCGATCACGAGCCCCTTCGGAAAGACGCGGTCGGTGCCCGAGGTGATGAGCACGTCGCCCGCCTCGATGTCGTCGGTCCGGAGGGCGTTGGCCAGCTGGAGGCTCTTCTCCTCCCCGGTGCCGCGGACCGTCACGCGGGCGCGGCTGCGCTGCACGCGGGCGGCGACCGCCGAGCTCGAGTCGACCACGAGCTGGACGTCGGCCT
NZ_CP012332.1_gap54	1977995	1980265	2270	TGGTCGATCTGGCGGCTCAGGACGTCGGCGAGCTCCGCGCGGAGGCCGGCGGCCTCGAGGGCCTCCGTGAGCCGGGGCAGGACGGCCCGCTCGTCGGCGCCCGCCGCCAAGGCGGCCCGGAGCGCCGTGGCGGCGTCCTCGTGGCGGCCCAGCCGGCGGAGGTAGCCAGCGCGCCGAAGATGGAGGTCGGGGCTCTCGGTACGCTGTGAACGAAGGAGGCGCTCCAGGTACGAGTCCGCCTCGTCCCACCGCTCTCCACTCGCCGCGAGCGCTTCCAGCGCTGCGAGAGAGGTGCCGCTCTCTGGATCGAGCTCGAGCAGGCGGTGGTGCGCTGCCGCGACGAGCTCCTCGTCGCCGCCCGCGCGGATCGCGCGCCCGGCGAGCTCGCGATCGAGGGCCGCGTCGGGCCCGCGCCACGCGTTCCGGAAGATCCCGACGAGCTCTGCACGCGCGCCCAGCTCAAGGCCGAGGCGCTCCAGCGAGTCGAGGACGGGGCCAGTCGAAGGCGACTCCGCGAAGGCGCGGGTCAGCGCGGCGAAGGCGGCGCGGGCGTCGCCCAGCCGCTCCTCGTGGATCTCCGCGAGCGAGGCGAGGATGGAACCGCGGGCGGCGGGCTCGCTCTCCGCGCCCAGGCGCGCCTCGAGCATCGCGGCGTGGCGATGCCACTCGCCCCTCGCTGCGAAGAGGGGCGCGAGGGCCTCCGCGATCCGCGGGGCCTCGACGCCGGCCTGCACCAGCGCTTCCAGGGCGTCCACGACTCCCGGCTGCTCGGGCGACTCGGCCAGGATCCGAAGGTAGAGCTCGGCTGCCTCCCCGGGCCGATCGAGGCGGGTGGCGAGGAGCCGTGCGAGCTCGGCCCTGGCGGCGGCGCGAGCCTCGCCGGGGCGTGACGCGAGGGACTCGAGGGCGTCGCGCTGCTCGGCCCAGCGGCCGAGGGCCCCGAGCGCTGCGGCGAGCTTCCGCTCCACCCCTTCATCCGGCCCCAGCTCGAGGAGCCGGCGGTAGATCTCCACCGCCGCCTCGGGCTTCGCCTCGTGATGGGCGGCGAGCTTCTCGAGGAGGGACCGCCTCTCGGTTGGATCGGTCGCCTGCGCCAGGCGGGTGCGCCACGCCTCAGCGAGCGCCTCGCCCTCCCCCGCCAGCGAGAGCAGCCTCTCGAGCTGGGTGGCCGTCTCGGCGTTGGCCGGGTCGAAGGCGCGGAGCTGCTCGAGGACGTGGGCGGCGTCGCCGGGCCTGCCGAGGTCCTTCTCGAGGACGTGCGAGAGGCGCTCCAGGATCCGGCGCTGCACGCCGCGGTCGCTCACCGAGACGAGGGCCGAGTGGTAGAAGCGCGCCACGTCGCCAGAGGAGCGCGCGAGCCGGCCCGCCGCCTCGAGCTCCTCGTGGAGCTCGTGGTTCTCGGGCGCGACCAGGAACGCGCGCCCCAGGAGGCGCAGCCGCTCCGCAGGGGCCTCCACGGAGGATGCCGCCCGCTCGAGGAGGTCCCGCTTCTCGCCGGGATCGCGAATTCGATCGCTGCGCCTCTCGAGGAGGCCCGCGAGCACCGACGACTCGCCGGCGCTGGCCAGGAGCGGCATGAGCAGCGACTCCGCCCGCTCCAGCCGAGAATCCAAGCGCAGTGCCGCCTCGAGGTGGCGGCGCGCCCGGGCCTCTTCGCCGAGGCCGAGGAGGAGCTCGGCCAGCCTGACCCGGAGCGCGTTGGTCTCGCGGGTCGGCTCGACCGGCTTCCGGACGGCGGTGCCCGGACCGCGCTGGGCAGCCGAGCCCACGACGTTCAGATGGCGCTCCAACAACTCCACCGCCCGGTCCGAACGGCCGTCGTCCTCGAAGACCTCGAGGAGCGGAACGACCGCGTCGCGGCGAGACGGATCCAGGGTCGCGGCCTGCTCGAGGGCTTCGAGGCTGCGCGGCCGGTCGTCGAAGCGAACGCCGTAGAGGTTGGCGAGGCGAACCTTCAGCTCGGCCTGATCGGCGGGATCGGGCGTGCCGGGGACCAGCGCCTCGTATGCGACCGCCAGCCCGGCGAAGTCGCCTGCCGAGGCGTGCCGATGCTCGAGGAGCTCGAGGGCGTCGGGGTTGCCCGGCCAGAGGAGGAACGCGCGCTCGAGGGCCTCGCGGCTGTGCTCCTCGCCGTCAGGCGACGAATCGTAGACGCCGTGGAGGGCGGCGATCTGCACGTAGAGCCGCGAAGCCGCCTTGCGATCCCGCTCCTCGACCGCCCGGGCACGCAAGCCCCGCGCCTCCTCCGTCCACTCCGCCCGACGCCGCTG
NZ_CP012332.1_gap55	1989893	1991657	1764	CCTCCGCCTGGGGCGCGAGAGGGTGCTCGCTCCAGAGCCGGAGCCAGGCCTCCCGCGCCTGCTTCTTCTCACCGAGCTGGGCGTGGAGCTCTGCCGCGAGGAAGAGCGCGGACGCGCCGTAGTCGACGCCCCAGGCGGGCGCGGCGCGCTCCCGAAGCGCGGCCAGGGGCGCGAGCGCGCCTCGAGCGTTGCCGCTCTGGCGCAGGGTCCGGGCCTGGGCGAGGCGGGCGTCGTCGGCCAGCACCGAGCCCTCCGGCACCTCGGCGTAGGCCTTGGCGGCGTCGGCCATCCGGTCCATGCGCTCGCGGGCGAGTCCCAGGTGCCAGGCGATCCGCGGCGCCAGCGCCGGGTAGCGCGGCAGCAGGGACTGGAGGATGGCCGCCGCCTCCTTCTCCTTGCCGATCTCGAGGGCCGACAGGGCGCGAAGCCACGCCACCTGGACGGAGCCGTCGTCGGCCTCGGTGAAGACGCGGTAGGCCTCAGCGTACTTCTCGGTCTCGAAGCGCTGGCGCGCGGTCCGGAGCTTTCCGTCCGCGAAATAGGGAGCGAGCCGGGCCTCGCCGAAGCGATCGCCGTCCTGGATGGCAGGCGTCTCCCCGGCTGCCGATGCGTGCGCGGAGATGGCGAGGGTGAGCGGCGCGAGGAGGAGGAGCAGGCGGCGGGCGGAGGTCGTCACGTCGTTCGCACGCTCGCCCGTCCACCGCGGACGTGTCAACCAGCGCTAAGATGCGCCCTGGTGGATATCCGAACCCAGAGCTCGCTCCTCGCCGCGATCGTCTCCGTGGCCCTCGCCGTGTCGATGCTCCTGCGTCCTCACCGCGCCAAGGCCCAGACGCACTTCGCCCTTCTATGCGCCGCGCTCACGGCGTGGTTCCTGGGCGACTTCCTCTTCGCGCTCACGGGCCACGACCTCTGGATGCGCGCCGCGTTCGCCAGCGGCGCGGCGGTCCCCGCCGCCGCTCTCGCCTTCTTCCTCGAGTTTCTCGGCGTCTCGCGGCGGTCGGCTCGCCGCGGCAGAGCCATCGCGTTCGTGGGCGCCTTCGGCGGCCTGGCGGTGGCGGCGACTCCGCTCGCGCGAATGCAGCCCGCGCGGATGTTCGTCGCCGCCTGGGTCTTCGGCGCCCTCGCCTTCTCGATCTCGCTGCTCTATCGGCGGATGCGCAGCACCCTCCCGCGGATCGAGAGGGCCCGCTTCGCCTACCTCTTCGTGGGCGCCGCCGCGGCGGTGGCCGCCTCGGCCCTCGACTTCCTGCCCAAGGCGGGCGTCACCTTCCCAGCGCTCGGGCCGATCGTCACGAGCCTCTATCTCTTCTTCCTCGCCCAGACCCTCCAGGTCTACCGGCTCCTCGACCTCCACGAGCTCTTCGGCAAGTTCGCCGCGCTCTCGCTCCTCGCGCTGATCCTCTCGTCGATCTTCGTCAGCCTCGTGATCTGGGCGGGCAACGCCACCGAGCTCTTCCTCTTCAACACGCTGATCGCGTCGTTCGTGATCCTCAACCTCTTCGAACCCTTGCGCGCCAAGGTCGAGGGGTGGGTGATCGCCACGCTCTTCCGCGAGCGCTACGAGCTGCTCCAGACCCTGGCCCGCCTCCGCACCCGCCTCTCGAGCGTGATCGATCCGCTCGAGCTCGCGCGGCTCTCGCTGGACACCTTCCACGACTCCCGGCGGGTGACCCACGCCTCGCTCTACCTCCTCGCCGACGCGCGGCCGGGCTTCTCGCTCATCGACCACCGGGGGCCGTCGCCGATCTCCTTCCTCGACGC
NZ_CP012332.1_gap56	2116741	2120696	3955	GGCCGGGTGTGCGACATCCTCGGCATCAGCCGCCCAACCCTGGAGCGCAAGCTCGAGAAGCACGCCATCCCCTTCCGCCGGTCCGAGCTCGAGCCCGCCCTTCCGCCTCATAGCGTTTGAAGCGAGCGCTGCACCGTCGTCAGAGCTGGATCGTGCAGCCCCCCATGACCGTGATCTCGGTGCTGTTGAAATCGAGCTTGGCCATGGAGTAGCCGTCCAGGAAGAAACCGTCGAGAACCTCGACGGAGACGAGGGGGAGCGGCCGGGTCGCGATCGTCATCACGGAGCCGAGCGCGAGCCTCGCGCCGGTCGACCTCCAGAAATAGGGCGTCTCGGAAACGTCCCAATCGTCGACGAGGCCGACGCCGGCGGTCAGCGTCAGGCGCTCACCGACACGCACGATCCAACCTCCGTGTGCCGACCAGGTCCAATTCACGAGGTTTTCCGAGCCCAGGACGCTAGAGGCCCGGGCCCCGAGGAGGAGGCTGCTCGAGGGAGAGAAGTAGAACCGGGCCGCGGTACCGAATTCGAAGGGAAAGAAGGCCCCTCGAGCGTTCGTGGCGAAGCCATCCGACTCGAGGTCCGTGACGAGCTCCACGTCGCCGGGCTCGCCGAACCGATACGCGAGTCCAAGCTGCGTGAGCTGGAGCCTTTCGGTCAGGCCGAGACGAATGTCCAATCGCAGGGTGAGATCCGATTGGGTGGCAGAGAGGCTCCTTTTGCCCGAGATCTCCGAGCCCGCCGCGGCCTGAATCGCCCAGACCCCCATTGGCATCGTGGAGGCGGGCAGCCGTGCCGCTCCTCCCGACGCTGCCGCAGGGAGCTCGCCTTCCGCAACGGGTTCGCCCACGGGCGCGGCGAGCGCGTTCGACGCGAGGGAGAGAATCAGAACCGTGAAGCCGAGATGTCGCATCGCGGACGAATAGCACGATCGCCCTCGTTCACCGCGGGTGAGAAAGGCCCAATCGATTGAACGATTCGTTCAATCGACACGGCTTCGTTCAATCCGATGGAGCGCAATTCCGCCTGTGAAACACCGTCTGCCGTGAAACAGGAGGAAAGTCCTCTACTTCGTAAACACCGGCTCGTCCGTTCGACTTGGCACGAAGTCTGAAAGACCCGCGGTTCCCAACTACCTGAAACCGATAGGCCCGAAAAGCCGCGGAGGAACCGTCATGCAGAAGATCAGCCGGACCGCTTCGCCCATCGTAGCGCCCCCTCCTGCCGCTCCGACGAACCGCGCAGTCGGCCTCACCGCGCAGACGCCCGAGACCGTCGACTACCGCGGCTACTTCAAGAGCGAGACCTACCCGAACAACTCCGTGATCTATCGGCCCGGCGATCCGGCAGACAAGGTCTACCTCCTGCGCAGCGGCAGGGTCCGGCTGATCCGGATCGGCAAGGGGTCGACGCGGTCGGTGCTGGCCATCCTGCGGCCCGGTGATCTCTTCGGCGAGATGCTCCGTCCGGAAGGGACCCAGGTCGAGGAGCTCTCGGTGGCGTCCGGCGAGGCGGAGGTCTGGAGCATCGACGGCCGGTCGTTCCAGCAGCTCATCGAGGGCCGCCCCCACCTCGCGGTGGACGTGATCCGCGCGCTGAACGAGCGGATGCGGGCGATGAAGCGCCGGGTGACGGGCCTGACCTTCAAGGAGGTCCCGGCCCGCCTCGCCGAGACGCTCTTGACGCTGGCGGAGACCCACGGCGACCGCTGCCCCCACGGTGGCGAGCACGACCTCAAGGGGATCACACAGCAGGACCTCGCCGACCTCGTGGGCGCCTCCCGCTCGTTCGTCTCGACGCTGATCAACGAGATGAAGCGGGACGGCCACCTGGGCAACGTCGGCCGGACTCTCTGCATCAAGGACATGAAGTCCCTGCGCAAGCTCGCGAGCCGAGAGAAGTAGCCGAGGCCGCATCCTCGAATGCTCCGGCGGAGGCCCTCGTGGCCTCCGTCGGCGTTCTGGGTATCGCGCAAGGAGGAAGCGACCCGAGAAGGGCGGTCCCCGGGGCGGCGGAAGTGCCCAGGTTGCTCGTCCTGGCCTCTTTCCGTCCCCGACCCATGAACCTCGCAGCCGTCGCCGATCCGGCGCTGCTCTCGGCAGCCAGCGCGCTCCCTCCCCACTACGTCGGGCAGGAGGAGCTCCTCGCTGCCCTGCGCGCCCGCTGGTCGGGGCACCACTTCAACCTCGACCGCCTCGACCAGCTCCACCGGGCCGTGGGTGTGGAGGGCCGGCACCTGGCGCTTCCGCTCGCGGACTACGAGGGCCTCGACTCCTTCGCCAAGGCCAACCGGGCGTGGGTCGAGGTCGCGTCCGCCCTCGGGGAGAAGGCGGCCCGCCTGGCCCTCGACCGCGCGGGTCTCGGCCCCGGCGACGTGGACCGGATCTTCTTCGTCTCCACCACCGGCATCGCCACGCCGAGCGTCGACGCGCTCCTGACGAACCGCCTGGGCCTCCGGGACGACGTGAAGCGCACGCCGATCTTCGGCCTGGGCTGCGCGGCGGGCGTGGCAGGAGTGGCCCGAGCGGCGGACGTCCTCCGCGCGTTTCCCGGGGAGGTGGCGCTGCTGGTCTCGGTGGAGCTCTGCTCCCTCACGCTCCAGCGTGACGACTTCTCCATCGCCAACGCCATCGCCACCGGGCTCTTCGGGGACGGGGCCGCGGCGGCGGTGATCGCCGGCGCCGACCGCGGGAGCGGACCGCGGATCGAGAGGACACGATCCGTGTTCTATCCGAACACAGAGGACGTGATGGGCTGGAACGTGGTCGAGGGCGGCCTGCGCATCGTGCTCTCTGCGCAGATCCCGTCCCTGGTCCGCGAGCGGATCGGAGGCGACGTGGACGCGTTCCTGCGGTCCAGCGGCGTCTCTCGCACGGACGTCCGGCAGTGGATCTGCCACCCAGGCGGTCCGAAGGTCCTCGAGGCCCTCGCCGAGACCCTGGGCCTGACTCGCGACGCCCTCGCGCGGACCTGGCGGACCCTGGAGAAGGTGGGGAACCTCTCGTCGGCCTCGGTGCTCTTCGTCCTCGAGCAGACCCTGGAGGGGGCCGCTTCCGGCGACACCGGGCTCATGCTGGCCATGGGCCCGGGCTTCTCCACCGAGCTGGTGCTCCTCCGATGGTGAAGCTCTACCTCTTGCTCCTCGCCCTCCTGGTGGCCGAGCGGATCTTCGAGATCCGACTATCGCGGCGAAACGCCAGGCAGGCCCGGGAGCGGGGCGCCGTCGAGGCGGGCGCCGCTCACTATCCGGCCGTGGTGGCGCTGCACACCCTCTTCCTCGTCTCCTGCCTCGTCGAGCCGGTCATGCTCCTGAGGCGTCCGTGGCCGGTGGCCAGCGTCATCGCTCTCGGGATCGTCGTGGCCGCCCAGGCCCTCCGCTACTGGGCGGTTTTCACGCTGGGTGAGAGATGGAACGTCCGGATCCTCGTGATCCCCGGAGCCCAGCCCGTCACATCCGGCCCCTACCGCTTCGTTCGCCACCCGAACTACGTGGCGGTGGCCCTCGAGATCGCGTTCTTCCCGCTGATCACCGGCGCTTGGATCACGGCCGTTCTCTTCAGCCTCGCCAACTTCGCGCTCCTCCGGGTGCGGATCCGGGAGGAAGAGGCCGCGCTGGGCGACGAGTGGGCCAGCTCGTTCGCGGACAAGCCCCGCTTCCTCCCGACGGAGCTTCCGATCTCCGACACCGAGGATCCTCCATGAGCCCGGCGGAAGAGGAGGTGCTCGCCGAGGTGCGGCGGATCGCGGCGGCGGAGCTCGGATGGAAGACGCCGATCGATCCCCGCCACGAGCTGGTGGCGGACCTGCGCCTCGACTCCATCGGGATGCTCACCGTCGTCCAGCTCCTCGAGGATCGGTTCCGGATCGCTCTCGCGGAGGGCGACGAGGCGGAGATCCGCACGGTCGAGGAGCTGGTCCGGCTGGTCGCCAGGCGGCGGGCGGAGGCGGATCGATG
NZ_CP012332.1_gap57	2267534	2269172	1638	GTAGAAGAGGACGCCGCGGATCCCGACCTTCTCGAAGATCGGGAACTCGAGCTCGTTGTTGAAGACGAGCTGTTTGTTGCCGCCGATCAGGTACGGGAACGTCGCCGACTGGGGGTCATTCCCGTTGGTCGCCACCGGGATCGTGGGGGAGACGGTCCGGAGCGGATAGCCGCGCACCGAGTTGATCCCGCCGACGAAGTAGAGCTCCGACACCGGCACGTTCGGCCCGCGGATGTAGCCGACCGTCCCCTGGGTCTTGAACACGAAGCGCCAGGGGAGCTCGAAGTACCAGCGCGAGACACCCGTATAGCGGGTGTACCGGAAATCGGATCCCAGCCAGGACGGGGCCTCTTCGACCGAGGCCGACTGGTAGAAGCCCTTGGAGGGGAAGAGGCGGTTGTTCCTCGCGTCCCAGGTGAGGGTGAGGCGGGCCGACGAGGTGAGGCCGTCCTTGAACCGGCCGAAGAGGCGGACACCGCCCACCTGCGATCCCCCGGTGGTCACGCTCACGTCCTCGAGCGTGTAGGTGAGGAAGAGGCGCAGGTCGTCGTTCTCGACCAAGGGGAGCGGGTGGCCGAAGGTGACGTCGCCGCCCATCGCCTTCCGCACGAAGCCGCCGTAGTCGACGTCGGTCCGGTAGAGGTCGAAGGCGAAGGTCCAGTTCGAGTCCAGGAAGTACGGCTCGATGAACTGGATCTGGTAGAGCTGCCTCAGGCTCGAGATCTGGGCGGAGAGGGACGCCGACTGCCCCCAGCCGAAGAAGTTGCTCTGGGAGATCTGCGCGGTGGCGATGAAGTTCTCCACCGACGAGAAGCCCGCGCCCACCTGGAAGGTTCCGGTGGCCTTCTCCTTCACCTCGACCACGCCGACGATGAGCTCGTCGCTCGATCCCTTCCGGGTGGAGATCTCCACCGTGCCGGTGCGCGGATCGGGCTCGAAGAAGCCCAGGGCCGTGACCCGCGCCTTGGACCGGTTCAGCGCGGTGCCGCTGAAATACTCGCCCTCGTAGATCCGCAGCTCGCGGCGGATCACCTTGTCGCGGGTCTTCTCGTTGCCGACGATCTCGATCCGCTCCCAGCGGACCTTCTTGCCCTGGTCGATCTCGAAGGTGAGGTCGACGGTCCGCTCCTCGGCGTTCACCGCGGTCAGCGGCATCACGTTGACGTAGGCGTAGGCGTCGTCCTGGTAGAGGTTGGTGAGCGCCTGGATGTCCGCCTGGAGCTTGGAGCGCGAGAAGATCTCTCCCCCGTGCACCGTCATCCGCGACGCCAGATCCTCCTTGGACGTGAGGATGTCGCCCGCGAAGTCGATCGCGCCGATCGAGTACTGCTCCCCCTCCTCGATCGGGATCGTGATGTAGATCGAGCGCTTGTCCGGCGTGATCGAGACCGCCGGCTTGCCGAACTTCACGTTGATGTAGCCGTGGTCGTAGTAGACGCCCTGGGCCACCTGCATGTCGCGCTGGAAGAGCTCCTCGCGGTAGGTGCCGGATCCCGTGAGGAAGGAGAGGAAGTCTCCCTCCTTGGTGATCATCACCTCCTTGAGCTGGTCGTTGGAGATCTTCTCGTTCCCCATGAAGGAGATCTCCTTGACCATCACCTTGGAGTTCTCGTTCACCTCGAAGACGACGTCGACCTG
NZ_CP012332.1_gap58	2270757	2272207	1450	TCCCTGCCGCCGATCGGCTCCGCGCCGCCCGCGCCGTCGTCGATGCCCGCCCGATCCCGCCGGGTCCCGTACGCCTCGCGGCCGACAAGCTCCTCGCGTCGCTCCAGGCGACCTGACTCGACGCCAGGATGCCACCCGGCGTCAGAGCGTATGAAGAAATCGCCCCCGAGGAGCGGGAGCGATTTCTTCATCTCGCGCTACGCGCGAAAAGCGCTCCCTTTCGTTTGCTCGCCTCCGGCTCGCGAGAGTTCGTGAATTTCTTCACGAACTCTCAGTCGAACTTCTCCTCGTAGAGGGCGTCGAGCACGGCTCGGTAGTGCTCGGTCGTGACCTTGCGCTTCACCTTGAGCGAGGGCGTGAGCTCGCCGGTCTCCACCGTGAAGTCCCGGGGAGCGATCGCGAACTTCTTGATCGTCTCGTACGAGGGGAGCGTCGCGTTCAGCCGGGCGACGGCGGCCTCGACCTCCATCCGGATCTCCGGACGACGGGAGAGCTCCTCGTAGCTCGAGACCGTGATTCCCCTCGAAGCGAGGAGCTTGCGGCCGTACTCGTCCTGGACCGTAATCAGCGCGGTGAGGAACTTGCGCTTGTCGCCGTACACCATCGCCTGGCTGACGATGGGCTCGGTCTTGAGCGCGTTCTCGAGGTTCTGCGGCGGAACGTTCTTCCCGCCGGCGGTGACGATGATGTCCTTCTTGCGGTCGGTGATCCGGAGGTAGCCGTCCGCGTCGAGGGTGCCGATGTCGCCCGTGTGGAACCATCCGTCCGGATCGAGGACCTCGGCGGTGGCGTCAGGCCGATTGTAGTAGCCCTTCATCACACCGCCGCCGCGGACGAGGATCTCGCCGTCCCCCGCGATCCGGAACTCGGTGCCGGGCACTGCCGGACCGACCGTGCCGATCTTGTTGCGCCCCGGGACGTTCACGGCCGTCCCGGCCGCTGTCTCGGTGAGGCCCCAGCCCTCGAGAACCTGGAGGCCGAGCAGATCGAAGAACCAGGCGATCTTGGGCGAGAGCGGCGCGCCGCCCGAGACGAAGACCCGCATCCGGCCGCCGAGCCGCTCCTCCTTGAGCGTCTTCGCAACCTTCGAGAAAACGAGCTTCTTGGCGAGGGTCCAGCCCAGGCCGCCGTAGATCCGCCCCTCGCTCCTCGCCTCGGCATATTCGTCGAAGAGGGAGAGCGCCCAGCGGAAGAGCATGCCCTTCAGGCCGGGCGCGGCGGTTCCCGTCCCGACGACCGACGCGAAGACCTTCTCGAAGACGCGGGGAACCGCCGGAATGAGCGACGGCCGGATCTCCGCCGCGTTCTCGACCACCTTGTCCGGCGCTTCGGCGAAGCACATCTCGGCGCCGAGGTGCCACCACACGGCCTGGACCACCTGCGCGAAGGAGTGGGCCAGCGGGAGGAAGAACAGGATCGAGTCGCCCGGCCGGAAGATCGCGATCTGCGC
NZ_CP012332.1_gap59	2316156	2319843	3687	CGTTCTTGAGGACGAAGCTCAGCTTCGCGGCGAAGTTCTTGGGCTGCCTGCCAAAGTCCAGCGTCTTCGGATCGGCCTCCACGTCGATGCCGCCGCTCTTCCCGTCGACCGGGACCTCGAAGTAGAGCCGATCGTCGGGCCCCATCACCCGGACCCGGGCGAACTTCCGGGGCTGGGCCACGTCCGCGGCGTCGAAGACGACCGTGACGGGGACGCTCGCGCCCGCCTCGACCTCGAAGGTCGACGCGACGCCGTCGAGCGAGAACTCCCCCGGAGCCTCGCCTTCGTTGGCGGGATCCCGCTCCGGATCGCCGACGAGGGCCACGGAGGTGACGGTCGCCGAGAAGTCGCCGACGTTCTGGATGGTGAAGAAGGCGCTCTTCGACTGGGTGGGAGTCACGGTCCCGAGGCTGACGGTCGGGGGCGACGGACGGAGGTCCGTCGTGCCGCCGGAGCCGATGAGCTGGACCCGAACGTCCTGGCAGCTCGGGCACGGACGGAGGAGGAGCGACGCTGCGTGGGGGCCACGGTTGGCAGGCGTGAAGGAGACGTCGAGCGCGCGGGTCGTGCCGCCGGGGAGCTCCAGCTCCACGGCCTCGTTATCGAGGCGGAACGCGGTGCGGTCGCTGCCGCCCGTGATCGAGAGCGCCAGGTTCAGATCCTTCTCGACCAGGTTCGTGAGGTCGAGCGGAAGCGTCTTCGTGTCGCCCACCTTGATGGTGCCGAAGTCGAGGACCTCGACCACTTCCACGACGCGCTTAACGCCCTCGCCGCGGAGGTCCATGGTGAGCACGTCATTCTTGGCGTTGGAGAGCGAGAGCTCCAGCTGGCCGTCGAAGCGCTCCTCCCGCAGCGGGAAGAAGGCCACCTTCACCTCGGCCTTCGCGCCGGGCGACAGGGTGACCTCGGAGGGCCGCATGTCGTAGCCGGTGGGAAGGTTGGAGGCCCGCACCCTGACCACGGACCGGCCGAGGTTGGAGAGGGTCACGAGCTTGGAGGCTTCGGTGCCCACGAAGACCTGGGCGAAGTCGATCGAATCGGGGTCTGCCACTACGAGGCCACGAGCATTCGTGACCGGGGGCTGGGAGCATGCTCCCAACAGCGAGGCCAGGAACAGGCCGAACAACAAACGTCGCATTACTTCCTCCACCAAAGAACGCGCGATTCAACCATGTTCCGAGGCGGCTGCAAAGGTGTTCGATCGAACAGTTGCCTCGAGCGCAAGGATCATTCAGAGGACCCGGTCCGGCCATAGGCGCAATCGGTCGAAATCCCTCGAGTCCCTTCGCAGGCGGCCCCTGCCCCACCGCCTCCCAATGGAAATCGGCGGCAGGGATGCCCCTGCCGCCGATCCGGTTCAGCCTTCTTCTGTGCCTCTCGCCCGGGATCCGCCCCTGGCGAGCCGTTCCTGCCGCGGCCTAGTGGAAGCCGCTCCAGCGGGTTCCATCCGGCGTGTAGATGCACGTGGAGCCGTTGTACTGGACGCTCCCGACGATCTCGAACTGCTTGGTCGCAGTAAACACCGAGGTTGCGTTGTGGACGAGGTTGCCGCCGCAGTAGATGTTGGTCGTCCCGGTGACCGGGGTCCGGGCGTTGCTGAAGTTGTGGACGCCGACCGCGTAGGCGTGGGTCAGGCTCGGGCTGTTGATCCGGATGTTCTCCGGGCCGGTGCCCACGATGTCGTCCCGATCGAGGCTGGCGGTGGCGTTGGCGTCACCGTCCCACAGCGGGCTCGGCAGGCTTCCGCGCTGGCAGTTTCCGTAGTAGCAGTCCGCGTTGCTCCACCAGGAGCTCTGGTTCTGCCGGGGGGCGCGGTCCTCGTTCAGCACGTGGATGTCCAGATCGCCGGCGTTGTCCCAGAAGAGCTCGACCCAGATGCCGCCCCAGGGGGTCGCGGTCAGGCTGTGCTGGCAGGCGCCGCGGTTGCCGAGCTGGTCCGTGACCATCAGCTCGAACACGTAGTTACCCACGAGATCCGGGGTGAAGGTCGGGGTGCAGCCCGTCCCGACCGGCCGGACGCTCGAGCCCACCGGCGCGCTCGCCACCGTCCAGGAACAGGTCGTCGGGTGGCCGCCAGGGCTGTAGGCCCCGCCGTTGAGCACGATCTGGGTGTTCACCGTCACCGACTGACCCGCCGCCGGGCAGATCGCCGTCGGCCAATCGCAGAGGACGCCGCAGGCTTCGTCCGTGCCCTGGCCCTGGGTCTCCACCAAGAACGGCTCATCGACGCCCTGCATCCAGACCTCGACCTTACCCACGTCCCGGACCAGATCCAGGGGCTTGTACGACGCCAGGAAGCCCTTCGTGCCATTCGAAGCGATCGTGACCGGGAGCGCCTCGTCTGAACGGGCCGTGAAGCGCTGCGAGTAGCCGGAGGCCATCGAAACCCGGGAGATCTTGACGACGTCCGTTCCGCAGTTCCGCACCACGAAGGGCTTGTAGACCTGCAGCGATTGCGGAACCGCAGGGACCGGGCCGAAGGCAACCGGGTTCGGATCCGCCGAGAGGCAGAAGGACGTGGCGAGACCGCTGATCGGCACCACGGCCCGAGGCGTCTCCACATCGGAGTGGTTGAAGTAGAGGTTGGCACGATCGATGACGCCGGTGATCCGGGTCGGCTGGTAGCGGATCCCCACGGAGATCTTCTCCCCCGGCGCCAGGATCTTGGAGCCGTTGGGCAGGCCCGGAGCCGCGAAGACCCGATTCTCGGACTCGACGGCGAAGTTCCACACCAGGCACTCCGTCGTGCCCTGGTTCGTGACCTCGATGGGGAGCTGGACGCCCCGGCCCACCGTCACCGCGCCAAAGCGCAGAGACGACGGGGAGATGTCCAGGTCGCAGGGCGGGAGCTCGACCACGTTCGCCATCAGGTGGACCGTGACGTACGGCTGCTCCGCCGACATCGCGCCGTTCACGTAGATCGGGAAGTCGAGCTCGGCGGGATACTCCTGGAGCTCGCTGCCCTTGAAGGTGACCTCGAAGGCCATCGTGTTCGCATTCTGGGAATTCAGGTGCCACGGAGCCGACGTGCCATCGACGGCCGCCACGGTGTAGTTGGCCGGCTCGCTGGGCGGATAGAGCTCGATCGCGACGCTCTCGCCGATGTTCTGAAGGATGAAGGTCTTCTTCGCGGCGAAGTTCTTCGGCTGCCTGCCGAAGTCCACCGTCCCCGGATCGGCCTCCACCTCGATGCCGCCGCTCTTCCCGTCGACCGGGACCTCGAAGTAGAGCCCATCGGGGCCCATCACCTGGATCTTGGCGAACTTCCGGGGCTCGGCCTGGGCCTCGGCCTTGAAGGAGATCGGCACCTGGACGGTTTCGCTCGACTGCACGACGAAGGGAACGGCGAGGGTCGCCACCGAGAATTCAGTCGGGGGCGCGTCCTGGTGGGCCGGATCGCGGTCCGGATCGGGGACGAGGAAGACGGAGGTGACGGTCGCAGGAAAGTCGCCGACGTTCTGGATGCCGAAGTAATTGGTCTTCGACTCGTTCGGAGTCACCGTCCCGAAGCTCACGACCGACGGCGAGGGACGGAGCATCGTCGCCCCGCCCGAGCCCACCAGCTGGACCCGGACGTCCTGGCAGCTGGCGCACGGACGCAGCAGGAGGGAGGCCGCGTGGGGGCCGCGGTTGGCAGGCGTGAACGAGACGTCGATCGCGCGGGTCGCCCCGCCCGGAAGCTCGACG
NZ_CP012332.1_gap60	2432050	2434644	2594	AAAAGGGCATCGTCTATTCGCTGGTCTCGGACCTCGACGAGAACGACGTCTTCCAGCTCGTGTCGCAGGTCGAAGACCGATAGAACGCCGGAGCGCGTCACCAACTGTCAGTTCTTTGACTTGCTCGCTCCCCGCGCCTAGCCTCCGCTATTCGCCAGGACGCGCCCGATCGAGGTGCGTGCCGCACGCAGGGGCCACGAGGGGACATGCGAGCTCTGATCATCGACAGTGACGTTCCGTTCGCTTCCCGGCTGCGCGAGGCGCTCGAAGCCCGCGGCGCGTCGGTCGAGGTGACCGCGGACGGCTTCGAGGGGCTCGAGCTGGCTCGCGCGAAGCCGACCGCCGCGGTGATCCTCTCGGTCGAGCTCGGCGATCGCCCCAGCGCCGGCTTCGCCCTCTGCAACCGGATCAAGAAGGACGAGCTCCTCGAGGGCGCCCGCCTGGTGCTGACCTCGTCCCTGGCCACCGAGCAGACCTTCGAGCAGCACAGGAAGCTCAAGACCCGCGCCGACGAATACCTCCTCAAGCCCTTCGATCCGGAGGAGCTCGTCGCGCGGCTCGAGGATCTGCTCCCTGCGGCGGAGGATCTCGACGATGGGCCCGTCGCGTCCCTGGAGAGGGCACGGCCGAAGGCGGTCGAGGAGGACGTGGACACCGATGCCCTCCTCGACGACGTCTTCGGTGGCATCGACGAAGAGCCCGCCGACGACGACCTCCCGCCTGCGACGGAGCCCTCGTCCGTCGGCGGCGACGACCCCGGGTCGGATCTCTTCTCGCTGGATGACGACGCCGCCGAGTCCGCGCCCGACCTCGTCGCGCTGAATGACGACCACATCCGCTCCGCGCCGGATCTCTTCGCGGTGGATTGCGACGACGTCGGGGCCTCGCAGGATGCCTTTGGCATCGGCGGCGGCGACGCCCGCCCCGGTACCTTCGCCTTCGACGACGAGGCCGATCGGCTCGCCGGCGTGGAGCGCACCGTAATCGAGGCGTCCCTGCCCTGGCACGACGTCGAGGAACCGGTCGCGGTTCGGCCCACCGTGACTGCCGAGACGACGCTCGACCTCGATCGGTCCGCCGACATCGAGGACGAGAATGCCCGCCTCGGGGCCGAGCTCTCACAGGCCCGCGGCGTGGCCGCGGCGCTCGAGGAGCAGGCCTCCCGGGCAGAGGCCGCACTCGCCGAGGCGGACGCGGAGCTCGCGCGCGTCGGCACCGAGCTCTCGCGCGCACGTGGGGAGGCCGCCGCCCTCGAGGGGCGGGCGTTGCGCGCGGAGGCCGCGCTCGAGGCTGCACGAGAGAAGGAAGCCCGGCTTCGCGACGCGCTGGCCGCGGCGATGCGCCTGCTCGGCTGAACCAAGCCGCTCGGAACGGCGCCTACCGCTTCGTCTTCATCATCAGGTTGCGGGCCGCCGTGCGAATCGCGGTGGGGACGTTGCGGTTGTTCTGCAGGTCCTTGAGCTCGCTGGGCCGCACGTGCGGCAGGAACCGGAGCGCCGTCGGAAGCGGCGTCTTGGGGTTCTTCACCAGGTTCAACTTCACCTGGTAGAGCTTGATCCACTCGCGGTTCATGAAGATCACACGAAGGACCTCCTCGTTGATCGTCCGCGAGTTGGTGAGCTGCACGATCTCGCCCTCGGTGATCCGCGGGCTCTCCGCCGCCGCCACGCAGACCAGCTTGTTGGTGTCGCGCAGGAGGATGCCGCGGGCCTCCTTGTTGCCCAACGTGCCGAGCTTGATCTTCTCGGCGACGCTCATGTTCATGATCCGCTGGGTGAGGGTCGCCCGCCTCCCCTCCTCGAGGGGCGCGCCCTCCAACTCGTCGGAGAGCTCGGCGCTGAGCTCCGCCAGGATGGCGGCCGCCGTCTCGCCGGGAGGCGCCGGCGGCACGTCGCCGTGGATCCGGCGGTGGGCGTCGACCAGGGCCGGTACGTCGGCGAGATAGATCCCCGAGCGGATCGCGAAGTCGGCGACGCCGTCCCGGAGCGCCCCCGAGAGCTTCGCGTCGCAGAGCAGCGCCCGGAGGAGCGGCTCGTGGCGAAGGACGCGGAGCTGGTTCTGCGAAATCAGCTCGGCGTTCTTCTCGGAGCAGCGTCCCGCGATCGAGGCCATCGCCTCGTCGGGCGTCGCCGGGTTGAGGATCACCAGCTCGGCGAGGCGCTCGTTCTCCGCGACCTGATCGGCCCACCATCCGAGGACCGCGGGGGGGACCGTGTCGTCGCGGAGGCCGGTGAGGGAGACCTTGTCCGGCAGCGCCTGGGCCGTCGCGAGGGCCTGGGCACGGACCCGCTCGTCCGGATCGAAGGAGAGCAGGTAGAGCATGCAGACGGCGTCGTGGGGGGAGGCCGGCACGAGGAGCCTGGCCCCCATGCCCCTCAGCGGCTCCGGCGCAGCCGGATCGACGTGCTTGCGGAGGACGGGCGAGAGGACGTCTGCAGAGACCTTCGGACCTGCGACGAGGTCGGTCATTCTTCCGTCCCGGCTTTCATCGGGCGCAGGCGGTGCCGCAGCTTGCCGAGCCACTTGTTGAGGGGATTGGAGCGGGAGAGGAAGGGAATCACGGGCGTGCGCCGGATCCCGAGGGAGTCGATCAC
NZ_CP012332.1_gap61	2435718	2439203	3485	CGTCGGAGGTCCGATGATGGTTGGTCTCGAGGCGGAACTGGTGGACCAGCTCCTTGCCCCGGAACGCGCCGATCGTGGTGTTGGTGTTTCCTACGTCAACGGTCAGTAACATCGGTCCTCTTGCGCAGGCTGGTCACGTCGCCGCTCAGGAAGCGCTCCGTGCCGCCGTCGGGGAGCCGGACGATGAGGGCGCCGGCCTCGTCGATCTCTTCGGCGATCCCGTCGAGGGTGCGGTCGGGCTCCGTGAGCCGTACCGGGTGTCCGAGGATCGAAGAGAGCTCCCGATACCGCGAGCGCACGGGCGCGAAACCCTCCTCCTCGAAGCGATCGAGCCAGGTCTCCAGGTGCGCCAGGAGCGAGGCCGCGACCTCGGCGCGGGAGACGATCGCCCCTACCTCCTGTCGCACGCTGGTGGCGATACCACGGAGCTCCTCCGGCAGATCGTCCCGGGTCGCGTTCAGGTTGATCCCGATCCCGGCTACGACGAAGTGGATCCGGCCGGCGTCTGCCGAGAGGTCCAGGAGGATGCCCGCGATCTTGCGGCCCTCGGCCTCCAGGTCGTTGGGCCACTTGATCCCCGCGGAGACGCCGAGGTCCCGCAGGGTCTCGGCCGCGGCCACTGCCACCACGGCGACCAGCTCGGGCGCACGCTGGGGCGGAAGCTTCGGGCGGAGGATCGCGGAGAGGTGGAGGTTCACGCGGGGCGGGCTCGCCCACACCCTCCCCCTCCTGCCTCGACCTGCGGTCTGCCGATCGGCGATCACCACCTCGCCGTGGGCCGCGCCGTCACGGGCGAGGGAGACCGCCTCGTCGTTGGTGGAGCCGATCACCGCGTGATGGTGGATCGCCCAGCCCAGCTCCCGCGTGGTGAGCAAGGGCCCGATCTCGGCGGAGCCTGCCCGGTCCGGCGCCGCCACAAGGCGGTAGCCTCGCCCGGGCAGCGCCTCGATCTCGCAGCCCCGCTTCCGAAGGGACTCGACCGCGCGAAAGAGCTCTGCCGGAAGCATGTCCAGCTTGCCCGCGATTGCCTCGGGCGCAACGGGCTCGCCCTCGGCTTCCGTGAGGAAGGCGAGGACGAGCTCTTCGGCGCTGGGCTTTCCCGCGTGCATAGGCGCGGCAGCTTACTCCAGACTCCCGGCAAAAATCCGCAATGCCAGGAGTCTGGGAGGGCTCAGCGCGGAATCGCTCTTCTTTTCGTCTGCTCCGCCTTCGGCTCCGCGAGAGTTCGTGAATTTCTTCACGAACTCTCAGGCCGGGGCCCTAGTTGGGCAGGCAGCTGTTGCCGGCGAAGCCGCCCTGGCAGTGCCAGCCGTCCGGGCACCCGCCCGGGCCGTCGCAGCTGCAATCGGAGAGGCAGGGGTCCTGGGGCTCCTCGTCCTCCACGCAGCTCTGGCCGGCGAAGCCGCCCTGGCAGCGCCAGCCGTCCGGGCATCCGTCCCGCCCTTCGCAGCTGCAGTCGTCGAGGCAGGCGTCCCGGGGATCCTCGTCCGGCACGCAGCTCCGGCCGGCGATCCCGCTCTGGCACATCCAGCCGTCCGGGCATCCGCCCGGGGCGTCGCAGCTGCAGTCGGCCAGGCACTCCTCGCCCGAAGGCTCCGCCGCGCAAGCGCAGCCCGCCCCGTCGCAGAGGCAGGCCAGGCGATCGCCGCAGTCCTCGTCCGTCGTGCAGGCACAGCCCGCCTCGAAGGGCGCCGTGGCGCAGGCCGCTACCGGCGCACAGGCGCAGCTGTCGACCGTGCACGTGCAGGCGTTCCCCCACTGGCACTGCTCATCGATGTCGCAGGCACAACCGCGGGCGCCGTCGCAGCCCAGGTCGAGGGGCCAGAGGGTGTGGCCGAGCGAACCCGCGGGGCCACGCGCCGGGAGGCTCGAGGAGTCGAGGGCGATCCGCGCGAGGCCGCCGTCGGTGCCCACGTAGAGGATCCGATCCGCCACGAAGCGGGTCGACCAGATCCGGCCGTGGGAACCGGCGCCGAGGACCTCGAGCGCCTTGCCGTCCACGTCGAAGACGAAGAGGCCGCCGGTCGTCCCGACCGCCATCCAGCCGTCGGCGTTCACGGCGAGCGTGGTCGCCCGTGCGTCCGGACCCCAGACGGGATCGGCAACCTTGGCCGACGTGCCGGCGGCGAGGTCGACGAGGAAGACGCCCGCCTCCGCGTCCACCGCGTAGAGGCGATCCTTCGGTCCGCGCGCGAGGGCGACCACGTCGCGGAAGGTCACGCCCTCCGGAGCGGCGATCGGACGCACGGTCGCGTCGGTGACCTCGGCGATCCCGCCGAGGATGTGCTTCTCCGTCTCGTCCGGTAGGTAGTGATCATACGTGACCTGCCGGCGCTCGACGCCGAGGGCCACCAGCGCGTGGCGCTTGCCCGGGAGGGCGAGGACGTCGAGAGCGGCGTTCGAGGGCATGCCCGGGAGGTCGATCGTCGACGAATCGGACTGGTTGCGGGAGTAGCGGCGGCGGAACGTGACGTTCCCCGAGCCGTCCAGCTCCAGGTAGCCCAGGCCGTGGGGGCTGCGATCGTTCACCTTGTCCCAGTCGATGTCGGGATCCGGACCGTCGGACCACTCGGCGAGGGAGCCGAGCCAGAGGCCGCCGTCGCCCCAGGCGGCGGAGGTCTGCCGAAGGTTGATGCCGGGATCGAGCTGGGTCATGAGGGAGACGGTCTTGTCTCCCGACCGGAGGAAGGTGCCGGCGCGGTAGGTGGCGAACGCGAGCTCGCGCCGCGCAGGCTCGCCGAAGGCGATGTCGGCGACGCCGAGGTCGGAGGGGAGCCATGTCGAGTCGGCGTTCACCCTGGGGGCATACACCTCACACGAACCGTCGGCCTTCAGCCGGCAGACGCCCTGCTGAATCGAGAGGCCCTCGCAGGCCAGGCCCGGATTCTCGTCGCGCAGGCCGAGCCAGGTGTTCCCATCCACCGGATCGACCGCGATCGAGCGGACGCCGGAGACGAGCGGGCGCACGAGGCGCGCGTCCTCGCCGACGCCCTCCACGCGGTAGAGACCCGTGACGCTCGCCTTGGTCTCGCTGCAGAGCTGCCGGCCCGCGATCCAGAGGCGCCCCTGGGCGTCGGGGACGAGGATCTCGACCTGCCAGGGCAGCATGGCGGTGGTGCCCCATCGCTGATCGAGGAGCGGACGGCCGTTGGTCAATCCGGCTTCCATGCTCAGCGGGAAGGACAGGACGCCTCCCTGGCGGCCGGGGGTCGTCATCGAGATCGCGCCGCCGACGAGAAGCCTAGCGTGCACCTCGTCCACCGCGATGCGGTTGGGGATAAAGGGCTTGCCGCCCAAGGCTCCCGCGGCCTCGAGGGCGTCCGCGCCGATGGCGTCCTGGAGCCGGAGCTCTCCGTCCACGGACACCAGCGCCTTCACGAGGCCCCGTCCGTCCATGCCCCTCAGGCCGATCCACAGCGCGCCGGCGGAGCCGGCCACCGTGATCGGGCGCGCACCGGGCGGAAGCTCGATGGCTTCGGCGGCAG
NZ_CP012332.1_gap62	2440604	2444227	3623	GGCCTTCTCCAGGGCGCGGAAGCCCGGCGTGGTCTTTCGCGTATCGAGGAGCTGGAGGCGGGAGCCCGCGACCGCGTCGACCCAGCGGCGGGTGTTGGTGGCGATCCCGCAGAGGCGCTGCAGGAAGTTGAGGGCGGTGCGCTCGCCCGTGAGGAGCGCGCGCACGGGGCCCTCGGCCCTGCCGAAGACCGTCCCGGCCTCGATCACCCTTCCCTCTTCCACGAAGAAGCTCGCGCTGCAGCGCGGATCGACAGCGCGGAAGGTCCGGATCGCGGCCTCGATGCCCGCGAGGACCATTCGCTCCTTGCACAGGAACTCGGCGGCGCCCATCGCGCCGTCGGGGATCAGGGCCTCGGTGGTGAGGTCGCCGGGACCGATGTCCTCCGCGAGCGCCAGATCGATGAGCCTGTCGAGTGCGTCCATGTCTCTTCCCTTCGATGATCGATCAACGAGGCCGCGCGCCGGTTCGCGACGGACGTCCGCGCGCGCGGACGCCTCGTCGTCGACTGGCTCCTCGGTCATCAGCCCTTCGAGATCCGCTCCTGGTTCTCGCGGATCTTCCCGAGCCTCGCCTGCATCTCCTGGGCGAGGGCGCGATCCTTCTCGATCACCTCCGGCGGCGCCTTGGCGACGAAGCCCGGATTGCCGAGGCGCTTCTCGAGCTTTTCGAGGTCGATGGCGAGCTTCTGCTCCTCCTTGGCGAGCTTCGCGAGGAGCTCGGCGCGATCGACGAGACCGGTGATTGGCAGCCGGAGCTCGACGCCCCGGACGAGCACGGAGGGGCTCTCCTCGGGCCAGCCCTTCGCCCTGGGGACGAAGGCCTTCACCTTGGCGAGGCGGCCCAGCCAGATGGCGCGATCCTCGAGCCACGAGGCGGTCGCGGCATCGGCGTCGAAGTAGAGCTCGACCTCGGCGCCCTCCGGCACCGAGAGCTCCACCCGCAGCGAGCGCACGGCCTGGACGATCTCGATCAGCGTGTCGAAGCGGTCGGCCTCGGCGTCCTCCATGCGATCGGGATCCGGCGAGGGATAGGCCGCGATCATCAGGGAGGCCGGGTCGCCCTCGGCCCGCGGGAGCTTCTGCCAGATCTCCTCGGTGACGAAGGGCATGAAGGGATGCAGGAGGCGCAGGCTGCCGTCGAGGACGTCGCGGAGCACGCGGGCCGACGCGGCCTTCTCCTCGGGCGTCCCCTCGTAGAGCCGGGGCTTCACGAGCTCGATGTACCAGTCGCAGAGCTCGCGCCAGATGAACTGGTAGACGCGGTTCGAGGCCTCGTTGAAGCGGAAGGACTCGAGCGCCTCGATCACCTCGGCGGAGGCGCGGTGGAAGCGCGTGAGGATCCAGCGATCCGCGTCGGAGATCATCGCCTCGTCGAGGGGCCTCGACATGTCGACGGCGCCCATATGGAGCATCGAGAAGCGGGCGGCGTTCCAGATCTTGTTGGCGAAGGCCTTGTAGCCCGCCACGCGCTCCAGGGAGAGCTTGATGTCGCGGCCCTGCGCCGTCATCGCGGCGAGGGTGAAGCGCAGCGCGTCGGCGCCGTACTTCTCGGTGACCTCGAGGGGATCGATCACGTTCCCCTTGGTCTTCGACATCTTCTCGCCCTTCTCGTCCCGGACCATCGGGTGGAGGAAGACGGTCTGGAAGGGCACCTTCCCCATGAAGTGGAGGCCCATCATCATCATCCGGGCGACCCAGAAGAAGATGATGTCGAAGCCGGTCTCCATCACGGTGGTGGGATAGAAGGTCTCGAGGGACTTGGTCTGCTCCGGCCAGCCGAGGGTCGAGAAGGGCCACAGGCCCGACGAGAACCACGTGTCGAGGACGTCGTCGTCCTGGCGCAGCTCGGCCTTGCCGCAGGTCCCGCAAGCCGCCGGGGCCTCGCGGGCCACGTTGACGTGCCCGTCGGCGCAGTACCAGGCGGGGATGCGGTGGCCCCACCAGAGCTGGCGGCTGATGCACCAGTCGTGGATGTCGCGCATCCACGACATGTAGGTGTTGGTCCAGCTCTCGGGGATGAAGACCGTGTCGCCCTGCTCCACCGCTTCGATCGCGGGCTTCGCGAGGGGCTCCATCTTCACGTACCACTGCGTGGAGAGCCAGGGCTCGACCACCGTGTTGCAGCGCTGGCAGCGGCCGAGCGGGAGAATGTGCTCCTTCTCGCCGCGCGCGAGGCCGAGCTCGGCGAGCTTCTCCTTCACCGCCGCACGGGCCGCGAAGCGATCCATGCCGGCGAAGGGGCCGCCGTTCTCGTTGAGCTTCCCGGTCGCGTCGAGGACGTTGATCATCTCGAGGCCGTGGCGCTTGCCCACCTCGAAGTCGTTGAAGTCGTGGGCGGGCGTGATCTTCACCGCGCCGGTGCCGAAGGCGGGATCCACGAGGATCGAGTCGCCGACGATCGGGATCTCACGGTCGGCGAACGGGTGTTTCACCGTCTTACCGATGAGCCCCTTGTAGCGCTCGTCGTCGGGGTGCACGGCCACCGCGGTGTCGCCGAGCATGGTCTCGGGACGGGTGGTGGCGACGACGATCTCGCCGGAGCCGTCCGAGAGCTGGTAGGCGAACTCGAAGAGCTCGCCCTTGGCGCCCTCCTCGTGCTCCACCTCGAGGTCGGAGAGCGCGGTCCGATCGTTCGGGCACCAGTTGATCAGCCGGCTGGCCTGGTAGATCAGGCCCTCCTCGTAGAGGCGGACGAAGACCTCCCTGACGGCCTTCGAGAGCCCGTCGTCCATGGTGAAGCGCTCGCGCTCCCAGTCGGCTGAGGCGCCCAGGACCTCGAGCTGCTTCGTGATGCGGCTGCCGTACTTCTCCTTCCACGCCCAGATCCGCTCCAGGAACTTCTCGCGGCCCAGGTCGTGGCGGGAGAGGCCCTCGGTCTTCTTGAGCTCCCGCTCCACGATCATCTGCGTGGCGATGCCCGCGTGATCCACGCCAGGCAGCCACATGGCGTTGAAGCCGCTCATCCGCTTCCAGCGGGTGAGGACGTCCTGGAGCGTGACGAAGACGGCGTGGCCCATGTGCAGGGAGCCGGTCACGTTCGGCGGCGGCATCACGATGGAGAACGGGGGCTTGTCGGAGCTCTCGTCCGCGTGGAAGAGGCCGCGCTCGAGCCAGAAGCGGTACCAGCGCTGCTCGACGTCGCCGGGCTCGTAGCCCTTGGGAAGCTCGGGGTGGGTCTGGGTGGTCATGGTCGCAGAGAAAAGCAGGCCGCCCGAGCGCGTCAAGCGCTTCGTGGCGGCCGTCGAAGGGGATCCGTACGAAACGGGCGCCCGAGGCGCCCGCGTGAGGGCCTCAGGCGCCGATCTTCCGCTCGCGCACCAGGCGCTCGAGCTCGTCTTTGATGATGGTCTCGGCGAGCTGGGGCACGACCTCCCAGGCGATCCGCTCGATCACCTCGCGGGCGACCGCGGCCACCTGCTGCCGGAGGAGCGCCTCGGCGACCTGCGGGACCACTTCCCAGCCGATCTTCTCGACGAGGTCGCGGGGGACGGCGCCAGCGGTGGACTCGACCGCGGCGGCGGCAGCCTGGGCAGAAACAGGGGCGACCTCAGCGACGCGTGCAGCCGGGGCAGCAGGTGCGACCGGGGCAGCAGGTGCGACCGGGACAGCCGGGGTGACCGGTG
NZ_CP012332.1_gap63	2498452	2501739	3287	GCGGACTCGAAGAGCGCGTTCGGGGAGAGGAGCAGACCGTCGGCACCGGTCCAGGCGATCGCGCCGTTGCCCGGGAGGGTGGAATCGGCGTTGAGCGGGAATACGGTCATGCGGCCGAGGCCCGTGGGCGCCATCTCCGAGCCGGTTACCGTACGGACCCAGCGGTTCGCTTCGAGGAGCTCGGCGGTGGGGCCGAGATCCGTCACCCGGTCGGTGTCCGCCGAGATGGCCAGCTCGATGCCGTCGCCGACGAGGCCCTGGACGCGGGAGAGCCGGGAGACCTGCGTGCCGCGAGAGTCGTTGCTCCGGGCCCGGAGGTCCGTGCTGATCCATCCCTTGGTGTTGACGATCCGGGCCACGATGCCCATCGCGGGCTGCGCGGGCACGCCCAGTTCGGGGGGCGGAGGCGGAGGCGTGAGCTGGCCCGCCGTGACCGTGATCGGCATGCCCTTTCCGTCGGACGCGAACGACATCGGATAGGACTCGTACTCGGGGCCGCCGGAGAGGATGTAGTCGTAGCTGCCGACCGGGAGATCCACCACCATCGGCGGGCCGACGGTGTAGCCCACGTAGGCCACGGTGTCGGCGGGGTACCTCACGGTCTCCATGTCGCGGAAGAGCCACTCGCCCTCTCGCGAGGGGCAGGGTCCGTTCTTGCAGCGGACCACGACGCGGCCGGGGATGGAGGGCGCGGCTTCCACGTTGCGGGGATCGTAGGCACGCATCTTCACCCAGAACCGGCCGGCCGCAGGGAGCTCGAGGGTCACGTTCGCGTCGTTTTCGGACGAGATGGTCGCTTCCACAGCGGGCGAGACCAGGCCCGGAAGGCTCGCAGAGAGGGTGTAGGTTCCCACGGGGACGATGGCGTCGAAGCGGCCCTCGGCGTCAGCGGTGAAGACCGTGACGATCTGGCCCTCGTCGACCACGGCCACGCGCGCGCCGGCGCCCTCGTAGCCGCCGGTCACCTTGCCCGTGACGCGGCCGGTCTGCTCGCGACGCATCGCGAAGATCCCTTCGGTGACGTCCGAGATCGAGGTCCCCACCACGATCGAGCGCTCGTAGATGGCGCTCTTCTCCGGGGGAACGACCACCGCGCCCTTGGGCGCCTTCTGCGGATCGAGCGGCTTGGTGTACGGCTGCAGGGAGTTCGAACCCTGCACCGACGCGATGAAGCCGTCGGTCGAGACGAGCAGGTTCGGGCCCTTGCCGTCGCCAGGCACCAGCGCGTAGGCGGAGTCGTCGCCCTGGAACGCGATCCAGGGGACATCGTCCCGCTCAGCGGCAGCGCCCCAGCCGCTGGGGCTGAAGCGGTCCTCGATCGTGCCGGGCTCGACGAGGTCGCCGACCGGGATCACCTTGGTGACCTCGCCGGCGTTGCAGAACGCCGTGACGCTCCGGATCCGGTGCGCGCCCGGTGCGAGGATGTAGTACTGCGTCACCGTCACGTCTTCGCCGAGCTCGGCCTTCGGATCGACCATGAGCTTGGCGCTCCCGGTGAACGAGCCGTTCACCGAGCGGACGAGATCGACGCCGGGATGCAGGGCGTCGGCGCCCTCCACCTTGAGGACCACCGCCTTGCCGTCCTTGCCGTCGGCGACGACGGTGAAGGACTTCTCGTCCTTGGGCGCGAGCGTCCGGCCGAAGTTGAAGAGGGGCGAGACCGCGCCGAGCACGTCCTTGCCCTCGCCGGACGGACGCGCGATGTCGACGTCGACGAGCTTGCCGCCGAGGGCGTCGGCTCCGAACCCCTTGTGCACGCCCTGGACGACAGCCCGGATCTTCCCGTTCTCGAGGAGCCAGTCGCCGACCCTGCCGCGGCTCGCCGCGCCCTCGACCAGGTCCGCGCCGCCCTTGATCTGACGGATCGAGGCGGTGCCTTCCCCTTCACGGACCGTGTAGGAGGCGAGATCGATCTCGCAAGTCGGGTCATCGGTCCCCCCGCTCCCACCACCACCACCACCCTCATTTTTGCTACCACCGCAGGCGCCGAGCACGAGTGCCAGGCAGCCGGTTGCGGCCACCAGAAAACGATGCATGAACGAAGCTCCTCTCATCCGGGGGAAGGGAGCCTAGCACCAAGCCGCCGAAGACGTCACCACCGAACGGTTGTCCACCTCCTAATGGGGCAGGCCGGCAGGAAGGGGCTCTCGGCCGGCGGGAATTAGCCGAGGAGCCTCGCCAGCTTGAGGCCCAGGGCCATGTCCATAGGGGCGAGCTTCAGCTTTCCGGACATCGCGGCCATGTTGGGGTTCAGCCGACCGGTGGCGATGCCCACGAAGTCGGCGTCACCGCACGTGACGGTCATGGCGGGCTTGCCAACCGCCCCGGGAACCACCTGCCCCTCGGGCCCCGTGCAGTCGAGGGTCCACTCCCCTCCCCCACTTCCCGTGATTCGGAAGAGCACGCGGGCGCCGATCTCCCTCGAAAGGGAGGGCTCGGCGTGCAGGCGGCCCGGGATGGTCTCCTCGAGGATCTCTCTCACGGTCGGCTGCGCCATCGTCCCCTCCGTGGCATCTGGCGTTTCTACCACGCCTGGCCGACCGGGGCTTTCCACCGGGCCGGCGAGGCAGCAGCTTGAACCCGAGAGGGTCGAATTGGACGAGATCTCGGAAGACATCGAAGCGGGCTCCGAGGAGAGCGAGCGCCTGCTCCTCGAACGGGCGGAAGCCGGCGAGAGGAGCCGGACGCGCGAGGAGCTCCTCGGGATCGCCAGCCACGACCTCCGCTCGCCTCTGGCGAACATCCGCTCCTACGCGGGGATGATCCTCATGGGCCGCGGCGCGCCGCTGGATCCGAGGGTCAAGCGCGCGGCCCAGGTCATCGCGAAGAACGCGGATCGCGGGCTCCGCCAGATCGACGACCTCGTGGACCTGCTCCGGGCGGAGAGCGGCCACCTCGAGCTGGACCGGGACGAGGCACCGCTGGACGAGCTGCTGCGGGTCGCCTTCGAAGAGGCCCGTCAGCCGGCACAGGAGCGCGAGGTCTCCCTGGAGTGGGCGGCACCAGGCGATCTTCCCACAGTAAACGTGGACGGAGACAAGCTGAGGCGCGCCGTGCGGGCGCTCCTGGACGCGGCGGTGCGCCGAGCTCCACAGGGATCGACGGTCCGGCTCACGGCGGACGCGAGAAAGGATGAGATCCAGATCGCCGTGGACGACGAAGGAGATCGCCCCGACCGCGACGAGGTCCAGGCGGCCTTCGATTGGGAGACGCAGGCGGTCGCGTCCCACAAGCTCGCGGCAGGCGTCTCCCTCGCGCTGGCCAAGGAGGTCGCCAAGGCCCATGGC
NZ_CP012332.1_gap64	2582050	2584643	2593	GGTCTGGGCGAAGACAGTCCCGTACCGTCCGCCGGCGACCTGCGGAGCGATCTGCGGCAGCTCGCAGGCCACGTCGAAGAGCCGCGTCTCCGAGGCCTTTCCCGTCGCGAAGTCGAGGTGGAGGCGCGTCAGCAGGGGCGCCGTCCCGTCCGATCGGACGAGGTCGGTCTCGTCGAGGCCGAAGGTCGGTAGGCGGCAGATGTCGAGGCTCGGACCGCCTCCCTCTTCGAAGGCGTTGGCGATGTGCCAGGCCCAGAAGGGATCCAGCTCATAGGTCCGGGCGGCGTTCACGTCGTCCAGGGGGACGACGAAGAGCCGCGAGCCGAGCTCGGGCCGCCAGCGGAAGAGCTTGGTGATGTCGGCGAGGCCGGCCATCGCGCGGAGGAGGTTGAGCTCCACGGGACCGAGCAGGAGGAGGATGTGGCGCTCGGTGGCGATGAAGTCGTGCACCATGCTCTGCCACGGAGCCTCGAGGGTGCCGAGCTTCCGCGCCGGGCCCTCGTCGGGCAGCGCGAAGAGATCGATCTGCATCTTCCTGCCGTAGCGGAGCCCGAAGTTGAACGTGGTCCGGAGGGAGGCCACGCGGTGCGGGTGCGCCGAGAAGGCGCCGGGGATCACGCCGAGATCGGTGGCGTCCAGCGTCTCGAGCGTGTCCTGGTCCATCTCCTGCGGCAGCCCGCCCTCCATCAAGCCGAAGAGGCGGTCCTGCCAAAGGAACGCCGACGTGTTCCCGGTGCTCTTCGACGAGCCGCGCCGGGCGATGCGCATGCGATCGAGCCACGACGCCGACGAGTTGTAGAGGAATCGTCCGGCGGCTTCCTCGTCCCGGTAGCCCGCGCTCTCCACGATGCGCGTTGCTCCCAGCGCCATGCCGTCGCCGAAGCGCACCGCCGTGATCGCGCCGTCGGTCTCGAAGGCGTGGGCGACCGGCTTGCCGAAGCGCTCGAAGAGGCCCGGCCCCGCGCGAAAGAGCGTGCCGCGGAGCCCTTCTGGGAGCCTGCCTTCGACCCGGAGGGGCTCGAAGCCGTGGGGCCGGGAGAGGGAGCGGAGGAGGGGATTTCGGGGGCTCGCGGCGCGCATGGGGACCTCTTCGTAAGCAGCGGTGACATCCTTGTAAGTAAGTGATACTTACTTTGCAAGGGGGGACGGAGAGGAAGCGCCATGGCAAAGCAGGACAGGACACGCCCGTACCACCACGGAGACCTCAAACGTGCGCTCGTCGAGGCCAGCCTCGAGCTGCTGCGGGAGCAGGGCCTGGACACGCTGACCGTCGCGGAGGTCGGCCGCCGCGTCGGCGTCTCCTCCGCCGCGCCCTACAAGCACTTCGCCGACCGACACGCGCTCCTGCGCGCCGTCGCAGCCGAGGGCAACCGGCTCCTCAACGCGGCCATCCTCGAGACTGTCGGGAGCGCGGCCGATCCCGTCGAGGCCTTCCGCCTCTCCGGCGTGGCGTACATCCGATGGGCTGCGCAGAACCCGGCTCTCTACCGCCTCGCGACCGACCCCGCACTCCTCGACTACGGCGGCGCCCCTCCGCCGGATGCCAAGGCGCCCGAGGCGCTGCAGGGCTCACTCGACACCTTCTGGAGCCAGCTCGCCGAGCTCGTGCGCTCGGGGCGGGCCATCCCCGCCGGGCACCCGCTGATCGAGCAGCTGCGGGGACGAGCGCTGGCCCACGGCGTGGCGAGCCTCTTCGTGAGCGGCGTGTTCGACTCCATCGGCATCCCGATGGACGAGGCCGAGCGCATTGCGCGGGCCGTCACCGGAGAATTCGTGCCGGCCCGGCGTGAGCCTCGGAAAGCCTGAGCGAGACCCCGGGTAGGAGGCGGCGAGCGGTGGTAGTCGAGCCCCTTGTGCATGGGGTCTCCGTCGGCAACACTTCCAGGTGTAGCGGTTTCCCAGCGATGCACCGACATCCGGAGACACTGGTTTGCCTGACTCGAACGGCCTTCGCTCCTTCGCGTTTTTCGCGCTCCTGGCCGGCTCCATCGCGGCCTCTGCCCATGCCGCCACGCGAACGAGCGGGGCAGACGCGAAACGACCTCCTGGGCAGGTCGACATTGCGGCCCTCTTTGCACCGAGTCCGGAGTCGCTTCGGGATCATGCGAGAGCGATGAACGAGTTCGGCCTCGAGCTCTTTCGTGCCGCGAGGACCGACGAGAACGGAGCGATCTCGCCTCCGTCGATCGCCGCGGCGTTCTCGCTGGCAGTTCCCGGCGCGAATGGGACGACCCTCGCCGAGCTTCGCCGGGCCCTCCGCGTCGGGAGCGACGACGTGGCGTACATGCGCCTGGGCCACGAGCTGCTCCAGTCGATCTCCGACCGAGCGGAGCTAGAGGCTGCGAGCCGCGCCTTCGTCGACGATGACCTTTCACTGAAGGCCGAGTACGAGCGCACGATCGCATCCGCGGCCGGGATGTCGTTCGAGCGTCTGCCGATCTCCAGCGATCCGGAAGGCGCGCGGGTGCGGATCAACCGGTGGGTCGACCAGACGACGAAGGGGAAGATTCCGTCGCTCCTCCCGCCAGGGCTCGTGACCACAAGGACCCAGCTCGCCCTCGTCTCCGCGCTGAGCCTCTCCGGAAGTTGGATG
NZ_CP012332.1_gap65	2586314	2589750	3436	CCTCCCGCGCGGCAGACCGCCGCAGCCGAGCGCGAGGTCGAGGCCGATGGAGCCCGTCGGAATCACCTCGATCGCCTGCTGGCTGCCCTCTCCCATCGCCATGATCGACCCCTCGCCGTACTGCTTTCGAATCCCACTCAGCGCCGCTGCGAGCGCCTTCGCCTTCTCGGACATCCGCTCCGCCACCTTCTCCAGCTTGCCCATCGCTCTCTCCTTTTCGGCGCCCTCGCGCCCTCGCTACAGCCCTTGGTCCAGCATTCGAAAACAGGTCGCCCGCACGACGTCCTCGACCTCGAGCGCGTCTCGATCGGCGAGATCGGCGATGGTCCGCGCCACGCGCAGGAGCCGATCGAAGGCCCGCGCCGAGAGCTCCCAGCCGCGGATGAGGGTGGCGAGGTAGGCCTCTGCGTCGGGCCTGGCCCTGCAGGCCTTGCGGAGCAGCCCCGTCGGCACTGCGGCGTTGGTGAGCGCGGGGCCGATGCCGTCCAGGCACCCGAGACGATCAGCCGCCCGCTCCCGGGCGGCGAAGACCCTCTCGCGGACGCTCCGCGAGCTCTCGCCAGGGGGACCGGTGAGAGCCTCGGTCGCGACCGGGCCCACCTCCACGTGCATGTCGATGCGATCGAGCAGCGGTCCGGAGAGGCGGGAGCGATAGCGCCTCACGGCCTCGATGGCGCAGGAGCAGAGCGCGGGGTTCGCCGCCGAGTACCTCCCGCAGGGGCAGGGGTTCATCGTCGCCACCAGCTGGAAGGTCGCCGGGTACGAGACGGAGAGATGGGCCCGGCGGATGCGGATCTCTCCGTCCTCCAACGGCTCCCGAAGCGACTCGAGGGCGTTGCGCCGGAACTCCGGCAGCTCGTCCAGGAAGAGGACCCCGCGGTGGGCGAGGCTCGCCTCCCCCGGCGCAGGGGGATTCGAGGCGCCGATGAGGCCTGCATCGCTGACCGAGTGATGGGGCGCGCAGAAAGGCGGCCGGGTGAGGATCGGCCTGCCTCCCAGGCGGCCGGCGGCGCTCCAGACCCGCGTGGCCTCCAGCGCCTCGGGGAAGGAGAGATCCGGCAGGAGCGAGGAAAGCCGGCGCGCCAGCATGGTCTTGCCGGTCCCGGGGGGCCCGATGAGGATCAGGTTGTGGCCGCCTGCTGCGGCGACCTCCAACGCGAAGCGCGCCTCGCTCTGGCCGCGAACGTCACAGAGATCGAGCTCCTGCGGCGACCTGGCGGGATCGAAGCGGAACGGTTCGGGGCTCGGGAGGCGCTCGTCGCCCGCCAGATAGGAAGCGAGCTGCGCCAAGCTGGAGCAGCCGAGAATCTCGATCCCGTCTACGACGGCTGCCTCGCGGGCGCTCTCCACGGGGAGGATGACGCCAGCGCAACCCTGGTCCCGGGCATGGGCCGCGAGGGAGAGGCCGCCGGGGATTGGCCGAAGGCTTCCGTCCAGGGCGAGCTCGCCAGCGAGGAGGAAGCCCTCCAGGCGTTCCGGCTTGGCGAAGCCGGCCGCGATCAGCACCGCGACGGCAATCGGGAGATCGAAGCCCGTGCCGTCCTTTCGGAGATCGGCGGGCGCGAGGTTCACCGTCATCCGCTGCTGGGGAAACTGGAAACCCGATTGCTGGATGGCGGACCGGACGCGATGCCGGGACTCGGCGACCGCTCGATCGCCCATCCCGACGACCTGGAAAACGGGCATTCCAGTGCTCGCCTCAGCCTCGACCTGCACCCTGGATGCTTCGATCCCGCTCAGCGCACCGCTCAGAACACGCGCGATCATCAGCGCCTCCGATCCGACGGGTCGCCTTTCGCAAGAGCGGTGCCGCGTCCCGGTGGGGCGTGAGATCCACGGAATCCCTGGGGATTGGAGATCAGGCGCTCGGGGACCGAGGCCGCGCGGGCGTACCGGCGGGCCCGGAAGCCGGTCCGGCCTCGTGTCGATTGTGTGCGTTCCGCGCTTTGCCTATATCGAGCCGATGCGCGTGAACGGATCCTCGAACCGACCTTCGTCGCCCGAACCGTCGCCGGAAGGCGAGCTCCTGGGGGAGCGACCAGGGGATGCCGTCGGCGAGGAGCCGGAGGAGCGGGGAGAGCCCCGCTCGCGAACCACCGAGGAGCTGGTCGGGCGAAAGCCGCGGCCGGAGGACTTCGAGGAGCTACCCCGCGCGCCTCTCCACGTGGTGCTCGCGGACGTACGCGGCCTCGCGAACGTCGGGCTGGCCTTCCGCCTCTGCGACAACCTTCGGGTGGCCCACCTCTGGCTCTGCGGGATCACCGGTCATCCGCCGTATCCGGGCGATCCCCGAGCGGCCGTGATCGCGGAGCGCTGCGATCGGGAGATCCGGAGGACGGCGGTGATGGCGGTCCCCTTCGTCCCGTGGACCTACGCGCCGTCGGCACTCGAAGTCGTCGCCGCCCGGAAGGCCGCGGGAGATCGCATCGTGGTGCTGGAGCAGGCGGAAGGCGCCCTCCCACCGGCGAAGGCGGACCTGACGGCGCCGCTCTGCCTCGTGCTCGGCCACGAGCGCCAGGGCGTCGCGCCGGAGATCCTCCGCGAGGCCGACCTCGTCCTCGAGATCCCGGTGTGGGGGATGGCCAACTCGCTCAACGTCGCGATGTCGCTCGCGGTCGTGGGCTACGAAGCGGCGCGCCAGAACGCCGGCTTCGGCCTCGAGCCGCTCTAGGCGCCGCCAGCAAGGTCGACCGCCAGGACACGCGCGATAGGGCGCAACGCGATGGGCGATCCGCCCCGCCCTTCCGGGAGGCGGATCCCGCCGAGCCGAAGCGGAACCCGATTAGAAGAAGCTCTCGCCCACGAAGACGATGTCGCCGGGGCTGAGATAGAGGTTCGGCTGCCGTCCCGTTCCGATGTCGTCGACTGCGACCTTGATCCGCTCCTCCCGCCCGTCGATCGAGCGGGTGACGAGGACGGAGTTCCTCGCGGCCAGCTTGGTGAAGCCGCCGGCGAGCGTGATCGCCTGGACCACGTTCATCCGATCCTCGAACGGGAAGGTGCCGGGCTTCTGGACCTCGCCGAAGACGAAGACCTTCTTGGAGTTGTGCTCCTTGAGGAAGACCGTCACCTGCGGGTTCTTGAGGTAGCCGTCGGCGAGGCAGACGGTGAGATCGTTGGCGACCTCGGTGGCGCCCTTGTTCGCGACGTCCACGCGCCCGCAGAACGGGAACGAGATCGCCCCGTCGCTGGCCACCCGGTAGGAACCCGAGAGGTCCGCCTCCCCGACCACGCGCACGACGAAGACGTCGCCGGATCCGAAGGTCTGGGCGGGAACCAACACGGGAGGCTCTCCCCGTGCCTCACCCGCGTGGACGGCGCGCGACGAACCACGCCCGCCGCTCGCGCAGGCCGACAGGATGGATGCGATTCCAACGACGGCGACGAAGGTCGCCCAAGCTCGAAACTTCACCGAACGTCTCCAAGCCACGCGTCG
NZ_CP012332.1_gap66	2590993	2593422	2429	GCGGGTGGAGGCGGCCCGAGCCGACCCGCAGGCCGTTCTCGCTACGGGTGCCGACCGAGGTCTGCGCGTGCGCGGCGCCGGCGGCGACGACGGTCGCCACCGCGACGATGGAGCAGAGGAGCTGCGTGAGGCTCGGGCGCCCGGCGGGCGCGGAGCCATCGAAAGACTTCCTGGACATCGAATTCACCTTGTCTGCCGTTCCCGCCCCCCTCGGGGACACGGGCGAGGCAAAAGTGCCAAGCGGTGGAGAGCTACTTCGTCGGGCTCGCGGCAGGGAGACGTCGCTGGAGCGGAACGGAGCCAAAGGGAGACGTGGCCGAGTCGGAGAGCGGGTTGTACCAGCCCGTGCCGTCTTCTCTCGAGCCCTTGGCGGCGAGAGCGTCCGTCGAGGCGTCCGTGCCGCCGGCCTTCTCGTCCGAATCGGCGAGAACGGCGCCGTCCTCGATGCCGACACAGCGGTTGGCCTCGGCCCGCTGCAGCTTCACCTGCTGTGAAGCGGACTTCACCGCCTGAAGGGCGGCGGTCGCGACGTCGAGGCCCCAGCCGTTGGCCGCGTCGAGGGTGGCCTCGGCCCGCGCCACGCTCTGCTCCATGGAGTCGCGGCGCTCGGTCACGCAGTTGAGCTTCAGCTTGTCGGAGCCCTTGGCCTGCTCGGTGGCGAGCTGCCGGACCTGCGAGGTCGACTGCTTCATCGCCGTGATCGTGGCCCGGGCTTCCTCGAGGAGGCTGGCAGGCGTTTCGGCCGAAGAGGCCAAGGGCGCGGCGAGAACGGCCGCCGCGATCAGAATGCTGAGATTGGCACGCACGTAATGACCTCGGAGAGTTGCTGAACAACGTAATTTGGAGCTGGGACGGTAGTGGCCAAGATCCGGATTGTCAAATTCCAAATTGCGGATTGTATGAGATCAAGACCGCTTCCTGCCCTCGGTAGCGAAGTTGGCCACCGAACACCATCCCATATGCATGGGGCTGCCGGGCCGCCCCCCCTGCCCGCCGAATGGCCGGTGCGGAACGACGAAAGGCCGCTCGCGCGGTGCGAACGGCCTTCACTTTCGCGGATTGGAGGTCGAGAGCTCGAAGGCGGAGAACAAGGAGGGAGGTCGCACGCCGAATCCGGCGGCGACCTTCGGCCTCAGGTGCCGCTCTTGACCTTGGTCAGGACCTGCTTCGCCACGGCCTTCAGGGTGTCGAAGACCCCGACGCCGGTGAGGGCGACGGCGTTGAACTCGGGCACGCGGGTCGGGTTGAGCTGGCGGGAGAGCTCCTCGACCGGGAGGATGTTGGGGAGATCCCGCTTGTTGTACTGGATCACGTACGGGATCTTGTCGAGGTCGTAGCCCTGCTCGGCGAGGTTGATCCGGAGGTTCTCCACGGACTCGAGGTTGGCCTCCATGCGATCCGTGAGCGAATCGGCGACGAAGACGACGCCGTCGACTCCGCGCAGGATCAGCTTCCGGGACGCGTCATAGAAGACCTGACCCGGCACGGAGTAGAGGTGGAAACGGGTCTTGAAACCCCGGATTTCGCCGAGCCCCAAAGGCAGGAAGTCGAAGAAGAGCGTGCGATCCGTCTCCGTGGCGAGCGAGATCATGTTGCCCCGCGCCTCTGGGTTCGTCTTCGCATACACGTACTGGAGATTGGTGGTCTTCCCACACAAGCCCGGTCCGTAATAGACGATCTTGCAGGTGATCTCGCGCAGCGGCAGGTTGATGAAGGGCACGTTCTTCCCCGCGATTCTAAGGGAGGGCGAGCGACGGGCTAAAGCCGGCTACTCGCTGAAGAGGTTGTCGATGTCCTCGTCGGTGATCTCGGCGAACGGGCTGCCGCCGCCGGGGGCGCTCCCCTTCCGCTGGAGGTCGGCGAAGATCTGGCTGAGCTGCTCGCTCGCCTTCTTCACCCGGAGCCTCACCAGCCCGAGGGAGGAGCGAGCGTCGAAGATTACGACGAGGATCACGCGTTGGGCGACGAGCGAGATGTGGAGGTTGTCCCGTTCACCCTCGTGGAAGAGGATCGAGAACTCCTTCTCCCCCAGGAGCTTGGCGAGGCCGCCGGTGGCCGCGATGTTCCCGGCGGTCAGCGACGCCAGGGACGTGGTGTCGATGTTGGCGGTCGCGCCGCTGCTTGCGATGAGCTGGCCGTTCTTATCGACGAGGAAGACCACCTTGGCGTTGGCTTCGCGCGTCAAGCTGTCGCAAATCCCGGTGATCCGATGGAATTCGTCGTCGTGCATCACCATCTGCTGGATCATCTGGCCGCTCACTCCTTGCAGGTCCCTCGGAAGCCTTCGGACCGGGGCAACCGAACCTTGGAACCGCATCCCGCGACGGCCGATGGCCCGGGCTGGCGCGTCGACCTTTTCTATCTGGCTGGTGGGTCACTTCTAGCAGAGGCCCCGGGCACCGGCAAGTTGCTCGCCCGCCTTGCGATCG
NZ_CP012332.1_gap67	2735184	2736238	1054	CCGGCCCGTCGATCCGCGGCGCGAGCAGCTTCCCGAGACGCCTTCCGGCGTCGATCCTGTCGAGGTAGCGTTCCATGTGTTCGCACATCCTACCCCGACGAACACAAGAGCGCGGCGGCTAGAACCGATGCGTTTGTGAGCCGTCCACCACTACGACCGCGCCGGTCACCCACGACGCCCGGGGAGACGCGAGGAAGGCCACCACGTCGGCCACCTCCTCAGGCCTGCCGAGGCGGCCGAAGGGGATGGAGCGCTCCACCTCGGCGTAGAACGCTGGATCGTCGACACGGCGCTTGTCCCAGGAGCCGCCGGGGAAGACGATCGATCCCGGCGCCACGCAGTTCACCCGGATGTTCCGCGGCGCACACTCCAGCGCCGCGGACTTGGCGAAGCCGTGGAGCGCCGCCTTCGCCGAGACGTAGGACGGCCGGCCGAAGGCCTCGAGCCCGGAGATCGACGAGACGACCACGAAGGAGCCGCCACCTTCCATCCGGGGCGCACAGCCGCGGAGGAGCCGCACCGCCGACAGGAAGTTCAGCTCCCACTGCGACCGCCACGCCTCGTCGGGCGTGTCGAGCACGCCGCCCGGCGTAGAGCCACCGGCGTTCGCCACCGCCACGTCCACGCCGCCCAGCGCGTCCGCGAGCTTCGCCAGCGCTGCGTCGTGGGCGGCGGCGTCGGTGACGTCCGCCGCGGCGATCTCTACACGAGCGCCCGACGCCCGGATCTCCTCGGCCGCCCTGGCGAGACCCGCCTCGCCCCGTGCCATCAGGCCGAGCGAGCAGCCCTCCGCCGCGAGCGCCTTGGCGATCGCGAGGCCGATCCCCCTCGAGCCGCCCGTCACGATCGCGCGCTTTCCCTGGAGCTTCAGATCCATGTTCGATCCCTTCCCTTCGCGGGCGCGAAGCCCTCCGCTACCGCGGCTCGTAGAAGACCTCTTCCATCACGAGGCCCTTGGCCGGAGCCGTCCGCCCGGCGAGGCGCCTGTCGCCGCTCGCGAGGAGCGCCGGCATCGTCCCGGCCTCCCGCTTGCCCAGGCCCACCTCCACCAGCG
NZ_CP012332.1_gap68	2885483	2887584	2101	CGCCTCACGTCCGGTCTCGATGGCCCGCTTCACCTCGGAAGGGACCCAGGTTCCGACGAGCTGGGCACCCGCCCGGCCATGGGACTGGGCCCGGGCCTGGACGGCGCCCGCGACGAGGACGAAGAGAACCAGGATGCGCAGACGGGAGACGGACATGGCTCGTTCTTACTCCAGAAAGTCCCTGTCCCGCAGCTTCTTGGGCAGGTACTCCTCCGTGATGAACGAGATGCCGCGCCGGGAGAGGGCCTCGATCTCGTACTTCTTGTTGTTGCTGGCCATCGCCTCGAGCTCGCGGCGCCACTGCTTCTTCTCGAACCACGGATACTCGAGCATCTGCTTGATCCGCTTGTGGTCGCCGTCGTCCATCCGGATCGCGGTCTCGTCCGGGAGCCTGTACCGCTCGGGGTCGAAGGACGAGATCCCCACGAAGCGGGCGCCGGGCACCGCCATCCGCATCGACTCGTAGGCCAGGTTGATCGAGCCCTGCTTGATCACCGAGTAGATGTAGAAGCCCCACGGATCGTTGTCGACGAGCACGTAGACGGGCAGCTTCAGCTCCGAGTGCATGCGCTGCACGAGCCGCCTCACGCCCCGCGGCGGCTGACCGCCGCCGTGGATGAGCATGCACTGCTCCTTCTTCCAGTACTTGTCCTCGTTGAAGCGGCTCCACACCGCCTCCTTCTCGACGAGGAGCACGTACTTCGCCTCGGTCTTCCCGAAGCGGATCACGTTGGGCTCGACGATCGACGGCACACCCCACCCGCCCGATCCCTGCCGACGCAGATCGATGGTGTCGCCGGAGTCGATGACGGTCATCGGCCCCACCATCAGCCCCTTGCGGTTGGCGAAGAGGTGGAGCTCCTCGCGGAGCGCGTCCACCGTCACCTCGAGATCCTCGATGATCGGATCCGACTCGTCCTGCTCGTCGAAGGTGTTCTGGCGCGTGTCACCAAGCGTGTGCTTGGTCATGTAGTAGAGGTCTCGGATGCTGGTGGTCTTGCCGACCTCCAGGAGCTCCTTGCACGCGCTCGCCACCAGGAAGGTCTGCATGAACTTCTTGGCCTGGGCCACGTTGAAGAACGCGCGCTCCTGCTTGTCCGCGCCGAGCTCGATGATCTTCTTCTTCGCGTTGAATTGGACGTTGGAGAGGGTGCGCAGCGGTACCACGAGGCGCGGGTTCTTGCGCTTCTTGACCTCCTGGACCACGCCCTTCGCCAACGCCTCGATCTTCGCGAGGGTCTTCTTCGCCGTCACGTCCCGGGTCGCCATCAGCGCTCCTCCTCGGCTTCCAGCTCTTCGTCGGTGGGCCGCCGCTTCTTCGGATTCGACGCAACCCGGTCGAGGATCTCGTCGGTCTCCTCACCACCGGTGATCTCGCGGGCGAGGACCACCAGATCGCCCTTCACCTTCTCCCGATCGGCGCCCGTGATCTCGTGGAGCGATCGCGCGAGCTCGTCGATGTAGAGCTCGAAGATCGATCGCCGCTTGAGCTCGTAGGCCGCGGCCTTGCGCTTGCGGATGAAGGCGGCGAGCTTGCGGCCGCAATCCTGGAGCGCCAGGCGGATCTCCGCGAGGAGCTCGGGGTAGTGGGCGATCGCCTCCTTCGACTCGGAGGTGAACGGCACCCACACCGAGGCGATGTGCACCAGGAGCGCCATCGGCCCCACCGGCAGCGCGCCCCGGGGCTGCTGCAGCTCGTACTTCTTCCAGTCGGTCTTCATCACCGCGTCGGTGACCCCGCACGCGCCGCGCTGGAAGAGGAGCGGCACGCGATTCGCGAAGCGGTAGAGCTCGATGGTCTTGTCCTGGGGCCAGTCGCCGCCGTACGCGAGGCCCACCTCCACCTGGAAGGGATTGCCGCGGTAGACCTTCGGTGGCCTCGTCGACGAGACGATGAAGAACTTCTTCCCCTTGATGATCTCTTCGCCGGGCTCGGGCGGGACGGCGTCGGCGGCGGCCTTCTCGAGCTCCGCCTGCTTCTCCTCCGAGGTCTTCACCGGCGCCTTCTTCCTGCCGCGCCTTGCGCCTTTTTCGAGGAGCTCGAGCTGGGGGAGCTCCTCGGCCTCCTCCTCCACCACGCTCAGGAAGGAGATCAGCCCCT
NZ_CP012332.1_gap69	2969807	2972059	2252	AGCGATTCTTCGAGGCGCTGCTTCGCGGAACCGCGAACTGCACGCCGACCGTTGCGGGAGGCTCGGGCGAGCGCCTGGTAGAGGCCGCACGGCGGGCGGCGGAGGGCGCCGATCCGGCCCACGACTTCGCGCACGTGCTGCGGGTCGTCTCCTCCGCCGGCCGCATCGCGGAGGCGGAAGGTGCGGATCGCGAGATCGCAACGACCGCCGCGTTGCTCCACGAGCTCTTCAATCATCCGAAGGGCCACCCGGAATCCCACCTCTCCGGTGAGCGCTGTTCCGAGCTCGCCCTGGCGCTCCTGATCGACGAAGGCTGGCCCGTTGCCCGCGCCGAGGCGGTCGCCTACGCGATCCGGGTCCATCCCTTCTCCCTCGGAGTCGTCCCGGTCACCCTGGAGGGTAAAGTCGTCCAGGACGCCGACAGGCTGGACTCGATCGGCGCCATCGGGATCGCGCGATGCTTCGCGACCACATCGACGATGAAGCGACCGTTCTACGACCCCGAGGATCCGTTCTGTGCTCGAAGGGAGCCGGACGACAAGCGATGGGGCGTGGATCACTTCTATCGGAAGCTCCTGAGGATCCCCGACGTCCTCCACACCGCCACGGCACGCCGGCTCGCCGCCGAGCGCGCGGGCTTCATGGAACGCTTCCTGGAGCAGCTCGGCAGCGAGCTCTGAGCGGCCACCGGCTCGACGCGCCTGCCAGCGCGCCCGCCGCGGTCACGCCGAACAACGTGATCCAGAATACGCGAAAAGCCCCAGCGCCTCTCGAAAGAGTCGCTGGGGGCTCGCAAATAGAATCCGGCGGCGTCCTACTCTCCCACACGGTCTCCCGTGCAGTACCATCGGCGATGAAGGGCTTAACTTCCGTGTTCGGGATGGGAACGGGTGGGACCCCTTCTCCATTGCCACCGGAAAATCAAAGGTCTCTCTACGGCAAGGCCGCAGAGGAACCAAAAATGTACCACATACGAAGGAAGGTTCCGGTCAGAGCCGGAAAAGTACGAGTCGGATGCAGTTCGTGATGCGTCCAGGTCGTAGACTTCGACCTTGGCCTCGAGCCGCCAGTGCCTTTGGCGGTCAGAGGAATGGGTAACCAAGCCTCACGCTCGATTAGTACCGGTCAGCTCAACACGTTGCCGTGCGTACACCTCCGGCCTATCAACCTCGTAGTCTTCAAGGGAGCTTCAGGGGCTTTCGCCCGGGAGTCGTAGTCTTGAGGTGAGTTTCCCACTTAGATGCTTTCAGCGGTTATCTCGTCCGTACATGGCTACCCAGCTATGCCACTGGCGTGACAACTGGAACACTAGAGGTACGTTCAACCCGGTCCTCTCGTACTAAGGTCAAGTCCTCTCACGACTCCTACGCCCACAGCAGATAGGGACCAAACTGTCTCACGACGTTTTGAACCCAGCTCGCGTACCGCTTTAATCGGCGAACAGCCGAACCCTTGGGACCTGCTCCAGCCCCAGGATGCGATGAGCCGACATCGAGGTGCCAAACCTCCCCGTCGATGTGAACTCTTGGGGGAGATAAGCCTGTTATCCCCGGAGTACCTTTTATCCGTTGAGCGATGGCCCTTCCATTCAGAACCACCGGATCACTAAGACCTGATTTCTCACCTGCTCGACCCGTCGGTCTCGCAGTCAAGCACCCTTATGCCTTTGCACTCGACGCCCGGTTTCCAATCGGGCTGAGGGTACCATCGCGCGCCTCCGTTACATTTTAGGAGGCGACCGCCCCAGTCAAACTACCCACCAGCCAGTGTCCTGCGCCCGGATTACGGACGTCAGTTAGACACCAGAATCCACCAGGGTGGTATTTCACCGTTGGCTCCACCGAACCTAGCGGCCCGGCTTCAAAGCCTCCCACCTATCCTACACAAGCAAACCCTAGTGTCACTGGCAAGTTGTAGTAAAGGTTCACGGGGTCTTTCCGTCTTGCTGCGGGAAAACTGCATCGGCACAGCTATTTCAATTTCGCTGAGTCCCTGGTCGAGACAGCGCGGCAGTCGTTACGCCTTTCGTGCAGGTCGGAACTTACCCGACAAGGAATTTCGCTACCTTAGGACCGTTATAGTTACGGCCGCCGTTTACCGGGGCTTCGGCTCACTGCTTCGCTTGCGCTGACAGATCCCCTTAACCTTCCGGCACCGGGCAGGCGTCAGACCCTATACATCCACTTATCGTGTTAGCAGAGTCCTGTGTTTTTGATAAACAGTCGCTACCGCCTATCCTCTGCGGCCTGGTT
NZ_CP012332.1_gap70	3126276	3129761	3485	GCGGCTGTAGAGCTCGCGGGTCATCCTCTGGAGATAGGGCACCATCTCCTCCAAAGGATCGACCTCAGGGATGAGCTGCTTGGCGAGGCCCTGGGTGGTGATCACAGCCTTGAAGAAGAGCGTGTAGGCTGGCGTCATCCGCACCCGATGACGGAACGCGATCTCCGTGAGCTGCCGCAGGAAGTCCTCGACCTGCAGCTCCGCCATGCTGCGGCCCACCACCTGCCGCTCCATCAGCGCCTGTAGATCACCCTCCCACGCCGTGTAATCGATGTGCTCGCTCCGGATCGACAGCTCCCAGTACACGCGGGCGATGGTCCGGTAGTCACGGCGCTGGATCGCGAAGAAGATGGTGACGAGGTTCTCGCGCATCTCCTCCGTGAGTCGCCCGACATTGCCGAAGTCGAGGAGGCCCAACCGGTTCCCGGGCAGCACGAGCACGTTGCCGGGGTGCAGATCGCCGTGGAAGCAGCCGTCCTCCAGGAGCATCTGGAAAGCCGTCTGCAGGTAACGCTCCCCGACGAGCCGCATGTCGCAGCCCGAGGCGCGGGCGTGGCTGATCTTCACGCCGTCGAGCCACTCCATCGTGAGCACCTGCTCGCCCGAGTGGCTCGTGAAGATCTCCGGTATCACCACGTGGTCGTTGCCGGCGAAGTTCGCGTGGAAGCGCTCGAGGTGCGCCGCCTCGACGCGGAAGTCCGTCTCGTCGGCGATGGACTTTCGCAACTCCCGCAGCACCCCCGGCACGTCGAGGAGCTCGATCTCGGGCATCTGCGCCTGGGCCTGCCTCGCCAGGAACTGGAGGATCGAGAGGTCCGTGAAGATCAGCTCGCGCACGCCGGGGCGCTGCACCTTCACCGCGACCTCCTCTCCGCTCGGGAGGCGGGCGCGGTGGACCTGGGCGATCGAGGCCGTGGCAAGCGGCTCCTCGTCGAACTGGGCGAAGAGATCCAGCGGGCTGCCGCCGAGGGTGGCGCGGATCTGCTCCTCCACCTCCTCGAAGGGGATCGGCCCCACGTCGTCCTGCAGGGATTGGAAGGCCTCCGCGTAGCCGGGCGGGAGCACGTCGCCCCGGGTGGAGAGCATCTGGCCGAGCTTCACGAAGGTCGGCCCCAGCTCGCGCAGCGCGGCGGCCACCCGCTCCGGGGAGAGGCCGACCTCAGCGTCCTCACCCTTGCGGAAGAAGCCGATCCCGGGGACGTCGATCCGCGCCACCAGCCAGCCGAAGCCGTGCCGGGCCAGGATCTGCACGATCTGCTGGAGCCGGCCCAGGTCCTTGACGACCTGGCGGGCTCCCATCGCGGTGCGGGCTGCGGTTCTGACGATTGCCACGTGCCTTCCAACGCTCGAGACGGCCCCGAACCTACCGCGCGGGCTCTCCGATGGCGAGGTTCGTGGCGTCCTTCAGGGAGCGCAGGTCGGCGGGCTGCTCCCGAATTCGCAGGAGAAGCTCCGGCACTCGTGCTCGGCGCTGCAGGGAGCGCCGGACGGAAAGCGCTCCCTGCACGTGCCCCAGGTCTCTCTCGTACAGAAGAGACCGTCCCGGCAGTCCCAATCCGTTCGGCAGCGCGCGTGCACCCCACCACGTGGCTGACAGACGCCATCCTCGCAAGCGCGGTCCCCCAGACAGTCATCCGAGGTGGAACAGGGACCCCCTTCCTCGCTCCAGGGATAGAGAGGCCGGCAAGCTCCGAAGTGACAACTCGTCAAGGTGACGCAATCCAACGGCCCGTCGCAGCGGTCGCCCACCCCGCCGTGCCACGAACAGATGCCCCCGATACATCGCAGACCGGCCTCGCATCGCTCGCTGAGGTCACAGTCGCTGCCCTCCGGGGTCCGAGGCACGCAAGAGCCGTCGATGCACGCAAGGCCGGCTCCACAGTCGTGTGCGCCGCCACACGGTCCTCCCGCGCCGGAGCGAGGGCCGCAGCGATCGACATCCAAGCGGCAGACGAGGTCTCCCGCGCACGACGTCGCGGCGCTGCAGGGCTCGCCCTCTTCCAGCGCACGTCGACACGTCCGCGGATATTCCCACGCACAATAGAGTCCATCGTCGCAGTCGGGCTTGGACGGGCTTTCGACGCCCTCGCAGCGATCGCCCTCTGCGCCGGACCCGCGGCAGATCCGGCCGCCGCTCCGATCAGGCCGGCAAGCGAGCCCGCTCGCGCAGGCCCGATCCTCCACACAGGCGCTTCCGTCGGCCACCGAACCCGCCTCAGCGCAGCTCCCGAGCCGGGGTTCGGGAGGACGGCTCACGTCGCAGATTGGGCCAGCCTCGTCGGTCGCTTCGCTCGCGCCGCAATCGATCGCATCCAGGCATCGCTCGCCCGGACCGGAGACCGGCTCGCAGCGAGGCGGGTCGTAGGCGCCATGGCAGATCAGGCCCGCCTTGCAGTCGGCCGATCCCTGCCGGAAGTCCCACGCCAAGCCCGCGCAGGGCTCTCCCCGGTTCTTCTTCGGGAGGCAGATCCCGGAATCCACGACCCCGCTACACCCTCCTCCTCCGGAGGGAACGGCCTTGCAGTACGAATCCTCCGGGCACGGAGCGGATTCAGAGCAGGAAATCGCGCCATCCTCGGGGCGCTCCCTGCATGACCAGGCAAACCCGAGAACGACCGCGAGCCACAAGATCGCACGACGCACGAACGGACCCGTTTCCATCCATTCCTCCGTTCAGAGCTTCACGCAAACCTTGCGTAGGGGGTCGCACCACCTGCTCGCGCACTCGAAAAAGGCCTCACACACCGTTCCGTCGCCCCGCCTCGGGACACAGGTGCCGACCTGGCAGAAGAGACCGTCCTCGCAATCACCCAAAGCGCCGCATGGCCCCCCAAGACCACTCGTTGGTTGGCATCGGTTTTCAAAACAGGGCCCGGCATCGCACGGGGACGTCAAGTTATTGCTACACGCATCTCCCACGTCCAGGCGCGCCCTGCACATCCCCATCTGGCACTGCAGGCCCTGGCCGCAGTCGGCGCTCCAGCCGCACGGTTCCCACTCCCGCGACGGGGGCGCGCAAGCGCCGAGGACGCAGCGATCGGCCCTTTCCGCGCAGTGGTCCTTGCTGTAGCAGGGCCCTCCTCTGGGACTCGGGGGCGAGCACGAACCCACGATGCAAAGGAACGGCTTCGCGCAGTCCCAGTCGCGGCCGCATGGCTCGCCCTCGGTAGAGGCGTACTCGCAGGACTTGTCCGCCGCTCCGCGGCAGATCAGCCCCTCCGCGCATTGCAGGTCTCGTTCGCATTGCATCCCCCGCGAGACGCGGAGCCTGCAGATTCCTGGATCACCGTCGTCGCAAAAGAGGCCGGGCAGGCATCGATCGCCCTCGTCGCGGCCCGGATGTTCGTACCGGACCCTGCACACGTCCCGTTCTGCGCCGGGGCCTCGGCAGATCGAGGTTCCGTCGCCGGTCTCGACGCATCGATGCTCGCCTTCGCAAGCGCGGCTGCCCACGCATTTCCGTCCCACAGCCACCGAGCGGGGAG
NZ_CP012332.1_gap71	3145144	3148270	3126	AGCTGCGGCCTGGCGCCCCGGTCGACCCCCTCCGGCGCCCGGTCGAAGGCGAGGAGCTGGGTGATCTCGCGGGCCCTGTCCGACCGGAAGTTGAAGAAGAAGACCGAATCGCCGTCGCGGATGAGCCCCACGGGTACCCCGCTCGCGTCCTTGCACACCGAGGGTGAGACGAACTCGTCCGTCTCACCGCGAGCGTATGCTTCCTTCACCCCCTCCACCGGCCCGGCGACGCCGTGGCCGACGCCGCGCACCATCGCCTCGTAGGCGACCATCACGCGATCCCAGCGCTGATCGCGATCCATCGCGAAGTAGCGCCCGATCACCGTGGCCACCTTCGTGTGCGGCGCCTCGCGGTCCAGGAAGCGGACCAGCTCCTCGACGTAGCCGAGGGCGGACTTCGGCGGCGTGTCCCTGCCGTCGAGGAAGGCGTGGACGAAGATCCGCGCCACGCCCTCACGCTCCGCCATGCGGATCGTCGCCTCGAGGTGGGCCTGGAGCGAGTGGACGCCGCCCGGCGAGACGAGGCCCATGAGGTGGAGGGCGCGGCCGTTCTCCTTCGCCTTGCGGATCGCCGCGCAGATCACGGGGTCGCGGTAGAAGGAGCCGTCCTCGATCGCCCGGTTGATGCGCACGAGGTCCTGGTAGACGATCCGCCCCGCGCCGAGGTTGGTGTGTCCCACCTCGGAGTTGCCCATCTGGCCTTCGGGCAGGCCCACGGCGAGACCCGAGGTCTCCAGCTTCGTGTGGGGGAATCGCTCGTCGAAAAAATCCACGTTGGGCGTCGCCGCCTGCAGGATCGCGTTCGCCTCGCGCTCCTTGCGCAGGCCCCAACCGTCCAGCACGCAGAGCAGGACCGGCTTCACCTTGGTCGTCATCGTTCACCTCGGGCGCGAGCGGACGCACGCTCTCCCTCCGCTCGATCGCGGCCGGAATAGCACAAAGCTCCGCATCATCGGCCTTCAGAGCGGCTTCGGCCCAGGCGGCGCGCCCGGATTCCGACGCTGGCTCGCTCGGAAGCGGTGCCGCCAGGGCGACCGGCTACTTGTGGTACGGCTCACCTCGGGCGATGGCGAAGCCGCGGTAGAGCTGCTCCACGAGCACCAGCCGGGCGAGCCTGTGCGCCAGGGTCAGCGGAGAGAGCGCGAGGATGCGATCCGCCCGCGAGCGAACCGCTGCCGAGTGCCCTTCTGCCCCGCCGATGAGGAAGGCGAGGTCGCGGCCCCGGTTCATGGCGTCCTGGACGATCTCGCGCGAGAAGGCCTCGGAGCCCATGAGGTCGCCGCGCTCGTCGAGGACGACCACGCGCTCCGAGTCCTTGAGCCGGGAGAGGAGGGACTGCCCCTCCTCCTCCCGCGCACGCTGCGGATCGATTCCGCCCTTCTTCGACGGCGGGAGCTCGACGAGCTCCACCGGGACGTAGCGGCGGATCCGCTTCAGGTATTCCGCGATGGCCGGCTCGAAGAGGCCCGACTTGTCGGCGCCGATCGAGAGGATCCGGACCTTCATCCCACCGGGATGCGACGGGCCTCGGCCCAGAGGCCTTCCACGTCGTAGAGGGCGCGGGCCTCCTCGTAGAAGACGTGGGCGACCACGTCGCCGAAGTCGAGGAGGATCCAGTGACCGAGGCCGTGGCCCTCCACCCCGATGGGGCGGTGGCCGGCCTTCTTCATCTTCTCCTCGATGGAGTCGGCGATGGCGCCCACCTGGCGGTCGGAGGTGCCGGTCGCGATCACGAAGCAGTCGGCGTAGCCCGTGAGGCCCGTGACGTCGAGGATCACGACGTCCTCGGCCTTCTTGTCGAGGGCCGCCTGGGCGGCGATGTGGGCCGCCGCGAGGGCCGCTTCGGCGCCCTCCTTGGTGACCTCGGACCCAGGCTTCTTCTTCCGAACGGGGGCCTTCGCAGCGGAGGTCTTGGCCGTGGAGGCCTTCGCCCGGGCCGGCGCCTTGGTCCCGGCCGCCGCACGCGTGCGCTTCGCAGGCGCCGTCTTGGACGCCTTGGCGGCAGCGGGCTTCGCGGCCTTGGCCGACGCGGTCTTCGTCGACGCGGCCTTCGTGGTCTTCGAGGCCGCCTTGGCGGGGGCCTTCCGGGTGCTTGCCTTGGCGGCGGCCTTCTTCTCAGGCGCGGCCGCTTCAGGGGAAGTAATCTTGCGAGACGCCAAACCGGCTCCTTGTGAGCGGACGATTCGGAGCCGCTCCGGCGCGAATGTAGCACGGCACCCCGAAAGCATCCGCCCCCGATCTTTGTTGGTATCGATGGGAACGCAGGGCTACATTCCAGCCCGGGTATCCCCAAGGAGAAAGTCCCATTCAGAACGCTTTCGGCAACACCCTTGGCCTCAAGGCCTCCCAGCTCCAGCGGCTCTCCAACACCTACCGGCGCCGGCTCCGCGCGAACGAGGTGGTGAGCCCGGAGCTCGCCCGTCATCTGACCGAGATCTCCCGCGAGACCGGCCGGCAGATCGGCGTGCTCCTCACCCGCAAGGGCGAGGTCGAGCACGTGATCGTCGGTGACGCCCACAAGCTCTTGCTGCCCGACGTGGGCCGCGCCCGCGCCGGCCAGGTGCGCCTCCGTGGCCTGCGCCTGGTCCACACGCACCTGCGCGGCGAGACCCTCACCAAGGACGACCTCACCGACCTCGCGCTCCTGCGCCTCGACCTCGTCTGCGAGATCCAGGCCCTGGACAACGGCCTCCCCGGCGCCGCGCAGGTCGCCCACCTCCTCCCCGAGAACCCCGAAGGGGAGCTCTGGCGGATCACCGACTACCCGAGCGTCCATGAGCTCGACTTCGACTTCGGCGCCGAGATCCGTGCGCTGGAGGAGCAGCTCGCCGGCGCGGCCCGCGCCCGCGTGGTCGGCGACGGCGAGAAGGCCATCCTCGTCGGCCTCTCGGTCGGCCGCGGCAGGGCCACAGCCGAGTCCTCCCTCGCGGAGCTGGCGGAGCTCGCCAACACGGCGGGCGTGCAGGTCCTCGAGAGCATCGTCCAGCTCCGGCGCGAGCACGACCCGAAGTACCTGATCGGCAAGGGCAAGCTCGAGGAGATCGTCCTCAAGAGCATGCAGCTCGGCGCGGACCTCATCGTCTTCGACAAGGACCTCTCGCCGTCCCAGGCTCGGCACATCGCCAA
NZ_CP012332.1_gap72	3149276	3150246	970	CGGGCCGGCACCATGGGATCATCCTCGGACGACACGCAGAGCGTCGGACGGCGGATCCGGTCGAGGGCCGGCCCCGACGAGCACGCGTCGTAATACGCGCCGGCGCTCGCGAAGCCGTGGAGCGGGGCGGTGGCGGCGTCGTCGAAGGCCACGATCCCGTGGGCCGCTCGGACGGCGTCGGGATCCAGGCTGCCGGGGAAGCACCGCGCCTTCTCGAGGGCCTTCTCCCTCAGCGATCGCAGGAAGATCCAGCGGTAGAGGCTGGCGAGCCCGGAGGCCCGATCGATGGCCTGGGCGCAGCCCGCCAGATCGAAGGGCACGCTGACGGCAGCGGCGGCTTTCAGCGGCGCCGAGTCGCCCAGCTCCGCCAGCAGCCGGAGCATCACGTTCCCCCCCAGAGAGAACCCCACGCCGAAGATCGTGCGCCTCCCTTCCGCGCGGAGCCTCTCGAGCACCAGCCGGGCGTCGCCGATGTCGCCCGAGTGGTACATCCGCGGCAGCCGGTTGGGCTCGCCGCTGCACGAGCGGAAGTTGAGCGCCACAGCGCCCCAGCACTCGCGCTCCGCGCCGCGCACGATCGCCGCCACGTAGCCCGCGCGGGACGAGCCCTCGAGGCCGTGGAGGATCACCACGCACGGCGCCGTGGGCGGCGACGGCAGGACGTCCAGGTCCAGGAAGTCCCCGTCCTCGAGCTCCCAGCGCTCGCGGCGCATCGGCGGCGTCCTCGCGGAGCGCACGAGCGACGCGAAGATCGTCTGGGCGTGCGGGCCGCTGAGGCCCTTGGCAGGCTGGAACGGTTCGGTGGGCTGGAACTCGGTTGGCTTGGAGAAGTCGTGTGCCGTAGGAAATCCGGATTCGTCGAGGGGCGCCCTCGGGGCGCCGGGATCAATAACGGAACTCGGGCTTCAGCGCGCGGGCCATGAGCTCCGCCGCCGCCCGCTTCGGATCCTTCCCCTCGTGGATGATCGCG
NZ_CP012332.1_gap73	3152660	3156428	3768	GCTCGATCGCGGGCCCGATCGTCCCGGCGAGGAGCCGCGGAACGCCGGGGATCTTCGCGGCGGCCACGTCGATCCGACCGCCGATGCGAATGGTGCACCGGCCCGGCCCGGCCTCGACGAAGACGTTCCGGCCTCGCGAATCGACCGCCTCGCTGAAGGAGTGGGACTCGCTCCGCCACGTGCACGAGAAGTCCGACGAATTCCACTCCGCGTAGTCGGTCCAGGAGAGCATCGACTCGGAGAGGAACGCCCGCACCGCGGCAGGGATCTCGCCGCCGCCGTGCCAGACGTTCACGATCTCGACGCGATCGCCCGTCTCCTTGCGGCTCTTCACGTCAATCCCGCGGACGTTGGGCAGATAGGGGAGGAGCCGCGTGAGCTCGTCGCGATAGACGCGAAAGACCTCGTCACGGGGCTGGGAGATGGTGGCTTCGGCGGAGAGCTCCATGCAGCGAGACTAGCGCAAGCGCTGCCGCCGGCGGTCCGAAACCGCCGCCCATGCTTCCCGCCCCGAAAGGGCCGGCGATACGAGAGGTTTGCTGCAGAGTCTTTCAGTAGCCCACGCGGACCATGGCCTCGGCGACCAGCGCGATGAGCCGCCGCCGCACCATGCGCAGGGAGGCGTCCGCGCGCTGCGACCGCGAAGCGCCGCTCCGCCGCCGGGCGACCTCGATCACCACTGCACATCGCTGCTCGGAGAGGGCGAACGGGAAGGCACCGGTCTTTTCGAGGAAGTACCCCAGGCCACGGCGCTGGAGGATCTCGTCGGTGGCCTGAATCGCGGCCCGATGAAGCATCAGATCGATGATTTCAGCCAAAGCAATGACCTTCTTGGGCGCCTCGTGGAGGGCCGCCCGACGTGCGAGCTCGAAGTGGGATGGTCGTTCTCGGGTCCCCTGTACCGGCCCGAGTCGAGGAGCACGCTAAGCGAGGAGCGATGCCGGATCCAGTTTTCGTCCCGCCATCCGCTCGTCCAGCCATGCGGATAGAAAATCGATCCGTTCGGCGTCGGAACCACCCTTGGCGAAGGGGAGCGACGCGAGTACGGGCGCGCCGGTGAGCCTCTCGATCGCCTTCGCGTTCTCGGCGGCGGCGCCCTCGTCCTCCAGGCGGCCGGCGCTGAGGATCACGCCCTTGACGGGGATCCGTCGCGCCGCGAGGGCCTCCAGCGTCAGCGCCGTGTGGTTGATCGTCCCGAGCGACGCTCGAGCCACGACGATCACGGGGAGCGAGAGCCGCGCCGCCAGGTCGGCCATCGTGGTGAAGGCGGGATCGAGGGGCACCAGCAGACCGCCGGCGCCCTCGACGACGACGCCGTCCGCGTGGCGATCGCCGAGCGCCCGGAGGCAGCGCTCGACCTCGGCCGGATCGATCGCCACGCCCTCGCGCGCTGCGGCGATCCCCGGCGCGAGCGGCGCCTCCAGGCGGTAGGGACAGACCAGCTCGAGTGGATCGCCGCCGCCGGCAGCGGCCTGGAGGAGCCGAGCGTCCGCGGGAACGAGGCGACCTGCGGCGTCGCGCGGGCAGCCGCTCTCGGCGGGCTTCATCGCGCCGACGTCGAGACCGCGGCGGCGCATCGCCGTGACCAGCGAGCACGCGACGGCGGTCTTGCCGACGCCGGTGTCGGTCGCGGTGACGAAGAGGCCTCTCATTCCTTCATCCGGGCAATCGACCCGCCCGCGGCTGCGCCAGGAGGCAGGACGATCCCGCCTCGCAGTCGCGGATCAGGCGATCTGCAGGTGGACGTGCTTGTCCTCGTGCCGATCGCAGCTCGCCTCGTTGGGCGCCAGCGGCTCGATGCCGGCCTTCGCCAGGAGGGCCATGTCGGCGGCGTACTCCGGGTTGCCGGTGGTGAGCAGCTTCTCGCCGAAGAAGATCGAGTTCGCGCCGGCCATCATGCAGAGGAGCTGCGCCTCCTCGTTCATCTGGTTCCGGCCGGCGGAGAGCCGGACCATGGACTGCGGCATGAGGATCCGGGCGGTGGCGATCATCCGCACCATCTCGATCGTCTCCACCCGCGCCTGCCCTGCGAGGGGCGTCCCCTCCACCGCGACGAGCGCGTTGACGGGCACCGACTCCGGATGGATCTCCTGGTTCGCCAGCGTCATCAGCATGCCGCAGCGCGCCTCGACGGGCTCGCCCATGCCGATGATGCCGCCGCAGCACACGCTGATCCCCGCCTTGCGGACGTTGCCGAGGGTGCGGAGGCGATCGTCGTAGGTCCGGGTGGTGATGATCTTGTCGTAGTGATCTTCGGAGGTGTCGAGGTTGTGGTTGTACGCCGACAGCCCCGCCGACTTGAGGCGCTTGGCCTGCTCCTCGTTGAGCATGCCGAGGGTGGCGCAGGCCTCCATGCCGAGGTCGCGCACGCCGCGGACCATGTCGAGGATCCGGTCGAAGTGCTCGTTGTCCCGGACCTCGCGCCAGGCGGCGCCCATGCAGAAGCGGGTCGCGCCCGCGTCGCGGGCCTGGCGCGCCTTGGACAGCACCTCGTCCACGGGCATCAGCTTCTCGGCCTGCACGCCCGTGTTGTAACGCGCCGCCTGCGGGCAGTAGGCGCAGTCCTCGGAGCAGCCGCCGGTCTTGATCGACAGCAGCGAGCAGAGCTGGACCTTGTTGTCGCCGAAGAACGCCCGGTGGACGGTCTGGGCTCGGTAGACCAGCTCGAACAGCGGGAGGTCGTGGATCGCGCGGATCTCCTCCACGGTCCAGTCGTGACGAATCTCGTGAGCCACCGTTCCTCCTGGAAAATGCCGCGCTGGCCGTACCACGCTGGCCCCGGCCGCGCAATTGCCGATGGTCTAACTCCGATGGAAGGCCATCGTCCCCGCCTGCGCGGTCGGGAAGAGCACGAGCTCCTCGATGTCGACGTGCGGCGGGCGGGTGATCGCGAAGACGATCGCCTCCGCGACGTCTTCCGGCGTCAGGGGCTCGTACCCCTTGTAGACGGCCTTGGCGCGATCCGAGTCGCCGCGGAAACGGACCACGCTGAACTCCGTCTCCGCCGCCCCGGGCTCGACGGTGCAGACCCGCACGCCGGTGCCGAGGAGCTCGTGCCGAAGGGACTTCGAGAGCGCACGCACGCCCGCCTTGGTCGCGCAGTAGACCGCGCCGCCGGGGTAGGGCTCGAGGCCGGCCACCGAGCCGAGCTGCACGATGGTGCCGCCCTTGCGCGCGATCATGCCGGGCAGGAAGAGCCGGGTGATCCGCAGGAGCCCGAGGAGGTTCGTGTCGATCATCTCCCGCCAGTCGCCCTCGCTGGCGTCCACGACGCGATCGTTTCCACGGGCGAGGCCGGCGTTGTTCACGAGGATCTCGACCTCGCCCTGCATCGCGGCGCCCTCGGCGAAGGCCGCGCAGCTCGCGGGATCCGTCACGTCCAGGGGCGCGATCGTGACCTCGGCGCCACCGTGCCGTTCGACGATCGCCCGTCGGACCTCTTCGAGCTTCTCGAGGCGCCGCGCCCCCAGGAAGAGCCGCGCTCCCCTACCCGCCAGCTCCATCGCCGTGGCGGCGCCGATCCCCGCCGAACCGCCGGTGATCACCGCGAGCCTACCCTTCAAATCCATCGCCATCCGCGTCTCCGAGCGTGTGAACGCTCCTCTTTTCGTTTGCTCCGCCTTCGGCTCCGCTGGAGCGCCAGACCACCCGTAGGGGAGGCCTGACACGCCGGGCACCATTCCGTGCCGCCCGTTCTGCCGGTTTTTAGCCGGGCGAGCGAGCGCCCGCAGCCCCGATCGGCGTCTGTCCACTTATTGGCATTTGCCT
NZ_CP012332.1_gap74	3221116	3223023	1907	CGCCTCGTCGGCCACGAGGAAGTTCGGCTCGAGCTGCGCCTCCACGTCGAGTCCCTTCGCGACCCACTGCGGCTCGGCGGCGAGGATCACCCGCTGGAGCTGTGCGTCGAGCCGAAACGGCTCCCTTCGCAGCTCCGGACCCTCGGCCTCGAGGGCGGTGAGGCGCAGCAGGTCGTCGCTCAGCCTCGAGAGCCGATCCGACTCCAGCGCGATGATGTCGAGGTAGCGGCGGCGATCGTCCGGCGAGAGCTCGTCGTCGCGCACCGCCTTCGCGAAGCCGCCGATCGAGGTGAGCGGGCTCTGGAGCTCGTGGGAGACGTCGGAGATGAAGGCCTGCCGCATCTGCTCGAGGCGGCCGAGCTCGGCGGCCATGTCGTTGATGCCGTCCGCCAGGCCGACGAAGGGATGATGCCGGTTGCGCGCGCCGCCCAGGTCGATGCGCACGCCGAAGTCGCCCTTGCCGATGCGGCGGATCGCGTTGAGCGCCGCCGTCCAGCGCGCGATCTCGCGAGGCCGATGGACGACGCCCACGACCATCGGCGGGAACATCATCAGCAGCAGGCCTGTGAAGGCGGTGGCGAGCTGTCGCGTGAGCGGCGCCGGGTCGGCCGCGATCCAATCGAAGGCCCAGGTCGTGAGGTGGAACGCCCCGGTCCAACAGGCCGCGGCGAAGGCGAGGACCGCCGCCATGCCCAAGAGGCCCTTCACAAAATGTCTCGGTCGTCGACGACTCACGGGATCTTCTCCAGCCGATATCCGAGGCCGCGGATGGTGCGGATTCGGAAGCCCGCTTGCTCCTCGGGAAAGCGATCGCGCAGGCGCTTCACGTGGACGTCGACGGTGCGCTCGTCGCCCTCGTAGTCGAAGCCCCAGAGCTGCTCGATCAGGTGGTCGCGGGTGAGCGTGCGGCCCGCCTGGCCCGCGAGGTGGAAGAGGAGCTCGAACTCCTTGCGGGGCAGGGTCAGGCGCGCGCCCTCGAACCGGACGTCGAAGGCCGCGCGATCGAGGACGAGCCGGCCGACCTCGAGCTCGCTCGAGGTCACGACGCGGTAGCGCCGCAGGATCGCCTTCACGCGCGCGACGAGCTCCGCGGGCTCGAAGGGCTTCACGAGGTAGTCGTCGGCCCCGAGCCCGAGCCCCCGCACCTTGTCGGCGGTCGCACCGCGCGCCGTCAGCATCAGCACCGGAGGGCCGTTCGACTCGCGCAGCTCCCGGCACAGCTCGAAGCCGTCCATCTTCGGCATCATCACGTCCACCACGACCAGGTCCGCCGAGGAGGTCTCGAGCGCCTCGAGGGCCGCCGCACCATTCGAGGCTTCGCGGACGGCGAAGCCCTCGCGCGAGAGGTTGTGCCTGACGAGCTCCCGCAGGTGCGGGTCGTCGTCCACCACGAGCACGCGGGTCACGACGCCATCGCCCTGCGGAAGCGCCCGACGGCGAGGGGCAGGAAGATCGCGACGACGAGCGTGCACCACGCGATCGAGACCGGCACCGCGTGCTGCAGGGGCCACGCCGTCTCCGTCTGTGCCACGGCGACGCCGTTGCCGAAGAGCTCTCGGGTCGCCGCGACGAAGGCGCTCGTCGGGTTCCAGTCAGCGATCGCGCGCAGCCAGGCAGGAAATCCACTCGTCGGCACGAAGGTGTTCGCGAGGAAGGTGAGCGGGAAGATCACGACGAAGCCCACGCCCTGCGCCGCTTCCGTCGTCCGCAGGAAGAGCCCGACGTATACGCCGATCCAGCTCAGCGCGAAGGCGATGTAGAGGAGCAGCCCGAACCCGCCCAGGACGCTCGCGAGCGGCGTGTGGGCGCGCCAGCCCACGATCAGTCCGCAGATCACCATCACCGTGAGGCCGAGCAGGCTCTCGAGCAGCGAAGAGAACGTGTGTCCCACGAGCACCGCCGACCGC
NZ_CP012332.1_gap75	3236535	3238941	2406	ACATTGCCGAAGGCATCGACCTCAAGCGTGAGCGCGTGGTTGACACGAGGGTCAACGGAATTGCGCTCGTAGTGATAGGTGAGGACCTCACGGGGATGAGTGAAGAAGACCGCGTGGCGATTGCCCCGCCTTCGCTGGACAGGTGCGACCGTAAAATCCTGCTCGACGACCGTATAGGGCGTCGCCGCCCGCACCTTCACCTCGGCTGGGGAGTTCTCATCGGCGTCGAGGGCGTACACCTCCTGACGGAGCATCATGCCCTTGAGCGCCCGGCACGCCTCACGCTCCTCCTCGATCGTCAGCCCATCCGGCAGGACCGTGCCCGGAAGCAGCCGCTCTCGCGCCTGATCATCGTTTAGCCCCGGCTCACGGTAGTATTCGCCGAAGTCGTCGTCGTCGAGGAGACCAGCAAAGAAGTCGGAGACGCGATCCCGCCCCACGTAGATACCCGTGTGAAACCAGGTCTTCGTCAACACCGGCGGGACGTGCGAAGCCACGTCGACGTTGGTCGCTCCGAGCTGCACGCCCTCGGCGAAGGCCGCGAACTCCTCGGTGTCCTTCTGCTCGACCATCCCGAAGCCACGGAACTCCCGTTCCACGCCGTCGAAGTATCCGTGGTGGTACACGTACGAGGTTACGAACCGATTGCCGCTGATTCCATCGAAGGTCGCCACTCGCTCGACGACGTGCACCGGAAACGGCAGCCGTGTGATCCACGGCTGGCCCGCAGCCTTGTCCGCCAAGTAGAACGTCGTGGAGGACGCGTACTCGACGATCATTTCTGCGCCGAGGTTGTTGGTCGAGCGCACCAGCAGATGCGGCTTCTGCCCACCCATGAGGTCGATGTATCGGAGCGGACGTCGCCTGTCGCCGGGTAGCGGCGAGGACCAGACCAAGCACGCCGTTCCGTTTCCGAGCAGATCGGCAGTCGATATCGTCGAGAGATTGCTGATGCGCGGGAAGGTTGGAAGATGCCTAGCCTTGCTCCAGCCATTGCCCGACAGGTTGAAATAGATGCGTGCGCCGTCGCGATGCAGGTAGATGATGTCGGTCGCTCCCGATCCATCGACGTCCGCGAGCCGAACTCGCCGCTGATCGAACTGGTCCGGGTTGTCGAACGATGGCGCATCGTCCATGGTCACTTTTGCGCCGAAACGCCCATATCCGAGATTCGGCCAATAGCAGACCTCACCGTTTCGAATCCGCACCAAGTCGGTGAGACCATCGCCGCTGAGATCGGCGAGAAAGATCGATTGCGTCTGGTCAGAGAGCACCAAGCGCGGCCCGCGCTCCTCGTCGTGCGGCGGATGGACCTTGCGCGCTGGACCGAATCCGTCCCCAGCGAGGGAAGGATACCACGTGAAGACGTCGTCCTCGGTGATCAGGATGTCCGCGTGGCCGTCTCCATCGAGATCGACGAAGCGCAAGTCGGGGTCGTCCCAACGAAGGTTCGGCAGGGATCGAAACGGGCGAAACGTCGTCCAGTTCGCGTCCTGGGTCCGCTCATAGAAGCCCGGCGTTGGGCCTCCGAATGACACCACATCGAGCTGGCCATCACCCGAAAGGTCGAGAAACTGGGTGCCGCCACCCGCCATCGCGAACAGCGACGGATTCGTGCGAACGACCTGAGGCGCACCGAAGCGACCTTCACCAAGATTGGGCTTGTAGAACCACGCCCCCGCCTGTGCCGTCAGGATCCCCGAGACGCCCTCTCCATCGAGGTCGACCCACTGGTAGGTGGAGCCGTCGACACCAATAGGCAAATCCTCCAAGGAATCGGCGTCGAGGTCCCGAATCTCATCTTGAATCTTTGCCTTGCTATACTCGAACTCGAGCGGCGGCAGCGACCTCTTCAAGTAGCTGATGTACTTGACACCCCCGCGTTCGACGACCGCCCGCCCATCGCGCACATACCCCGACTGCTCGATGGACTGAATGAACGAGGCGAACCGCGTGCTCCCCTGGTGGCCGAGCTCAGCATCGATCGCCGGAGAACTCGAGTAGTCCAGATCGTTGTACTCGAACTCAATGGAGCGAACCAGGCAAGGCTCGTCACCAAGCTCCGCGAGCCGATCCTGATTTAGCTCGGGAAATCGATGGAACATGAGGGCTCGCCGGCATCGCCGGTGCGAACGGACCTCGAAGCCCGCTCGGTACGACGAGAACGGGTCCGGCCGCACCGACCAAACGCCGTCTGTCTTCCATGAGGCATTGACGAGCTGGTGTTGCGCATCGGCAGGCTGCGTCTGGGCGAGCGGAAGCTCTTCGTAATGGCCTTCATCGTAGTCAAACACCACCTCGAAGAGCCAGGGAACGCGTGAGAGATCCGGCTGAACGAGGCGTGACACCCGGTTCCCGTACCTGACCCGCTTCAAGTAGCGATTTGCCGTACCGACGCGATTGCGC
NZ_CP012332.1_gap76	3329201	3329714	513	AAGGCGAGGGCGAGGGCGAAGGCGACGCGCTCGAACCACGAGTCCTTTATCTCGTCCCTCTGCCCCTACCCGAAAGAGGGCCTCCTTGCAGGTTACGAGTGCTCCTCGATCGCCCGAGACCGAGAACGCTGCCTCGAGTTCTCCCTCGACCGCGAGCGCGCTGCACTCGTCGACCAATCGTACGGCAAGGAATGGCGGGACCTCGACGGCTTGTACGAGGATTGGTTCCGCGCCCGCTGTGGAGTCGACCAGGCACTTCGATGGGTCGATCTCGCCACCCGCGAGTGGTCCGACAGAACCGGGCAGGGCCTTCGGGAGAACCGTTGCGTCCAGCGAATGCTCGAGGAGCGACTCTTCTTCCACGCCTCGCGCGTCGGAAGAATGGACGGCTTCTGGCGGCTGGTCGAGGTTCGTCAGGCGGCTGGAGGTCGGGCGCTCGCCTCGCTCGAGCAGGCCCGTGCGGCGACCGAAAAACCGGCGGTCGTGAAGGCCGATCTCTCTGGTTCCGTGCGA
NZ_CP012332.1_gap77	3393487	3396066	2579	AGGCCACCGCGATCGATCTCCTCCGCGCGCGGCGGAACCTCGCACAGGCGGCGGCGCGGGCCCAGCTCGCCCGTGCGGACGCGGCGGCAGCGCGCGCCCGCCTCGCGCTGCTGCTCGAGGCGATCCCGGCGAAGGAGGCAGCGCGATGACGCCCCACGAGATCGCGTCCGCGCGGCCTGCGGATACCCGGAAAAGGAAGAAGTCGATGAACCCTCGAATCCTCGCGGCCGTGTCGATCGTCGCATTTGCAGGATGCGCGTCGAAGGCCGACCCGACGGAGGTCCTCGAGCGTCCGGCGATCTCGAGCGCCAGGAGCCCGTGGGTGCAGGCCCGCTCGCCAGAGGGTCTCTCCCTCCTCGAGGCGCCGGCGACGGTCGTCGGCGCTGCGGAGTCGGAGGCCGCGCTCGCGGTCCCGTTCGCGGCCCGCATCGACACGGTGCGTGTCCGTATCGGAGACAAGGTAGCGAAGGGCGCGCCCCTGCTCGACGTGGTGATGCCCGAGGTCGTCGGCGCGGCAGGCCGCCTCGCCGCCGCGCGCGTGCGGATCGACGTGCACGGCCAGCGCAAGGCCCGCCTCGAAGCGCTGAAGGAGCACGGGCTCGTCCGCCTCGCCGATCTGGCCGAGGTGGAGGCCGCGCTGGGCGAGGCCAAGGCAGAGCGGCTGGTCGCCCGCGCGATCCTCGCCGGCGCCGGGATCGGGGAGAACGAGGCAGGCCGCCTCCTCTCCGGCTCCGGAACGGTCCCGCTCCGTAGCCCCGTCGCCGGCGTGGTCGTGGCCATCGACGCCCCCCTCGGCTCCGTCCGCGAGGCGGGCGGCGTCCCCCTCGTCCGCGTCGCGGGAGAGGCGGGCGGGCGCGTGGTCGCGCGCATGTCCGGACCGATCCCGGACGGCGCGGCGCTCTCCTTCGTCGCGGGCTCCGGCGAGCCCGTTCCCCTCACCCCGATCTCCACCTCGCCGCGGATCGATCCCCGGGACGGAACGCGCGAGCTCTTCCTCGAGCCCGATCGGCCCCTCCCCTCCGGCACCGCCGGCGTGCTGCGGATCTCGACGCCGCCAGAGCTCGGCGCGGTGGCGATCCCCTCGCTGAGCCTGCTCTTCGAGGGAGGCGAGGCGTTCGTCTTCCGGCAGAGCGGCGAGGGCGCAGAGCGCGTCATCGTCCGGGTCCTCTCGTCCTCGGGAATCGACGCGCTGGTCTCTGGCGAACTGAAGTCCGGCGACTCCGTCGCGGCGGACGCGGTCCATTTCGCCGCGGCGACGGCGGAGGACGCCCATGATTGAGCGGATCGTCGGCGGCTCGGTCGCCCGGCGCGGGCTCGTGCTCGGCCTCGCGGCCGGCCTGATCATGATCCTCGCCGGAGTGGCCTCGCGCCTCTCCTTCGACGCGCTCCCGGACATCACCTCGAACCAGGTGCTCGTCCTCACCCGAGCGCCCGGGCTCACGCCCGAGGAGATCGAACGCCTCGTCACGCGACCGGTCGAGGTCGCGCTCGGCGGCGTTCCAGGGCTCGTGTCGCAGCGGAGCATCTCCCACCCCGGACTCTCGGCGGTGACCGCGATCTTCTCCGACAAGGTCGATCCCTACCGCGCTCGCCAGCTCGCCGCCGAGCGCCTCGCCGGCGTGAGCGTGCCCGAGGGCGTGGAGCACCCCGAGCTCGGCCCGCTCTCGGGCGGCCTCGGCGAGATCTTCCAGTTCACGATCTCCTCGCCCTCCCGCACGCCGGCCGAGCTCCTCGAGCTCGCGGAGCTCCGGCTAGCCCCGCTGCTCCGCGCCGTTCCTGGGGTAGTCGAGGTGAACACCTGGGGTGGAGAGGTCCGCACCCTCTCCGTCGAAGCGGATCCGGCGCGGCTCGCGGCCCGCGGCCTCTCGCTCTCCGAGCTGAAGGAGGGGCTCGCCAACGCCTCCGGGAGCGCCGCCGGGGCGAGCGTGCCGGCGGGCGGTGGCCAGGCGCTGCTCCGAGGCGTGGCGAGGCCGGCGGATCCATCCGCCCTCGGCGCTGCGGTGGTTCGAGCGGATCCGTCCGGCGAGGTCGTCCGCGTCTCCGACGTCGCGAACGTGAGCTGGGGCGGCCTGCCCCGCCTGGGCGCGGCGACCGCCGACGGCCAGGGTGAGCTCGTCTACGCGATGGCGCTCATGCTCCGGGACGAGAACGCCCTCGACGTGATGGGCCGGATCCACTCCGTGCTCCCCGATCTGCGGCGAGCGGCGCCGGACGACGTCCGGATCAAGCTCGTCTACGACCGCAGCCACCTCGTGGGCGCCACGCTCAAGACCGTCGGCAAGAACCTCCTCGAAGGCGGCCTCCTCGTGATCGTCGTGCTCTTCGCGATGCTGGGGAGCCTGCGCGCGGGGCTGTTGGTCGCGAGCGCCATCCCGTTCTCCATGCTCTTCGCCGCGGCGGGCATGGTGATGCTCGGGATCCCCGGCAACCTGATGAGCCTGGGCGCGATCGACTTCGGCCTCGTGGTGGACGGCGCGGTGGTGATGGTGGAGGCGATCTTCCACGCCCTCGATCCGCGTCGGAATCCCGCGCTCGCGAGCCTGAATCACGACGCCGAGGCGCGCAGGCGGCACGTGGCT
NZ_CP012332.1_gap78	3440201	3442331	2130	CAACACCAGCGCGATCCAGACCAGGTCCGCCAGGAGCAGGTGGACGAGCTGCATCCACACCGGCGCCAGGAGGACGAGGTTCAGCAGCCCCGCCCCGAGCTGTGCGACGAAGAGCACGCAGAGTGAGATCGCCGCGAGGCGGACGCTCCGTGCCGGTCGGGCGATGGCCGCCGTCACCGAGACGAAGAGGAGGAGGCCGCCGGTCCCCAGCGCCAGGAGCGGATGGAGCACGCGCAGCCTCACGAGAAAGTGCGCCGTCGGGGAGAAGTCCTGGATCATCCCCTCCCGCAGGCTCCCCGCCGGGTAGAGCGTGTCGCCCAGGGCGGTGACGGCCCCGCTCGCGCCGAGCACCATCATCGCGGCGAGACCGGCGAGGACCGTCCAGCCCAGGACCCCCTGCCCGCGCAGCCGGAAGCGCGGTCCGCCCGAGGCCCACCAGGCCGTGAGCGTGAGCGCGCCGAGGAGCAGGAGCGTGTTCAGCAGGTGGAGCGACATCGCGATCGCGCGCGCGACCGAGTCGTTGTCCTCCACGAGGCCCAGGAGCACGAGCCCGGCGCCGAGCAGAGCCTCGAGGATCATCGTACCGAGGGAGAGGGCGGCGCCGAGGCGCGCCGGGTGGCCGCGGGGATGGATCCGCCTGGCGGCCAGGGCGATCAGGATCACCAGGAGGAGCGCGACGCCGCTGGTCAGGCGGTGCGTGAACTCGATCAGGGTGGCCATCGCCGGCGCGCGAGGGATGGGAACGCCGTTGCAGAGGGGCCAGTGCTCGCCACAGCCGGCGCCGGAGCCCGTGGCGCGCACGTAGGCGCCCCACGCGATCACGCCGAGGTTGTAGGCGAGGTTCGCCCAGGCGAGCCTCCGGAAGCCGATCTCCTTCACTTCGAAGCTCCTGCGCCAGCGAGGATCTCTTCCGCGCGGCCGCCCACGAAGACCTCGAGGAGGGCCTCCGCCGCCCTCGAGAGCGAGCGGTTCCGGCGCACCAGGATCCCGATCGGGCGGATGAAGTCGCCGTCCGCGATCGGCAGCGCCACCAGCGAGCCCGCCTGGATCTCCGGCTGCACAGCCGCGCGGGGGAGGACCGAGACCCCGAGGCCGATCTCCACCGCCCGCTTCACTGTCTCGATGTTGTCGAGCTCCATCCGCACCTCGACCGAGGCCCCGTGATCGCGCAGGAGCTTGTCCACCGCGCGCCTCGTGGGGATGTCGCGGTCGAAGGCGACGAAGTTGATGCCGTCCAGGCGGGAGAGCGGGATCTCGCCCTTCCTCGCGAGGGGGCTGTCGGGCGGGACCACCACCACCAGCCGATCTTCGCTGAAGGGGATCGCCGCGAGCTCCCGCTTCTCGCGCGGATACGCGACCAGCCCGACGTCGGCCTCGCCAGAGGCCACCTCTTCGTAGACCTCGTCGCTCCGCCGGTAGGCCACGCGCACGTTCACCCGCGGGTAGCGGCGCAGCAGCTCCTTGAGGTGCGACTGGATCTCGTGGAGCCCCACCGAGTGGATCGTGGCGACGGTTACGGGCCCTTCCGCCTCCTCGCTCTGGGCGCGCATCCCCGCCTCGAGCGCCTCGAAGCGCACCAGCACCTCCCGCGCCGCCTCGTAGAGCTTCTCACCGGCGCGCGTCGGCTGGATCGCCCTGGGCGCCCGGTCGAGGAGCTTTCGATCGTAGCGCTTCTCCAGCGAGCGGATCTGCTGCGAGACCGCGCTCTGCGTCACGCGGTTGAGCCTCGCCGCCTTGGAGAACGACTTGGACTCCACCACGTCGCAGAAGACCTTGAGCGTCTCGAGCTGCACCGATTACTCCGCCGAAAGGACGAGCGCCGCCACGTGGCGCGCCAGCTTGTCGAAGAGGGCATTACCCTCGGCGGCGGAGGCCGCAGCGGGATCGCCGAAATACGCGCGATCGCCGCCGAGCTCGAGGAAGCTCGTCGCGCCTCCCTTGATCGCCTTGCCGAGGTCGAGATGGAACGGCTCCAGCGCCTCGCGCGCCGCGCGCACCTCGCCGGGGGCGGCGGCGAGCATCAGCGAGGTCTCGTAGCTGCCGGCGTGGCTGCCGCCCCTGCAGAACTCCTCGCCCAGCTCCAGCGCCCAAGGCTTCTTCCGGTGGTCCGGAACGATTACCCTGGCCGGC
NZ_CP012332.1_gap79	3513462	3515900	2438	GAGCCTTCTCGCGCGCTGCGCCGCGGCATACGCCTTGGGCGTCAGTCCCGTCTCGGCCTTGAAGACCCGGTGCAGGTGGAACGGGCTCATCCCTGCCTGGTCCGCCAGCTCGTCGAGCGTGGGGAGCGTCTCCGACGCCTCGATCCGCCTGCAGACCTCGGCCACGAGTGTGGCCCGCTCGGTGGCGGCGATCGTCTGGTCACCCTTGGTGCGGCGGCTCGGCCGAAACCCGGCCGCCTCGGCGGCAGCGGACGTGTCGAAGAACTCCACGTTCTCTCGCCTGGGGAGGCGAGCCGAGGAGCTCGGGCGGCAGTACACACCCGTGGTGCGAACCCCATACACGAAGTGGCCATCGGCGCCGGGATCGCGCGCCTGGACGGCACGCCAGCGCGCCTCGTCGGTGTCGTACGGGAAGGATGAGGTCGAGTTCATGGTCGCCACTCTACGGCCGAGTTCGATCGCAAGAACTCCGCTTCTTGCGGCCGAATTCTACCCGCTTGGCGGGCCATCTCGGCCGTCAAGCCGGCGGATGCAGCTCTTCCGGCGACGCGCTCGGCGCCTCGGCGGCTTCGAGCTTCTCGACGCGCAGCGAGACGTCGGTTCCGTTCGAGACCACGTCGAGGACGGGGGAAAACCGGATGAGCTCGGCGAGCTCCTCCTCCGTTCCATCGCCCTCCACCCGGAACGTGGCCTCGATGTGCTGAAAGCCGTTTCGAATCTGGTCGGAGATCCCCAGGAAACCACGCAGATCGATCTCGCCACGGAGCTCCGACTCGATTCGATCCAGACGGATGCCACGAGCGGCGGCGTGATAGGCCAAGGAGCCCGTCATGCACGTCGCGAGCGCGTTCAACAGGTGCTCCACCGCGTTCGGCGCCCGATCCTCTCCGAGCAGGACCGGGGCCTCGTCCGCCTCGAGGGTGAACGGTCGGTTGTCGGAGGTCTGCTCCGCGCCCGCACCGTAGAAGCCATCGATCGTCGTCTCGCTGTGGCCTCCCTCGTCCCATCGGTTGGACACGCGAAACCGGAACCGTGCGAGCGAGGGATCGGCGCGAACCTTCTCGATGACCTCGCCCAACGCGTGGACGTCGACGCCGTTGACGAGCTCTTCCATCGCGCCTCCTTTGCAGCGAACCTGCGGCAGAATTCCCACACCCGCAACCGGGGCGGCCTTGCTCGGCCGCGGTATCCGCATGATGCGAGGCTCGTGACGGCAGACCGTCACCCGTCAGCTCCGCCTGGCAGGCCGCCAGCCCCTGGGTCGCCCGGGCGATTCCTGCTGGAACTCCGCCCGCGCCTTCCTTACAAGCCGTGGCCGACCGAGAGAGGGCGCCAAATGGAGTTGCGAGAGCGGATCCGGGACGTCGTCGACTTCCCGCACGAAGGGATCGTCTTCAAGGACATCACCCCCCTGATCGCCGATCCCGTGGCCTTCCGGACCGCGATCGATCGCCTGGCCGAGGCCATTTCAGGCGAAGACGTCGATCGAATCGTCGGCATCGAAGCGCGCGGCTTCATCTTCGGCTCGGCCCTCGCGTGCGTGATGGGCAAGGGCTTCTCCATCGTCCGCAAGCCCGGGAAGCTCCCCTGGCGCACCGATCGGGAGGAGTACAGCCTCGAGTACGGCAAGAGCGTGCTCGAGATCCACGAGGACGCAGTCCAGGCCGGCGAGCGCGTGGTGATCGTCGACGACCTGCTGGCGACCGGCGGCACTGCAGGCGCGGCGAGCCGCCTCGTCGAGCGGCGGGGAGGCGTGGTCACCTCCCTCGCCTTCGTCGTCGAGCTCGCCTTCCTGGGAGGCCGGGAGCAGCTCGAGGGCCGGCGGGTCCACTCCCTCGTCGAGTACTGACCCTCGGCGCGGGCGCGCGATGCGGAGGCCTATTCGGGGTCCAGGACGACGAGCATCACCTGGGCCGTCATGCCGGCCTGCGACGCTGCGAGGTTGAAGATCGACGAGTATTTCGTCCCGACCTCGAGGAATGCATCGATATTGACGAAGCGGGTCTCGCCCGGCGGGATGGGGAAGCTCACGTGCAGAGGATCCGTCAGTCCGGCGCCCGTCACATCATCCTTCTCGCTCCATTTCACGCCAGGGGTGTCCTTGTGGCGCACGGAGAAGAGCTCGAGACGCCCTGCCCGGGTGACGAGACCGCGCGAGTCGAACACCATGAGGTCCACGCCTCCCCGGCACCATGCCAACGGCTCTGCGCCGACGAATCCCTCGCGGATGCCCAAGACCGAAAGGTGCCAGACCGCATCCCACCTGATGAGCGGCGCTACCCGCAGCGTCTGACCGTCGCGAAGGCCCGTCGATTTGGCGGTGACCCGGATCCCCACGAAACCAGTTCCGCTCGCGTCGTCGGAGTTGGCGCCACGGATGTGGCCCGCTCGCCCAGCGAGGCCCACCGTCCCGGTCGATGAGTCGGCCTTCACCATGA
NZ_CP012332.1_gap80	3525109	3525609	500	TTCTCGGCCTCGCGATCGGCGCGCTGCGCAGGCCGGATGGCGGACCGGGGACGGGCCGGCCGTTCTCGGCGACGGACAAGGCGGTCCTCTGCGCCTCGCTTGTGGCCGCGGAGCTGCCCGACCTCGACACGCTCCTCCCGGCAGCGAACGAGGCGATGCACGCGCTCCACGCGCACCGAGGGATATCCCACGCGATCGTGGTCACGCCGCTTTGGGCCTTGGTCGCCACCGGCCTCGCCTGCGCCCTGTTCCGCGGCGCCCGGGCGCTGCCGACCTTCGGCTTCGCGCTCGGCGCCGTGCTCTTCGCGCACCTCGCCCCGGACCTCTGGACGGGATGGGGAACGCGCGCCCTGCTCCCGTTCACGGACGCACGGCTGCATTGGGATCTCACCGGCGTGGTCGACCCACTCGTCACGCTCCCGCTCCTCGCGGGGCTGATCTTCGCGTGGGTGAAGCGCGCGTCTTGGCGCAAAGCGCTGACCATCGGCCTCGCCGTCTCC
NZ_CP012332.1_gap81	3539579	3543658	4079	GGACCAGCTCCACCTGCCGCTGTGGAGGATGCGCGAAGAGCACGTCACAGGGCACGGCGGCGCCGCTCGAGAGCTCGACGGCCTCGAGCCGATTGTCCCGCGCGACAAGACGCGACACGGGTGCCGTCTCGAGCCGGATGCCCGCGGCCTCGAGTTGGGCGCGCACGTCCGGCGCGACGTCAAAGCTCCCGTCAGTGAAGACCGTGACGTCGCGAGACCACCCGCGCGCCTGGAGAGCGAAAGGGACCAAGTGCGACGCGCCCGCGGCCAGAGCGAGGATGCCCCACCGGCGGTCCTGCACCTCCCAGCCATGGCAGTAGGGGCACTGGATGACGGAGTGTCCCCAGAGCTCGCGGAAGCCATCGATCGGGAGCATCTCGTCGACCATCCCCGTGCACAGCAGAACGCGCCGAGCATCCACGCGTTCCGACGTCAGGTCCACGCGAAACGCCCCGCGCGACCCCGAGATGGATTCGACGCGCACCTCCCTGGACTCGACGTTCGGGTAGCGAGCGAGCTGCTCGCGGCCGATCCGTCGAAACTCGCCCGGCGGCGTCCCGTCTTGCGTCACGAAGTTCTGCATGTGCTCCGCAGCCGCGTTTCGCCGCGGCCCGGAATCGCTAAGCAGAACTCGCTTGCGCGCACGGCCGAGCGCAAGCGCGGCGGAGAGGCCGGCAGGGCCACCTCCCACGATGACGACGTCGTAGAGCATGTCGGTTCTCCTCGGATCGAGCGATTGCGTCTCCACGTTCCCGGCGCCGGCCATGCAGCTCCGCGAACGACCAGGCGATTCCAAGAGCGACATCCGCTCTCATTTCGCCATGCCGCATTCGTAACGCCGAGCGCCGAGGCGTTGTAGAGCGCGGGCTACGATCGGATCGGCGAGGTTTTCGATCGGAGGGCCTATGCGGAAGCTGCGCGGCGCCTCATGGCTGTCGCGCTTCGCGGCCAGGCAAACCTCGAAGGCGGCCTTGCTATCAAGTGGGGACTTGCGATCGACGAGCGACGGGGAGGCTGCTGATCCTGGTGGCCGCCACATTCGGCCATTCGTCGAGCACCTTCGCCCTTTCGGTTGCCGACGAGCACCGCTTGGAGCGCGCCTTCAACGCTATGGGGAATGGTAAAGATAGAGGTACTCAGCCCCTTCGAAGACCTCATCGCCATCGACAGAACGAAGCCGCAACGTTCCGCCACTTCGTTGCGCGCGCACCCTACCCGGGCCCCCGCATCGTTTGACGAACACCAAAAGGGGCGCGACTCCTCTTGCCCGTGTGTCTGCGTTTATCCTCGCTCCGATGAAGGTCCCATTTTCGTCAGGTACCGACGTCTCGATCCATGGAGTTCCAGCGTAGGTTCCGATATCGCCGACCACATCCTCCTCCGTAGCGGACAATAACCAGCCTTCGAGTTTTTCTAGCGTGTCGACCCAACTGTAAAATCCACGAGGCAGGAACGTGCCGCCAAAGCGATCCGCGCCCTGTCGAAAGGGATGTTGCGCGGCGGCCATCTCGAGAGCCTTTGTGACTCTTTCAACCCATGCGAAACGGTCATCTCGCTCAATATGTCGCTCGTATGCCCGTCGTTGAACGGCAGTGATCTCCGGCGAATCGAGATCGATTTCCTGCTCGGAACTCGGATCAAACCGCGCGTGCCCATACGTCACAGTTCGCCCGCTCGGGTCGAACGCCACATTCGATCGTTCGTCGAGTCCAGCCTCTGCGAGAAGGAGAAGTTCAGCTCGGCCTTTCAAGTGGGCGACGTAGACAGTCGACATACTCGGACCTCAGGGTTGGGGTGGTCGCAGCGGGACTGCAGCACCGGACACGGCGGCCTAGACTTTCGCGACAACCGTTCTCAAACAGACCATGGCTGGACTCACCTCCCGGCGTTGACCGTCGCGTCGAAGAGGTCGGAGGCGTCGGCGTCCGTGGCGGCAGGCGGCGCCAGTACCGAGCGGCTGAGGAGGCGCTTGCGCTCGAGGAGGTTGTGGAGGGTCACGTCGAACGAGTGATCCTGGTAGCGGGGGTGGATCGCGAGCACGTGGTGGACGTGGACCGGCCGGTTCTGGCCGATGCGGTAGATCCGGTCGTTGCACTGATCCTCGACGGCAGGATTCCACCAACGCGAGAGGTGGATCACGTGATTCGCCGCCGTGAGCGTGAGGCCGACGCCGCCTGCCTTGGGTGAAAGCAGCATCACGTCGAACCCCGAGCGCCGCTGAAACTCATCCACGCGGGACTTTCGTTTGTCGCCCGCGACGCCGCCGTTGATGACCATGGGTGGAGACGTCAGGCGGTAGCGCCGCTGCAGAAGCTCCGCGAGGATCCCCTGCTCTTCGAGGAACTCGAGGAAGACGAGCGCCTTCTCACCCCTCTCGAAAACCCCGTCGAGAATTTCGACACACCCGTGGACGCGTGCGGAGGCGTCAATCCAAGCGCCGTCGCTCGTCGAGGCATCCGCGAACGGATGCAGCGAAATCCGCCGGAGGGCGTGGAGCGCCTCCAACATCCCGCCCTTCTTCTGGCTGCCGCGGGCGTACTCGAGGGCCTTGGCATACTCGGTGGCCTGGACCTCCGGCATCGGGATTCGCCTCACGTGGAGGCTCCTCTCCGGCAACCCATGGAGATGGTCCTCCTTCATCCTCCGCTTCATCAACGGGGGCGGCGGTTTCTCGGTCAGCGCCACCTGGAGCTCCTCGAGGCGCTCCTCGGTGGCTTCGTTCTCGTAGGTTCCGAGGAAATCCTTGAGCGACCCCAGGCGTCCGGCCCAGGCCGTGTCGACGATGCTCCACAGGTCGGCTAGGCGGTTCTCGACCGGCGTGCCCGTCATGGCAATGAGGAAATCGGTCTTCATCGCCTTCACGGCGTCGGTGACGCCGGCCGCAGGGTTCTTGATCTTCTGCGCCTCGTCGAGAACCACGCAACCCCACGAAACGCGACCGAAGCTGTGCTGGTAGTCGCGAAGGGTTTCGAAGGTCGTCAGAACCCAGTCCGCGTTCTGGAAGCGGGAGACGTCGAGCGTCGGGAGCCCGCCTGCGAGATCACCTCCCGTACCCTTCGTCGTTCGCAGCCCGCTGAGCCCCGCGCCGAATCCTTCGCAGAGGATGCCGAGGCCAGGGCGGAGAAGATGCCGATCGTGCTCGTCGCGCCAGTTCCGGAGCAGGCCGGTCGGAGCAACTACGAGCAGGGGCTTGCGGCCCACGACGCCCTCGTCCTGCCGCTCTCGCAGCCAGGCAAGGAACGACAACGCAGTGAGCGTCTTGCCCAAGCCCATGTCGTCCGCCAGCAGAGCGCCGGGGTGCCCGGCGATCCAGTGGTCCTGCAGCCACTCCAGTCCCTCGACCTGATGCTGCAGCAAGCTCGTCGCGAGGTTCCCGGGCCGGCGAACCTTCGGAGCCGCCATTCGGCGGACGGTGGGCCGGTATTCGACTTCCTCCAGATTATCCTTCACGAGGAGTGCGAGCTTGGCCGGCTTCTCCTCATCGACGGTCGGCAGCGCCTCCTGCGGCTCGGCCTCGTGCACCACCTCGACAGAAGGGTAGCGGTCGAGGACGTCCACGAGCTGCCGGACGGCGGCCAACGAGTCGGTTGTGGCCGGGACGTCGACCTCCTCCACCCGAATCGACTCGGTTCCGAGGGCGATCGCGCCTTCCAAGTCGGCGGCAAGAGCGCGGACCTCTGTCGGTTCGAGGCGGAGTTCGACGTCGCCGATCCGAAGTCCCACGTGCTCCGGCGGCATCCACTGCGACGCCGATTGCGAGTACCAGGGAACCACCTTTGGCTGCCAGAGACCGACGGCCTTCACTCGGTCGCTGAAGCCCTCGTCCCAGAAGAGGCCTTCGAGCTGTTCTTCGTTCAGCTCGTCCCCGAGCGCCTCGCGCACGAAGGCGCGCGGGTTCTTCAAGAAGGCCGTTCGCTCGGCGACGCTCCCTGCTTGCGCTCGCCGTGCCACCTCCAGCGCCTTCTTCACCTGCGGCGGAAGCACGAGGAACCATCCGCCGCCGACGGCGTACCTCGTAGGCACCTGCGTCCTCCTCCGGTAGGACGCGGCGAACTCCTTCTGCATGCCGGGCGGCAGCA
NZ_CP012332.1_gap82	3597937	3598990	1053	ACTGGTCGACCGTCACCACCCCTTCCCTGCCGCTCACCGAGCCGTGGATCAGCGAGCTCTTTCCCGACCCGGCCACGCCTGTGACCACGACCAGCACGCCGAGTGGGATTTCGACGTCGACGTTCTGCAGGTTGTGGGTGCTGGCACCGCGCACCTTCAGCACACCCGACGGCTTCCGCACCTTCGACTTCAGGCTGGCCCGATCGCTCAGGTGACGCCCCGTGAGCGTGCCGCTTTCCCGCAGCCCATCGACGGTGCCCGTGAAGACCACCTCGCCGCCGGCGGTTCCGGCGCCCGGTCCGAGGTCGACGACGTGGTCGGCGATCGCGATCATCTCCGGCTTGTGCTCGACGACAAGGACGGTGTTGCCCTTGTCGCGCAGGCGCAGCAGCAGCTCGTTCATGCGCTGGATGTCGTGGGGATGCAGCCCGACCGTCGGCTCGTCGAAGACGTAGGTCACGTCGGTGAGCGACGACCCGAGGTGGCCGATCATTTTCGTGCGCTGGGCCTCACCTCCCGACAGCGTACCGGAAGGCCGGTCGAGGCTGAGGTAGCCCAGGCCGATCTCCACGAACGAATCGAGCGTCTCCCGAAGCGCCGCCAGCAGCGGCGCGACGGAGGGCTCGTCGAGGCCGCGCAGCCACTCGGCCAGATCGTTGATCTGCATTGCGCAGGCGTCCGCGATGTTGATCCCCTGGATCTTGGAGGACCGGGCGGCCTCGTTGAGCCGGGTGCCGGCGCAGTCGGGACAGGTGGTGAAGGTCACCGCCCGCTCGACGAACGCGCGGATATGCGGCTGCATCGCGTCGACGTCCTTGGCCAGGTAGGACTTCTGGATCCGCGGGATCAACCCCTCGTAGGTGAGGTTGATGTTGTCGACCTTGATCTTGGTCGGCTCCTTGTGGAGCAGATCGTGGACCTCTCTCTTGGTGTACTTGCGGATCGGCTTGTCAGGGTCGAAGAACCCGCATCCGCGATAGATGCGCCCGTACCAGCCATCCATGCTGTAGCCGGGGACGGTGAGCGCACCCTCGTTGAGCGACTTGCCGTCGT
NZ_CP012332.1_gap83	3617088	3620405	3317	GAGCTGCCTGACGGCGTCGACCCGTTTCGCGGCACCCCTTGCCACTGCCAGCTCGGCACCGTGTACCAGGTGCTCTCTGCATGGGGAGTCGACGTCGACCGCGAGCTTCCGTGGATACGGAGCTGGCTGCTGCGCTACCAGATGCCCGACGGTGGCCTCAACTGCGACAGCGACGCATACCTCGTGAAGAACGAAGTTCCGAGCTCGATGGTCGGCACGATCTCCGCCTTCGAAGCGATCTTGCTCCACACCCCGAGGCAGTGGACGGCGGAGGAGCGAGCCTTTCTCGAACGGGGCGCCCAGTTCTTGATCGAGAGACGCCTCGTGCTGGGTTCCTCCACGCGCCGCAACGCCGCAGAGCGCGCGAGCGCCGAGCTATGGCCGCAGCTCTGCTTCCCACGCTTCTACTTCTACGACGTGCTTCGCGGGCTGTCCGCGCTCCTCGCCTGGTCCGAGAAGGTCGGCCAGCCACCGCCTGAAGCCGCCCTCGAGGTCGCCTCCACTCTGCGCGCGCGTTTTCCCGACGGCGACGTTCGCATCGGGCGCCAACCTTTCGTCGGCAACACGCGGGGTCGAGACGCGAACGGGGTATGGGAGCGCCGTCCAGCGGCGCAGTTCCCACTTTTGGTGAGCGTCAGCGAAGCGGGTCGGGTGTCACCGTTCCTCTCCCGCGAGTGGGCCCAGGCGGAGGCGCGAATCGCAGCCCTGTCCGCAAAACACGGCCCCTGACCGGCCCGAAGGATCGACAGCCAGCCCAACGGATCTCGCCCTGAGGCCCAGCTTCGCCCCAGGGGAAGCGTGCGCGGCCACCGCCTAGGGCGCCTGGGCCTGAGGCGTGCATCCGTCGAGGTCGGCCGGGCGTGACCGAGGCCACGTGCCACGCTAGCGGTAACGACGACGAAGGACCCATGGTATGAGGAGTGCGATGACCTTCAACGTTAACGTCTCGACCGGTGGGCGGCGCTCGGCTCGACCCGGTGCACGGCCGACACTTCGTGCGCTTCTCTTGACCATCCTCGCAGGCACGATCGCATCGGGATGTTCGGGCTGCTCGAGGAAACTGCAGGAGAAGGGGTTGCACCAGCACGCACTCAACATGTGCGATGCGCTGACCCACGAGAGTCCGAGCTCTTGTCGAGCGGAGGTCGAGCGCAGATTCCCCGAGTGCGGCCGGCCGTTTCTCGACATGGAGACCAACTTCGAAGCCTACGCAGAGTGCTTGGGGTTCGTTCTCCCAAAGGCCGACTCGACGCCCGCTCTATTCCTGGGCGAATGCGGGGCGCCTTTCATTTTGGCGAAGGTCTCGATTTCGCTGGCGACGACCGCTCGAACGGACGGGAGCGAACCCCGCGAGTTGGGTGGCCGGACGCAGTATGTCTCCAAAACGCCCCTGCTCAGCAAACCAGATCTAACCCATCTTCGCCTCGAAGAGCACGGAGGAGTGCGCTTCGTCCTACTAGAGGTCTCCGAGGAAGCGGCCCAAAGGCTCGAAGCAACCACCCGGGCCAACATTGGGGAATCCTTGCTGATTGCGGTGAACGGATTCGAGATTGCGCCGGAAATTACTTCGGCCATCTCCTTCGGACCGGGGCTCTTCCTGGCTGCACCGGACGCAGAGATTCAGGAATTGTGTCGAGACCCCTGAGTCGCTCCTATGGCGAAGGCAAAGGGCATTCGACGACGGCTGCCCCCCGGTTCCGACCTCAGGCCTGTCCGCAGACACCGTCCCTGATTGGCCCGAAGAATTCTCGGAAACGTGGAGCCGTCACGCGTCGGCCGAAACCTCGATCCATAGCGCAGCAGCCGCCTCGGTAGCCGCGGCCACGGCGACGCTTCCGGCGTGGACCTCCGCGCCCTCCCCCTTCTCGAGCCGCAGGCCGCTCGTCAGCGCAACGGGCGCGTCCATCGCGAGCAGATAGCCCGCGCGCCTCGGGGCGACGTCCAGTCGCTCCTCGCGCCCGGCGACGAGGTCGAGCCACCAGACCTTCGCCGGTGAGCGCATCGGCATGCCGTCGTCGCCAGCGACGAGGTGCCGCCCGCCGGCGGGAGCGAACGGGATCTCCCGGTGGAAGTACCGGGCCTCTCCGCCGTGCTCGTTCGGCCGGAACCAAATCTGCAGCATGTGCGTCTCGCCGTCCGTGTCGTTCCCTTCGGCGTGAACCATTCCGTTCCGCGCCGAGATGAGCTGCGCCTGGCGCGCACGAAGCGTCGCGCCGTGCTCCTGATCGCCATGGTGGCTGAGCTCGCCCCGGACGACGAGGCTGAGGATCTCCATCTCGCGGTGCGGATGGAGGGGGAAGCGGGAGCTCGGAGCGAAGGTCGCGTCCGCCAGGACGAGGAGCGGCCCGAAGGGGCGCCCGGCGCCGGCGTTCGGGCCGACCGTGGCGACGAAGTGGTCGCGCAGGTGAAGCCACGAGAGCTTGGTAGTGGGGAGAGACGACAACGGACGATGCTTCGGATCGGCCACGGGAGGGACTCCGGGAGAAGGGTTGCAGCCCAGGGCGGTCAAGGCGAGCCAACCGCTCGCCGCCTTGACGAAGGCTCTGCGCGAGATGCGCTCGTCGAGTTCTTCGCTCATGTCCTCTCGAATATCGCCGGCAGGTCGCGTTGAACATGCGCGCGGACGCACATAGGATGTGCGTCCATGCACGCATCGTGGGACGACATCCGGACGATCGAGGCGCTGGTCCGAACCGGAAGCCTGGCCGCCGCCGCACGTGAGCTCTCGCTACGGCACACGACCGTCTCCCGCCGCGTCGAGGCGCTCGAGCGATCGCTCGGGATGCAGCTCTTCCTCCGTGGAGCGCGCCTGCGACCCACGCCCATGGCGCTCTCGATCGCGGAGCGCGCCAGCGAAATGCGGAGCCGCGCGCACGAGATCGAAGGGCTCGTCGAGAGGGAGCGCCGGCGGGGCGAGGGCAGGCTCGTCGTCACGACCAACGAGGTCCTCTCCCCGCTGCTGTTTGGCGCGCTCCGCGCGGCAGCGCTCGACGTCCAGGTCGACGTCGTCGTCACGGACATCGAGAGGGAGCTCGAGCCCGGCGTGACGGATCTCGCCCTGAGGCCCAGCTTCGCCCCGGGCGGAAGCCTGCGCGGCCAAAGCCTCGGACGCCTGCGCCTCGGCATCTACCGGACCCGCCACGCGCGGGAGGAGTGGATCCTGCCGTCGGAGAGCCTTCGCTCTCGAGCGTCGATGAGGTGGTGGAGCGCCATCCCCGACGACGCGTCGTCGCGCCTCACCTGCGACTCACTCTTCGCCATGCGCGAGGCCTGCGTCGCCGGGCTCGGCCGCTGCGTCATCCCTTCGTTCCTGGCCG
NZ_CP012332.1_gap84	3622299	3623129	830	CAGAGGACAGCGGCTCCGTCGGCGACTACTCGATCCTCCTCGGCGCGGTGAACCCGACGCTCGTCTCCAACGGCTACCCCTCCGCCTGGACGCGCTTCGAGTACACCAACGCCGCCGGCATTCCCTGGTCGGGCAGCGGCCGCTTCGCGATCCGATATTTCGTCACGAACGGTGGCCCCACCGGGGCCAACAGTGACTACATCGGCATTGATCGGCTCGTCATGTCGGCAGGTGCCCCCGCGTATGCGGTGGGCGGCGTCGTGAGCGGCCTGAACGCGGGCACCGTCGTCCTTTGGCTGAACGGGAGCGAGCTGCTGACGGTCACCGGGGACGGGGCATTCTCGTTCTCCCACAGGCTCGACAGCGGCACGCCCTGGTCTGTCCGCGTCCATCAGCAGCCCCCGGGCCATTTCTGCACCATCACGACCTACGCGGGAACGATCGCGGCGGCGGACGAAGGCAGCGTCCACGTCGCATGCGTGCCGGAATCTCCCGTGCGGTGATCGCCCTGCGGGCCTCGCTGATGCAGCCCGCGAGGCCGATGGTGGGTACAACGCTATCGGGGCAGCGCAGCGGCTGGGACTCCGGTCGAAACGACCGGCCGCTGCTCGCCCGTCTCCCACGGAATTGCCGGCCACCAGCGCTCGACCGCCGGCAGGGTGTCCGGCTCGAAGGACTGGCCCGGCCGCGGCGTCACCACGGTCGACTCCGATCGCGCGGCGGCCGTCAGCGTGCGCTCCACCGGCTCGGTCCAACCGTGGTACGCGAGCTCGAGCAAGCCCCAGTGGATGGGGAGCAGGACACGACCGCGAACCATGCGGTGGGCCATC
NZ_CP012332.1_gap85	3637538	3641473	3935	AAGCTGCTGGAGCTTCGGCGGATGATCTGGCCGATTCGGTTGATGATCCACGACCTGCAATCCAGCGATTCCCCGAACCTCTCGTCGACGGTGCGCACCTATCTTCGGGATGTGCACGAGCACTCGGTCCAGCTGATCGACGTGATCGAGACCTACCGTGACATGGCCTCCGGCATGATCGAGCTCTACCTGTCCGCAGTCTCGTACCGGATGAACGAAGTGATGAAGGTCCTCACAATCATCGCCACGATCTTCATCCCGATCACCTTCCTCGCGGGCGTGTTTGGCATGAACTTCAAGGTGATGCCCGAGCTGAACTGGGAGTGGGGCTACGCGCTCTTCTGGCTGATCTGCATCGTCACCGTCGTCGGGCTGATCCGGTTTTTCCGCCGCAAGGGCTGGATCGGGGAGGGCCAGGTGTCGAAGTAGCTGCGCTCGACACGACCGGGGAGCAGCTCCATACGATCGGTCCCTCCACATCCGTCGGCGCTCGAGCTCGGCGTCGCTCGGCCGGCATCACGGCGGTATTCTGGCGGCGTGTCCTGCGATCGCTGGTGGCACCAGCGGACGACAAGACCGTCTTCCTCGAACCGCGAGTGCCGCAGATCGTCGGCACCCGCTTGCTTGCCGGGAGCCCCGATGCAGCTCGGACTCGACCTCGCGCACCCCGGGACCACCGAAGATCAGCTCTCTTGCAGTGGCTTTGGATCGACGGCCGTCTTACGACTCGATGGATCGCTGGATTTCCATATGATGTTCGCCGCTAGGTCCACGAACGCGCCGCCCTGCTCGCTTCTTCGGCTGGGAGAGGAGCGAACGAAGGAGAGCTGCTTTTTCGTGGATGAAGTGCGCGCGGAGGCTCGCCGGTTCCCCTTGCCAGGGAGATTGCCGCCTGCTCGCTCCTCGGGGCGCCTGCGCACGCGCTGGCAGTAGGTCCGATGAGGGAGTTCCTGCGTGGGTAAGGGCCGAAGTGGGCTTGATCCGCCCTCGTGGACCTCCTGTGGGAGGGTGCGGTGAGTGTCACGGGTGCCGTGCAACCACCGCGGAGTCGAGCAGCACGAAGAGATCGGAGAGATCCTGTCGAGCCTGCGCGGGCGCCGAGCCGAACACGACGGCGACGTAGCGGAGGAGTTTTCCGCCGACCGTACGTTCGATGATCGCGCAGTCGTGACTGAAGCTGTCGTCGCCGAAGCCGATCTTCGAGGCGAGCGTGTCCGGCGCTCGCCCCACAGCGGTGAGGGCGGTTCGTGCGTAACTGCCGATGCCACCACCCATCTGATTCATGAGCGCACGCATCTCGGTCGACGAGGAGCTACTCAGGAGCTTCCCATTCGCCATCGCGGTAAGAAGTCGCGACACCTGCAACGCGTTGCCGACGAAGTTGCTCTTGCTGCGCCCTTGCGCCGTGGCCCACCGAGGTGTGAGGGCGATCCCCGCTGCGTTCGAGGCCTTCTCCGCTGCGTTCCTTACCCAGTCGTGACCGTCGTAGTCTCCGGAGATCCACAGGCCTTTGCTCGTCGCCGCATCGAAGTATCCGGACCGGGCGAGCACTCCGTTGAGATAGAAGTAGCCAAGCGCGAGGATGCAATTGCTCGCTGCTTGATTGTTCGACCAGCGCATCATCGTGCGCATCCATTCGTGGAACAGGCCGGTCGGAGCTCCGTTCTCGCCGACGGCATCGATGCTCGCGTCGGAGACCATGGGTGAGGTGATTGAGAAGTCGACCACTCCCGTCGGAGAGACCGTGAAGATCCGGTCGAATTTGGGAACGGTCACGTCCTGGTTGTTCCCAAAGCTCGTCGTCGACTTCGTGGGGAACATCGCCTTGAGCTTCGGTCGCCACGCGTTCTCGATGACCCCGAAGATCGCGGGCGCCGCGAAGGGCTCACCGTTCGCCTTCGCCGCATCGACGAACGCCTGCACTCGTTCTCGCAGCGCGAACGCCGCGTACATCACGCAGAGTTTCATGAGACTGCCGACGAAGACCATCTCCTCCTCGTGAAGGCCGGCGAACGCCGCGCTCGCCGGAGCGCCTGTGACGTCGGCCAGTCCCGCGCAGAGATGGTTCGCCGTGCTGACGGTGACAGGCGCGAACGCCGTGGTCATCGAAGGGTCGTTGCGCACGAGATTGACGACCCCAGGGGGAGGGAACGGATCGATCGCGTCGGCCCACGCCGGAACGGGGACCGGTGCCGCGCCGCCGCCCATCGCGGCGCCACCACCACCACCACCTCCTCCCCCGCCATCGGCCGCGCCGCCCTTGAGGGCCGTCTTGACCAGGTCGCCCGCGGGCATGCCGAGCGGACCGTAGAGGGCCTTGTTGAACGCCGCGGCGCCGTCACCCCCAATCGCGCCCGCTATCGGCGCCGACGTCCCCGCCCCGCTCTCCCCGCCTCCGCTCCCGCCGCCGCCGCCGCCGATCGGAACGCTGCCGTCGGCCCCCGCGGCAGCGCTCGCCGCAGCCGCGTCGCGTTTTTCGCCGTGTGCGACCCGCGCGGCTTCCGCAGTGACGCTCTGATTGGCGCCCCCGCTCGACGGCGCACCGAGCGCCGCCTTCACGATGTCCGCCGCGATCTGACCCATCGCTACCGACTTCTGCATCTCGGCGCGCATGTTCGAGCTCGCGACCTCGGCGGCCGCAGTCGCAGCGTCGATCGTGCCCTGCGCCACTTGACCCGCGAGATTCTGCGTGCCGGCCAAGCCGCTCATGTCGCGGAACATGTTTCCGTTCGACACGGCCGTGAGCACCGCTCCGAGCCCGGCCGGATCGGGCAACGACGTCGGCGTGACGATGTTGAGCACGGGCTGACCGAGCTGTCCCGGTCGGAGGTCCTCCGAGGTGGCGCGCGAGCCGGTCGAGACCGGCGCGATCTCTGGCAGTGTGAGCGGGATCGGAGAGTCCTGCCAGTTCCAGAAGCGCGTGTACTCGAGCTTCTCGGCGCTGTTGGATCGACCCAGCACCGCCTCGGCGAACACTCCATTCGTGGGAATGGGGATGACGCGCGAATCCGGCTCGACTCCAAAGTCGAAGCCTCGGTTCTTCAACAGGTCGCTCCACGTCGCCTGGCGCCCGTCTTCCGTCACCCCCGAAGGCTCATCGGGATCGACGGGGGCGCGCAGGACGAGGAAGTTGCCGGCCACAGTGAGCACCTTGGGCTCGACCTGATCGATCACGGGGCGACCGTTCCAAGTGAATTCGCTGAGCAGGAGCACGAGCGTCGCACTGTCGAGGGACCGGGCGATGGCCTGCGCATAATGCGCGTTGTTGGCCTGCAGATGGGCCAAGAGCTCGCGTCTACGATCAGCCTGGTCGGTGCGGAACTTCGCGACCTGAGTGACGGCCGTGCCGAGCTCCACTGGCACGGAGGGCAGCGTGAAACGGCGGCCGAGATAGGCGCACAACAAGGTCATCTGGCCCGATCCCTGACTCCCTTCGCTACGCGACGCGTAGATCCCATCGAGCTCACCCATGCGCACGCCCGCTGGGAGATCGACGCGGCCATTCACGACCGTGAGATCGACGTCCGCGGCAGCCGAGTCGACGCGATCGAGGCGCAGATTGGTCACCGTGACGCCCTCGAAGCTGATCGCGAGGAGCTCGGTTTCATCCGGCACGAACAACGAGTCGGAGCCGGGTCGCACGATAGGGCGCGCGACGAAGCGCGAAGCGCTGGCGAGCTCGGCTCGGTCCCAGGCACGCACACGAATCCCTACAGTTTCGGGCGGGACCTCGGTAGCCGTGGCAGGCGCGACCGTCGCCGCGGCCGTCGGCTCGCTCTTCGCGATCATGCTTGCACGAAGAACGGCACTCATCTTCACCAGATCGGGACGTCCAGAGGGCACGACGATGCGCGAGCTCGTTGCGCTGATTTCGACGGCAGACGTGTCGTCGAGCAAGAGCTCGAGCGCGCGGCGGTTCAGCGCCGCGCGCCCGA
NZ_CP012332.1_gap86	3667838	3671857	4019	GGCCTGACGCCCGCGCGCGTCTCGGGATCGAGCGCAGGAGCGCTGGTCGGGGGCGCCTGGGCCGCGGGCGTCGACGCACCCGTGCTGGCTGCGGAGCTCGAGCGGCTCGAGCGGCGAGACTTCTGGGACCCGGGCTTCGGGCCCGGGCTCCTTCGCGGCCGCCTGTTTCGCGAGAGGATCGAAGGTCTCCTACCCGCCGAGACCTTCGACCGTTGCCGTGTGCCGGCGGCCGTCTCCGTCTTCGACGTACGCTCGCGCAAGACGCGCGTGATCGAGATGGGACGACTCGGCCCGGCGATCTGCGCGTCGTGCGCCGTCCCGTTCCTTTTCCAGCCCGTGCGGATCGAAGGCCGGTCCTACTTCGATGGCGGGATCCTCGATCGGCCCGGTCTCGCGGGGATGCCGCCCAGCACCCCTCGGGTGCTCCACCACCACATCGCCTCGCGCTCACCGTGGCGGATGAGCGCCGAGCCGCCATCGAGGCAGGGCATGCTCTCCTTCGTCATCGACGGGCTCCCGCGCTCCGGACCCTTTCGACTCGAGGAAGGGCGGCGCGCGTTCAGCCTCGCCCGAGAAGCGACGAGGCGGGCCCTCGACCAGCCCGTGAGGGATGAAATCCTCCGTGTGCGGGCCTGACGCCCTGTCCACGACGCGTGTCGTGCGCATGGCGGCTTGCCGTCAGCCGTACTCTCGCACTTCCAATTAGCTACCTTCTCGGCTCATAAGGCATCGCCACCGCCCCCGACGCGAACTCCAGCCGACTCCCCCGCCACGTTGGCTATTGGACCTGCAACCCGCCGAGGAGCACCTGGTAGCCTGCCGCCCTCGCGTAGTGGGTCGCTGCGATGAACGAACCCCGTCGGGACGGATCGGTCGGCGGCCCGCCCACGGCGCCGACAGGCGCGCGGAGATCGACGCTGATGAATCCGGATGCGTATGCGGCGGCGAGCGACGGATCGGTGATCGCCACGCGCTGCGATACGAGCGGGAAGGTACCGAGGTTCGTTGAGAGCGCCGTCACCTGCTCTTGCTCGTCGAACTCGAGGATCTCTCGGACCGGCAGCGGAAAGCCGGTCGGCACGGAGCCGCAGGTGAACGCCGACAGCACCTCAGGCGATTCGCGCCAGACGACGAAGCTCGTCTTCCCGTCGGCGAACGCACCAAAGAGGCTACTAGGCGCGACGTTGTTGATGAACCGCGCCTGCCACGCGGTGCCGAGCGGCTCACGGTTGTCGCTCGCGTCCCACGAGACGAACTTGCCGTAGAACGTGGGCCTGCCTGCAGTCGTCGTAGCCGAGTCGGTGGAGCTCGCCTGAACGTGCACCAACGTGTCGGCGACCGAGACCTTCTGGTTGCGGTCGATGATCGTGTACGTCCCGGAGAGGTAGTTCTGGTTGGTCGCGTCGCCGATGCCGCCGTTGCCGAAATAGCCGACGTCGCCGGGGACTCGCTGCGTGCAGTTGTTGACGGTGTCGAATGTGACGTAGCCGCGCGCAGTCGCGTCCCCGTGCGGGGCGCCGGCGCACTTGCCGTCGAAGCGCAGAGGCGATGCTTTACCCGTGTGCGCGCTCACGAGATCCTCGATGGCGGCGGCAGAGAGACGCGCTGGGGGGAGCTGGCCAGTGCAGCTCGCGAAGTTCATGTCCTGCGAATAGTCACCTTTGGGCGAAATCCCGTCGTTCGGGTCCTGACCCGTGCTCGCCGTGAGGTCGACGAGCCCCTTCTGGAAGAGCCACCGCAGGTCGACGAGCGACGAATCATAGCCGGTCAAGTAGACGTTGAAGCGGTGCGTGGGGAGGCCGTAATCGGTCCACAGGGTCGCGTGGACGAGCACCGCCGACGCGAACAGGTTGACCAGACGAATCTGCGTGTTGACCCCGTTCGGGTCGACGGTGTCGACCTCGAAGTGCGGGACGAGCAAGGTCGCCGCCGGGGCCACGTCCGAGACCCCGATGGCCGGGGACTTGGTCGGCACAAAGGTATTTGTGCCCACGTCGAACACCCCGTCCTGGGGCGGCATCGAGTGATGCGCTCGCGTCGCGCTGTCGACGGCGACCGCCGCGAGGTTCGTACCGAACCTGGAGAGCGTGCCGTTGCGCGAGCCGGGGTAGTGGATGGCCATCGCGTACGACTGCGCAGCGGCCGGATCGGACGAGGGCCCGCCCGGCGCCGGCGCCATGTTGCTCGAGAACACGAGGGTGCCGTTCTTGGACGTGACGGGGATCGTGCTGCCGCCGACACGCGTGCGCGTCACGTCGATCTTGAAGGGCTGCGTCGCCGACAGCTCGGTCACGCCCTCTTGCATATCGAACGCCAGGAGGCCTTCGCTGCCGAGGGGATAGGTGCTTGGCGGCGTGCCGCACGTGAATGCTTCCTGGCTGACGCGCGAGTCTCGCCACACGATCACGTCGGTCTCCTGCGTGGTGAAAGGGATCTCCCAGACCGTCGAGAGAGGCTCACGGTTGTCGGCGGCGTTCCAGCCCACGTAGCGCCCGTAGAAGGTGTAGCGCCCAGCGGTCGAGGTACGCGCGTCCGACGCGCTTGCCTCAATGTGAACGGCTGGCTGCGCCTGCACGTGAGGGGTGGCGGCGTCGATAAAGAAGAAGTCGCCGAGCAGGTAGTTCTGGTTCGTCGCGTCCCCGGTTTCGCCCGCACCGAAGTAGCCGGGCATCGACGGAACGCGCGGCGTGCAGTTGTTCACAGTGTCGATCGTGACGTAGCCGCGGGCGATCGTGTCGCCGTGGTCGGGGCCCGCGCATTTGTCGCCGAGCATCGCCGAGGACTTCCCGGTGAGGGCCGACGTCAGGCCCGCGATGCCGTCTGCTGTGAGGTTCGCCGCCGGCAACACGCCGTGGCACGTTGCGTAGTTGATGTCTTGCGAGAAATCCCCCCGCGGGCTGATCGTGTCCGCCGGATCCTGACCGGCGGTGGCCGTCTGAGGGACTCTGCCGTTGACGAAGAGCTCGCGCAGGCTGATCGACTCCACATCGTACCCGGTGAGGTAGACGTGGAAGTGATGGACGGGAACGCCCATCTCGCTCCAAATCGTGACGTTGGTCAGCACCGACGCCGAGTTGGAGTTCTGGACGGTGATGATCGTGTCGTTCTTGCCGGCGCCGGTATCCACCTCGAAATAGGGATAGAGCAGCGTGGCAGCGGGCACGTTGTCGAGCGTGCCGATGGCCGCGTCGGCCGGAAGCGCCGTGAAGAGAACGCCTACACCGAATGGCAGCGCGAGAAGCTCGGACCAAGAGCTTTTGGTCATCTTCTGTCCTGCACGGCGGCGTCGGAGGGCCAGGTCTACGAACGCGAAGAGCGCGAACAAGCCTGCGGATCCATTCCCGCCGCGCGCATTGCAGCCGCAGCCGCTGTCGGCGGGTGGCTTGCTGGTGCCGGGGGCGCCTCCATCGTCCTTCTTTACGAGCGAACAGTCTTTGGCGCACTTGCCGCCAGCGGTCCCATTGCGTTCGCCCTCGTCGCACTGCTCACCCGGGTCGACCTTTCCGTCGCCACACGGGTTGACAATGGTGACCGTGCCATCGCTGGGTGAGCCCGCCGCGTAGACAATGGTCGGCGCGATCGTCGCGATGACCGTGCTGTCGTTCGGCGCATCCCGGGTCGGCACCACGTCGACAGTGGCGGAGGCAGCTCCCTCCGGAATCGTGATGAGGCCGTCGAGTGGCGCATACGCGCTCGCTTCGGCAGTGCCGGAGACCGTGTACTTGACAACCAATGCATCGGTCATGTCACCAGTGCGAGCAAAGGTGAACTGGCCGGGCTTCCCCCCCACGACGGCTGTCGCCTGGCTTGCGGAGACGGTGACGAGCGGCAAGGGACAGGGCAAGTCGAGCGCCCAGCCGTCAATCGCCCCACTGCCGTATCCGGCGCTGTCGGAGACGCGCAAGCTCCACGCTCCCTCGCGGCCCTTGCTGTTCAAGGTAGAGAGTGGATTGAGCGGCAAGAGGTTGCCGGAGATCGAGGGAAACGTCTCTTCGCACTCGCTGGTGCCGGGTGTAGTG
NZ_CP012332.1_gap87	3678218	3678874	656	GCGCGCTCTGCACCGAGCGGCTGGCCCGAGCCAATCGCGCCGTGGGGAACGCCCCCGGCGCCGCGGTGATCGAGGCGTTCGGCCCGCTCGTCGTCACGGCGAGGGGCGGACCGCTCACACTTTTCGCAAACGGCTCCGTCGTTCGAATGAAGGCGGACGAGGAGGTGCGCCTCGGTAAGCCTCCGGGAGAGCGGATCATCCACGTGGCGGTGGCCGGCGGCTTCGACGTCCCGGTGCACCTCGGCGGGCGAGGCACGCTCCTCGTCGCGCGCCTCGGCGGACTGGACGGTCGCGCCCTCCGTCGCGGCGATCGTCTCCCGATCGGCGCCGCCGATCGCCTCGCGAAGGCCGAGGTCCTCCCGGAGCCGCCTCACGAAGGATCGATTCGAGTGATCGTCGGACCGGATCACTTCTCCGCCGAGGCGCTCGAGGTCCTCCAGCGCGCAACCTTCCTGGTCTCGCCCTCGAGCGATCGGGTGGGCATGCGCCTCGACGGGCCGCCGATCCCGCGCACCGGAGGCGATGAAGGCCGTTCCCTCCCCATGGTGCGCGGCGCGATCCAGGTGCCGGCCTCGGGCGCCCCGATCGTATTGGGTCCCGACCACCCGACGACCGGCGGCTACCCTGTGATCGCGACGGTGATCCGCGCCGACCTG
NZ_CP012332.1_gap88	3687639	3688729	1090	GATCCATCGTGGTCCACCAGGACGAGGCGATGGAGTAGAAGCCGTTCGTCGTGGGTGAATCAGCAGGGAGGGACCACTCCGTGGCCGTCGCAGCGAAGTGCGTGCCCGGGGGCGTAGTGCCGCCACCTACGCCGCCGGTGCCGCCACCCACGCCGCCGGTGCCGCCGCCCACGCCGCCGGTGCCGCCACCCACGCCGCCGGTGCCACCACCCACGCCCCCGGTGCCACCACCCACGCCGCCGGTGCCGCCACCCACGCCGCCGGTGCCGCCACCCACGCCGCCGGTGCCGCCACCCACGCCCCCGGTGCCGCCACCCACGCCCCCGGTGCCGCCACCCACGCCGCCGGTGCCTGTCGTCGACGACCCCTCCGGTTCGCTGGGCGAGCATCCGCCCCCGAGGGAACAAACGGCGGCGAGGAGCAAGGAACCGACGATGCGTGCGTTCAGGCGGTTGTTCATTCGTGCACAATAATGCATTCGCGGCCAGGCGTCTTGCCTGGGTGCAGTGGACGACCGGCGGGCGCTGCCTCCTGACGCGTCGCGGCGCGCATCCTGAAGGACAATCTCCGCAAGCACGGGATTCGCGGGATCGCGATCGGCCAGGAGACGGCCGACGATCCGAAGGGGCGGATCATCGAGGGCATCTTCGAGCTCATCGACCAGTACGAGTCGGAGGTGAACGGGATGCGCACCTCGGCAGCGATGCGCGAGAACGCGACGCAGGGCTACTTCAACGGCTCGCAGCCTCCGTACGGCTACAGGAAGGAGAAGAAGGAGGCGAACGCTGGCGTGTCCCGAAGCGTCTTGGTGCCAGACCCCGGCGAGGCGGAGATCCTGCAGCAGGTCTTTCGGCTCTACATCGGGGGAACCGGCACGGTCGGCGTCGCGAGGGATCTGAACCAGCGGGGGCTTCGCTACCGCAGCGGAACGCGGTGGAACAAGAACCACGTCCTCAAGGTGATCGAGGAGTCGGCGCCCACGGGAACGTTCTACTGGGGCAAGCGCGACACGAAGACCGGCGCCCTGAACGATCGCGAGGACTGGATTCCCATCCAGGTGGAAGCGGTCATCGACCCCGACCTCTTCGAC
NZ_CP012332.1_gap89	3694843	3698415	3572	CGCCGTCTGCTTGGTCTCAAGGAGCCAAGTCGAATCCAGCAGGTGCCAATAGGCCCCCTTCTTCTCCAGCAGCTCGTAGAGCGGCTTGTAGTCCGTCTCGGTGCGCTTCTTCTTCGTCTTCGCGATCAGGTCGTAGCCGACCAGGAAAAGTGCCATTTGTTCCTCCTGTGAACATGACACCCACAGGGTGAGTACGAATCGCACTCTGGCAAGCGAGAAAAACGACATGCACCCACATGCCGTTGATCTCGCTCGCCTTTCTCAGGCCGGGCTGCCGATGCACGCGAGCCGGGGGCGGTGGCGTCTCGGCCGGTGGCTCTGGCCGCTCAACGAGAAGCTCCTCGCTGTCGCCAGGGGGGAGATCAAGCGGTTCTTCGTCGTGGTGCCGCCGCGGCACGACAAGTCGGAGTCGATCTCGAAGTACTTCCCCCGCCTGGTACATGGGGACGTTCCCCGACCGGAACGTCATCCTCGGCACCTACGAGGCGACGTTCGCGGCGGGCTGGCGCAGGAAGGCCGCGACGTGCTCGAGGAGCACGGCCCGTCGGTGTTCGGCGTCGAGGTCACCAGCGTCGGCAAGGCGACGGCGGGACGATGAACACGGCCGGCGTCGGCGGTCCGATGACGGGCAAGGGCGCACACCTCCTGATCATCGACGACCCGTTGACGAACACCACGGGTGCCAACTCGGGCGTGACGCGCGAGTCGACGTGGGAGCTTGGCTGGAACTCGTGCCCGCTCAAGCAGGTGAACGCGGACCGGATCGAGCGAGAGGTGGAGACGATGCTCAAGGAGCTGAGCGTGTCGCCCGAACTCGTCTCGAAGGCGGTCGCCTCCGCCAACTCATCGAGCGCCGAGCAGGCGATGCCGCTCCGGGAGAAGGAGCGAGGTCTTCAGGAGCGCCTTCGCGAAACCAAGGCCAAGCTCAAGAACCTGGTCGACATCATCGCGTCACAGGGTCCCTCCGCCTTCGAATCCTTCCGGGATTCGATTGGCCAGGGCGAGAAGGAGCGGGCGCACGTGGAGGCGGAGCTTGCGCTCCTGCGCGAGGAGATCGCGCGGGTCACGACAAAGCTGGTGGATCCTGAGAGAGCGGCGACGGTGCTGCGGAGCTTCAACCTTCTCTTCCACCTGGCGACACCGGCAGAGAAGCGGGAGCTACTGCACCTGTTGCTCAAAAAAATTGAGTTCCAGGGGAGGGACAAGCCCATCACCCTGGAACTCAATGACCTGCGAAGCTTCGAATTTGACGGTTCGAAACTACGCCCTGTCTGGCTCCGCGGCGAGGACTCGAACCTCGGACATGGTGATTAACAGTCACCCGCTCTACCGACTGAGCTACCGCGGAATATTCTCTTGGCGTTGCGCACCTGGTGGGGCGCAGCGAGCGGGGTAGATACTCGGCCGAATCGGGGCTGTCAAGTGCAGGTCACCGTTTCTCGACCTGGCGCCCCAAGTGATGGCGAGCGGGGCGGGAATCGGGCCGCCGACCGAGCGCCGGGCGTCCGGCCGTGCCGCTCGAATCCCTCGATTCGACCGCACCAGGGCAACCTCCCGCCCCAAGGCGCATCTTCTCGCGCACGACTGGAGAATCGAGAATGACCGCAGAGAAGAAGCCGCTTCGCGTGGACGTGATCTCGGACTGCGTCTGCCCCTGGTGCTACGTGGGCAAGCGGAACCTGGACGAGGCGATCGCCCGCTCGGAGGATCGCTTCGACATGGAGGTGCACTGGCACCCCTTCCAGCTGAATCCGGACCTCCCGGCGGAGGGGCGGGACTGGAAGAAGTACGCGGCGGAGCGCTTCGGCTCGCTGGAGCGCCTGCGCGGGATGCAGGTCCGGCTCGAGGAGGTGGGGAAGGCGGCAGGGATCGACTTCGCATTCGACAAGGTCTCGCGCGCGGTGAACACCTTCGAGGCGCACCGCCTGATCGCGCTCGCGGGACTGGAGGGGCTGCAGGACGAGGTAGCCGAGGGGCTCTTCCGGGCGAACTTCGTGGACGGCGCGGACATCGGCTCGCGGGAGACGCTGCTGAAGGTGGCGACAGCCGCGGGGATGGACGCGGAACGGACTAGCGCGATGCTAGAGTCGGGAGAAGGCGAGGAACAGGTCCGACAGGGCCTCGAGATGGCGCGCCGAATCGGAGTGACGGGGGTCCCGTTCTTCATCGTGGACGGCAAGTACGCGGTGTCTGGGGCGCAGCCGCCGGAGGCGCTGGTGGAGCTCTTCGACCACGCGGCGCAAGGCGGCGGGGACGAGGGTTGACGAGCGGATCCGTCACGAAACCCGGGCCCCATTCCCCGGGCTAGGGCAAGGCTAGGGTTGCGCCAGGACGCCTCCTGGTCCATTTTAGCGCGCCGCGCTGGCCAAAAGGCCCTCGCGGGTCAACGATCGATCCCGCGAGAAGACAGCGAAATGGGACTGCAGAGCCTCCGCGACAAGCTCCTCCAGGCCGGCCTCGTGAGCGAGGACCAGGCGAAGAAGGCCGAGGCCGACCGCGCCGCGAAGCCGACGAACCGCGAAAGCGCGCCGCCTCGCCGCGAAGGTGCTCCGCCCCGCCGCGAAAGCGCGCCGCCTCGCCGCGATGGTGCTCCGCCCCGCCGCGAAGGCGCGCCGCAGCGCCGGGAAGGTGCGCCGGCGCCTCAGCGCGCCCAGGCGGCCAGGCCCGCCCGGCCGCAGGAGCGGCAGGAAAAGCAGGCGAAGCCCGCGAAGGAGCTGACGCCGGAGCAGCAGAAGGCCCGCGAGGAGGAGGCGGCGTTCGCCGAGCGCGAGCGCATGCTGAACCGGGAGCGCGAGGACAACCGCAAGCGCGCCGTGGAGGATCGCAAGCGCCTCGAGGGAGTGCGCGCGGCGGCCGAGCGGTTCGAGGTGACGGAGCGCGGCGGCGAGGCGTTCTTCTTCACCACGCGGAAGAAGAAGGTGCAGCGGATCTACCTGACGGCGGAGCAGCTCCAGCGACTGGAGTCGGGGGATCTCGCGATCATCGACAAGCCGCTCCCCGCGGAACTCTCGTTCTCGCTGGTGACCCGCGAGGGCGCGGAGCGGGCGCTGGCGCTGGATCCGAAGGCGCTGCGCTTCTACAACCGCGGCTTCGGGCAGACCTTCGGCTTCAAGGCGGAGTCGAGCAAGTTCGACGAGAACGCCGAGGCCGACGCGGCGGAAGGCGAAGAGGCCGAGGCCGCTGAGGTCGCGCCGGCTTCCAACGAGGCCGAGACCGAGGCCGCCGAGGACGCGCCTGCTTCCGACGAGACGCAGGCCTCCTGACACCAAGCATCGGGCCTGAGTGCCTGCAGATGGGAGCGCCCCCGAGGCGCTCCCCTGGAAACACCATGTCGACCAAGCCTCAGAAGAACCTGGACACCTTCCCCAACCCGAAGCCGGGCCGCCCGTACGAGATCTTCTTCGACGCGCCGGAGTTCACCTGCCTCTGCCCGCTGACGGGGCAGCCGGACTTCGCGCACATCAAGATCCGCTACATCCCGGACGAGACCTGCGTGGAGCTGAAGAGCCTGAAGCTCTACCTCTGGAGCTACCGGGACGAGGGCGCGTTCCACGAGGCCGTGACGAACAAGA
NZ_CP012332.1_gap90	3706878	3710274	3396	CCGGCCGCTGCACACCGCCCTGCTCCGCCGCGCCCGCGAGGCGGAGGCCACCTGCGTGGACGGCCTGTGGATGCTGATCCACCAGGCGCTGGAGCAGCTCCGCGTGTGGACGGGCCAGGTGGCGCCCCCTGCCCTCGCGGCCTCGCTCCACGACGAGCTCGCGGCGGAGTGCGGGTAGGAGAGGAGCGAAGAGAAAGGACGCAATCCGCAGCCTCGCCGCAGGATCCCGAGAGGCTCCTGGAGATCGTTCGCCTCGCGCGGCGGGCGGCATCCGGTTAGGTTCCGCCCAGCGCGAGCCCCACTCGCGAGACGGAGCAACGATGACGCGCCTTCGCTTCATGACCGCCGGCGAGAGCCACGGGCCGGCGCTCACAGGGATCCTCGAAGGGCTCCCCGCCGGCCTCCACCTGGAGGCGGCCGACCTCGATCGCGACCTCGCGCGGCGGCAGCGCGGCTACGGCCGCGGCGGCCGGATGAAGATCGAGAAGGACACGGCCGAGATCCTCGGCGGCGTCCGCTTCGGCAAGACGCTGGGCTCGCCGCTGGCGCTCCTGGTCCGGAACCGCGACTTCGAGAACTGGCGCGAGCGGATGCAGGCGGCGCCGGGCGGTCCGGATCCGAAGCCGGTCCGCGTCCCGCGCCCGGGGCACGCCGATCTCACTGGCGGTATCAAATACGGACACACAAAGGACCTGCGCGGCGTGCTGGAGCGCGCCTCGGCGCGGGAGACGGCGATGCGCGTGGCCCTCGGCGCCGCCGCCCGCGTGCTCCTGCGCGAGCTCGGGATCGGGATCGGCTCCTACGTCCGCTCGATCGGCCCGGCGGAGGCGACCCCCGCCCACGACGCGGCGCCCGGGCTCTACCGCGAGGACGCCTACGAGCTCGGGCTGCTCGCCGACGGCTTCGAGACCCGCGCCCTCGACGAGGCCTCGTCTCGACATCTCGCGGAAGCGATCGACGAAGCGCGGCGCCGCCGCGACACGGTGGGCGGCGTGGTGGAGGTGGTTGCGACGGGCGTCCCGGTGGGACTCGGCTCCCACGTCCACTGGGACCGCCGCCTCGACGCGAGGCTCGCCGGGGCGCTCTCCTCGATCCCGGCGATCAAGGCCGTGGAGCTCGGAGATGGCTTCGCCGCCGCTGGGCTCTACGGCAGCGAGGTCCACGATCCGATCCACCTCTCGGCCGGGAGGCTGACCCGGGCGCGCAACCGCGCGGGCGGCCTGGAGGGCGGGATCACGAACGGCGAGCCGCTGGTGGTCCGCGCCGCGATGAAGCCGATCGCGACGGTGCCGGCGGCGCTGGGCTCGGTCGACCTGCACGCGCTCGAGGAGCGCAGCGCCCACGTGGAGCGCAGCGATACCTGCGCCGTGCCGGCGGCGGGGATCGTGGCGGAGGCGATGGTGGCGCTCACGCTGGCCGACGCGCTCCTCGAGGCCCTCGGCGGCGACACCATGGACGCCCTCCGGCTCCCCTTCGCGAAGCTTCGGCTCTCGACGCGGGTCGAGCCGGGGCACGCCTTCCTCCTGGGCCCGATGGGCTCGGGGAAGACGCGCTCAGGGCTGATCCTCGCCAAGCGCCTGGGGCGGCCGTTCATCGATCTGGACGCGAGGATCGAGTCCCGCGCCGGGACGTCGATCGCGCAGATATTCCAGACTGCGGGCGAAGAGGCCTTCCGGGAGCTGGAGGAGGTAGCGCTGCGAGAGGCCACCCGCGAGGCGCCCGCGGTGATCGCCTTGGGCGGCGGCGCCGTGGTCCGCGAGAGCGCGTGGCGGAGCATTCGCAAGTCGGGCGTGGCCGTGCACCTCCACGCGGAGCCCGACGAGCTGGCCCGGCGGCTGATCGCGAACGAGCGAGAGGTCCTCGCGAGGCCGCTCCTTGGCGACGGTCCCCCGGAGGTGCGCCTCGCCGAGCTCGCGAGAGAGCGCGACCGCTGGTACGCCCGGGCCGACGTGCGGGTCGAGACGACGGGCCTGTCGCCGGAGGAGGTGGCGGGCGCGGTCTCCGGCCTCGTTCGCGCGGTGCTGGGGCCGCTGGTATGACGCCCGAAGGCGGACGAGCCATTGCGGACGTGAAGGTCCTCTCGAGCAGCGGGCCCTACCGGGTCCGAATCGGGCCGGGGGTGTCGGCGCAGCTCGGCCCCGCGCTCCTCGAGCTAGGCCTTCGGGGCAAGGTCGCGCTGATCTCGGACGACGACGTCTTCCACCTTCACGCCCTGGCGCCGATGGGCTCGCTGGAGGAGGCGAAGCTCCCCTGCCTTCCGATCCGGATCCCGCCGGGCGAGGCCTCGAAGACCCTCGCCCGCGCCGATTGGCTCTATGGCCGGCTGATCGAAGGCGGCATCGGCCGCGACGACACGGTGGTGGCCCTGGGCGGCGGCGTGGTGGGCGACCTCGCCGGCTTCGTCGCGGCCACCTACCACCGCGGCGTGGCCTTCGTGCAGCTCCCCACGACCCTCCTCTCCCAGGTGGACTCCTCGGTGGGCGGCAAAGTCGCGGTGGATCACCCCCTGGGCAAGAACCTGGTGGGCGCGTTCTACCCGCCTCGCACGGTGCTGGCGGACACCGACACCCTCGCCACCCTCCCGCCCCGCGAGCGCTGGTCCGGGCTGGCGGAGGTGGTGAAGGCCGCCTTCGTGGCGGACGCCGACTTCCTGCCGATCCTCGAAGAGCAGCTCGAGCGCCTCGCCGAGCCGTCGCCGCCCGCCGGTCTCCTGGCGGAGGCGATCGCCCGCTCGGTGCGGATCAAGGCGGCGGTGGTCGAGGCCGACGAGCACGAGGGCGGCCTGCGCCGGATCCTGAACTTCGGCCACACGATCGGCCACGCGCTGGAGCTGGCGACGGGCTTCGGCGTCCTCACCCACGGCGAGGCCGTGGTCATGGGCATGAGGGCCGCGCTCTTCGTCTCGGTGGAGCTCGGCACCCTGGCGGCACCTGAGGCCGAGCGGGCCACGAGGCTCCTCGCCCGCTTTCCCGCCCCGCCGCCGTTCCGCGCGCCGTCGCCGGAGGCGGTGATCGCGGGACTCCAGCGGGACAAGAAGGCGGATCGCTTCGTCGTGCTCTCCGCTTTGGGCAAGGCCGAGGTTGTCCGGGGTCTCGAGCCCCGGCTCCTTCGCCGGGCGATCGACAAGGCCTACGAGGGCCTCATATGAACGTGCTCGTCCTCCACGGACCGAACCTGAACCTCCTGGGCGAGAGGGAGCCGTCGATCTACGGCACGCTCACCCTCACCGAGCTCGACACGAAGATCCGCTCCCGCGCGATGGAGCTCGGCCTCCAGGTCCGCTGCTTCCAGAGCAATCACGAGGGCGCGCTGATCGACGAGCTCCACACCGCACGGAAGTGGATGGACGCGCTGGTGATCAACGCCGGCGCGTACACGCACACCTCCTACGCGATC
NZ_CP012332.1_gap91	3719716	3723280	3564	CCCACTGCTCGGCGCGCTCGTAGAGGCGGCCCACGTCCTCCCAGCGCTCGGCCTCGACGAGGAGCTGCATCAGCACGTCGCCCTGGCCGGCGGCGAGGAGCGCGGTCTCCTGCTGCTGCGGCGGGAGCTTCTTCGCCTCCTCGAGGAGGGCCTCGCGATCGCCGAGCTTGCCGAGGAGCTCCACCACCTTGGGGGCGTCGCCGGCGAGGCCGTAGAGGCGCGCGGCCTCCTTCGGCTGGTCGTGCTCCTCGTAGAGCTTGGCCGCCTCGCGGTACTTCCTCTCGTGCTCGTGGAAGGCGGCGACCTTGTCCCACTCGCCGGTGTGGGCGAGGAGCCACGGCGCGATCTTCACGTCGCCCGCCTCTTCCTTGGCGAGCTCCATGCGGCGCTCGTCGCCCAGGGCGCGCCAGACCTCGGCGAGGGTGGCGAAGACCTGGCGGCGCTTGGCCTCCTTCTCCTCATCCTCGACCGGACGCTGGCGCATCACGCGCAGGAGCGCGGTGAAGAGCTTGCCCCGCGTGTCCTGCGAGAGCTCGTCCAGGGAGTGCGACTTGCCGCCCTTGCGTGCGGCGGAGGCGAGCTTCTCCAGGGGCGGGAGCTGGGCCTCGAAGTCGCCGGCGAGGAGCGGCTTGTCCACGCCACGCGCCGCCTCGAGGGCAGCGGCCTCGAAGCCCACGGGGCCTCGATCCTCGCCGCGCCTGCCGCGACCGCCCTCACCGCGGCCACCCGGACCACCGGGTCCGCGGCCGCCGAAGCCGCCAGGGCCACCGGGGCCACGGCCGCCGAAGCCACCAGGACCACCGGGGCCACGGCCGCCAAAGCCACCCGGACCACCCGGACCACCAGGCCCACGGCCTCCGGGCCCGCCGGGGCCACGCCCGCCGGATCCACCCGGACCCTGACCTCCGCCCCCGAAGCCCTTCGCACCCGTCTCGCGTTCGTTCGCCATAATCCGTGCATCCTAGCAGCGGCCCGAAAGGCCCCGGTCGGTTTCAAGCTGCGTCATTGGTATCTTTGCGCCCGGCTGTCAACTGCCGCGTGCGCCGAAGGCCGGCGGCTCCGAGCGGAACTCGTCGAACGAACTCTTCGAATGGACCTCTGCGATGCACAAGCTTTGGCTGGCCCTCGGGGCGATCAACGCGCTGGTCTCGGTTGCGGCCGGGGCGTTCGGAGCTCACGGGCTGCGGCAGCGGCTCGGCCCCGACCTCCTGGCGATCTTCGAGACCGGCGCCCGCTACCAGATGTACCACGCCCTCGGACTCCTGGCCTTGGGGCTCCTCGTACGGCACGGCCGCACGGGCCTCTCGACTGCCACCGGCTGGACGATGTTCGCCGGGATCGTGATCTTCAGCGGCAGCCTCTATCTGCTGGCGCTCACGGGGGTTCGCGGCTTCGGCGCGATCACGCCCATCGGCGGCCTCGCGTTCCTCATCGCGTGGGCCCTCTTCGCCGCGGTCGCGATCCGCGGGCACTGAACCTCCGGCCGCTTTTCCGTCGGGGCCGTCAGGCCGCGGAGCGCTTGGAGTCCGGACGCCCCTCGTCGATGGTCCCCGACGCGCCGTGGCGCAGCAGGGCGACGGCGCCCAGGGCCACGCCGAGCCAGAGGGTAGCGAGCCTGCAGAGGAGCGCGGCGCCGAGGGCCTGGGGCCGGGTGATTCCGGCCACGAGGTGGAGGGCCCCCTCCTGCAGCGCCGCGTCAGCGACGCCGAGGCCGCCAGGCGAGGGCGCGCCGGCGATCGACGAGAACGCGTAGAGGAAAGTGGCCACCGAGAGGTTGGCTCCGCCGACGCCGAAGCCCTCGAGGATCAGCCAGTAGCCGACGGCCTCCGCGCCCCAGGCGACCGCGGAGAGGACGAGGGTGAGCGCCAGTGGGACCGGCGCAAGACAGGTCCTCATCCCGACGTAGAGCTCCTCGAGGCGGCCCTCGATCTTCGCGAGTCCGGGGATCCGGCCCATGGCGCGGATCGTCCCCAGGGAGAGGGTCCGCGACGAGAGGAAGAGGATCCCCCCGACGCAGACGCCGCCGACGGCGAAGAGCGCGCTCGCGCCCTCGGCGAAATAGGTCGTCACGCCGATGGCGGCGAGGCCCACCACCGCGAGGGCGTCGGTCCCCCGCTCCGCGATCAGGGCGGGCACGGTCTTCGTGAGGGGGTCGCCGGTGGCCTGCCTCACGAGGTAGGGCTTCAGGAGCTCCCCGGCCTTCCCCGGCGTGATCGTCATGGCCAGGCCGGCGAGGAAGATCGACGCGTTCTCGCGGGTGTCGATGCGGACGCCGAGGCGGCGGAGCAGGTAGCTCCACTTGGCGAAGCGCAGCGCGTAGTTCGCGAGGGAGAGCCCGACGATCGGCAGGAGGAGGGAGAGCCGGAAGCTCGAGAGCTCGCTCGCCAGCGCAGGGATCCCCGCCCACAGCGAGAAGCCGAGGTAGAGGAGCGCGCCCATGGCCACGCCGATGAGCGCCCAACGCCGGAACCGCGCGATCAAGCGAGCCTAGCCCCAGCGGTGATAGGCCGGATGTCCCGGCTTCACCGCCACGAAGGTGCCACGGGACGTGGCGCAGACCTTGCCGCCAGCCTCGAGCGTGGCCTCGACGACCGCCCGATCGTCCCCGGATTCGACGATCCGCGCCACGAGGTGGACCGGCTCATTCGAAGGGATCGGCCGGCGGAGCTTCACCGCGTACTCCGCCGTGACCGTGCATGGCGGTTCGGACGCGCCGGCCTTCCGCATCAGATGCCACGCAGCCGTCCAGTTGCTGTGGCAGTCGAGGAGCGTGCCGGTGATGCCGCCGCTCAGCATGCCGGGGAAGGCCTCGTGATGGGCCTGGGGCATCCAGTCGGCGACCACCGTCTCGTCCTCGGGCACGCTTCGGATCCGCAGGCCCTTCTCGTTGGCGGGTCCGCATCCGAAGCAGATGCTGTTGGGCGCGTAGCGCTCCTGCAGGCTGGGCTGGCTCATGGCGGCCCGGAGCGTAACCCAATCTCGCATCGCCCGCCTCCTTCGAGACCCTGAAAGCCCCGCGGTGATCTATGGTCGCTCCTTCGCTCGCGTAGACCTCGTCCAAGGAGCCCCTCGTGAAGCCTTCTCAGCTGCTCGTGCCCCTCGCCCTCTGCCTCCTCGCCCTCGCCGGCTGCAAGGAGTCCTCGAAGCCCGCCGCGCAGGTGTCGCCGAAGGAAGAGGCCGGCGCACCGAAGGCCGCGCCCAAGGAGGAGAGCAAGGCCAAGGGTGCCCAGGATCCCGCGCTCCTCGACCCCTCCATGGCCAAGGCCACCGCGCCCGCCACCTACAAGGTGAAGTTCGACACGACCAAGGGCTCGTTCACGGTGGAGGTCCACAGGGACTGGGCGCCCCAGGGCGCGGACCGCTTCTACAACCTCGTGAAGATCGGCTTCTTCGACGACGTGGCGTTCTTCCGCGCGATCGAGGGCTTCATGGTCCAGTTCGGGATCAGCGGCGATCCGAAGGTGGCGGCGGTCTGGCGCGACGCGACGATCCCCGACGATCCGCCGACCCAGGCGAACACCAAGGGCAAGATCACCTTCGCGACGTCCGGCCCCAACGCCCGCA
NZ_CP012332.1_gap92	3727307	3729825	2518	CTCGCCGAGACGCTCGAGCAGCAGCGGCAGAACCGCTACGGCGCCCTCCTCGCGGTGGCCCACGACCTCCGGAACCCGCTGGCGGCGCTCAAGACGACGGTGGCCCTCACCGAGCGGCGCCGCAGCCAAGGCACTCTCAGCCCCGAGCAGCTGGACCAGCAGCAGCGCCGAATCGCCACCCAGGTGAACCGCCTCAACCGAATGGTCTCGGATCTCGTGGACATGACTCGGATCGAGCTCGGCAGGGTCGAGCTCGACACCCAGACCAACGATCTCCGCGACCTGGTGATCGAAGCCGACGAGCTCTTCGAGGACGCGTCGCCGATCCACCAGCTCGTGATGGACCTTCCTCCCGAGCCGCTGATGGTTTGCTGCGACGCGACCCGCATCGGGCAGGTGCTAAACAACCTGATCAGCAACGCGATCAAGTATTCGCCCCAGGGCGGCGTGGTGGAGCTGCGCGCCGGGACCGAGGGCCGCTGGGCCTGGGTGGAGGTCGAGGATCACGGTCTCGGCATCGCCCCCAAGGATCACCTCCGGATCTTCGAGCCCTTCCAGCGGGTCGGCCGCAAGGAGGAGATCCCGGGGGTCGGCCTGGGCCTCTCGGCGGCCCGAAGGCTGATGGAGGCCCACGAGGGGCGCATCGAGGTGGAGAGCGCGCTGGGCAAGGGGTCGACCTTCAAGATCCGGCTCCCCCTGCGCCAAAAAGACGAAGGCCCCAAGGGCGAACGCCCCGGGGCCTCCATGGATCAACGCCCGTAGAAGCCGGGAGCTACTTCGCGGCCTCGACCGCGGCCTGGCTCTTGCCGGCCTCCGGCAGGGGATGACCGGAGACGCCGGGGGGATAGCCCGGACGGCTCACGCCCACCGTGGCGCCGCGGGTCGGATCGACGTCGTGGCGGGTGAACTTGTCCCAGAGCGTCGGGCCCGTGAAGATCACGAGGAAGAGCAGCCCGGTGAGGAAGACCACGCCGTTGAAGCGGTCGTGATCGTGCTTGAGGTTCATGAAGTAGAGGACGACCAGGCTCGCCTTGACCACGGCCACCGCCATCGCGACGACGAGGTTCCAGTCGCCGAAGTGGAACTGGGAGATGAAGACCGTGATGAAGGTGAGGAAGAGCAGGCCGCCGAACACGCCCCCGTAGATCATGAGCGGGAGCGGTTCGTGGTGGAGCTCTTCGGCGTGGGGATGGCTCTCGTTCGACATGTTCAGGCCACCAGGTAGAAGAGGGGGAACAGGAAGATCCAGACGAGATCGACGAAGTGCCAGTAGAGGCCCGTGATCTCGAGCGGGGTGTAGTAGCCGCTGTAGAAGCGGCCCTTCTTGCCGAGGATGATGAGCCACAGGATCAGGCCCATGCCGATGATCACGTGGAGGCCGTGGAGGCCCGTCATCACGAAGTACAGACCGTAGAAGATCTGCGGGTTCGGGACGTCCTTGAGGCCCTCGTAGGTGTACCAGTACGACGGCAGTGTCCCCTCGTGGAACTTGTGGGGCCACTCGAAGCCGAGCTTGATCACCATGAAGCCCGCGGCGGCGACCAGCGTGATGACCAGGAAGGCCATCATCTGCTTCTGCTTGTTCACCATCGCCGAGCGGATCGCCAGGGCCATGGTGAGCGAGCTCGTGATGAGCACCACCGTGTTCAGCGTGCCGAGGGGAACCGAGAGCGTGCGGTGCGCCGCCTCGAAGGTCTCGGGCATGAGGGAGCGGAAGTACGAGTAGGCGACGAAGAGACCGCCGAACATCAGCGTCTCGGTCGCCAGGAAGATCCAGAAGCCGAGCTTCGCCGCGGAGAACTCGCTCTCCGCGTTGGCGAAGTGGTGGCCGACCGTGTGTCGCTTTACGGAGTCGGGAATGCCTGCGATCTGGCTCACGCGACCCTCCGGGAGGGGACGGGCTCCTGGTCGGGGTAGACGTAGGGCCCGGTGGTGACGTGGGGGGTATCGACGAAGTTCTCGGTGATCGGCGGCGACTGGGTCTGCCACTCGAGGGTGGAGGCGCCCCAGGGGTTCGCCGGCGCGATCCGGCCGCTACGCAGCGACTGGAGCAGGTAGGCGGCGATCAGGAGGAAGCCCACCGCCAGGATCCACGAGCCGACAGACGAGAACGCGTGAAGGTTCTGGAACTGCTCGAGGTAGGTGGCGTAGCGGCGCGGCATCCCGCGGAGACCGAGCACGAACTGGGTGAAGAACGTGATGTTGAAGCCCACGAAGAGGATGCAGGCCGCGAGCTTCGCCAGGGGCTCGTTGTACATGCGGCCGGTCATCTTCGGCCACCAGTAGTGCAGGCCGCCGATGAACGCGAAGACGGTGCCGCCCATCATCACGTAGTGGAAGTGCGCGACCACGTAATAGGTGTCGTGGAGGTGCACGTCCGTGGCCAGCGTGGCCAGCGGGAGGCCGGTGAGGCCGCCGATGGTGAACTGGATGAGGAAGGCGAGGATGAAGAGGAGCGGCGACTCCAGCTTGATCGAGCCCTTATAGAGGGTCGCGGTCCAGTTGAAGATCTTCACCG
