gap_id	start	end	length	sequence
NZ_CP117180.1_gap1	15525	19566	4041	CTTGGTAAACCTAATAACCTTCCAATCTCTTCTCTTAGCCTATTTCTTACTCCATCAGCTACATGAATGAAAGGCAAAAAACCCATTTCATTTCTAAGAAAAGGCTCAAGTTTTTCCGCAACAACTTTAACTGCTGGCTCCTTACTGGAAACTATTAAAACCTTTAGACCCTTTAATATCCCAAGCATAGCTATAGCAGTTATAGTGTAGGATTTCCCGGTTCCTGGTGGTCCTTGAATGTAAGATATTTTACTGGTTAGGGCTTTTAAAAGGGCTTCCTTCTGCTTGTGCGATAAAGTCAAGGGCAGATATTTCTCAATGTAGCTTTCTAAATCTCTCCATTGCTCTTCGTCAGGATATATTGATTCAACTTTTCTGTGGAAAAGCCCATGCATCAAAGTATTTATAAGTTCGTTTTGCACTCTACCTTTTTCTTTTAACTCCTCTTCTAAAAGCTTTATAGAGTTAAAAACCGATACCTCGTGAGGCACATCCAAAGCTAAGATATATAAAGCATTTACATCTAAAATGATCTGGGAGTTTAGTTTTTCTACTTGTTTTCGTTCCAAAAGCTCTGTGATAGTTTCTCTCTTTGTCTTAAACCTACTCTCAAGATTTAAAGAGGAATTAATTATCTCAAAACAACGTTCTGCCAACTCAGAAAATTTATAATCTTTTAAACCCTTTTCAAGAAGCTCTTCCAAACTATCTACCAATTTAGATAAAGTCTCATCTCTTAAAACACTTTGAACTACTTCTTCTACGTCAAAATCGTCATAATAACCTATTAAAGTTGATATTAGCTTGTAGTTTACAAAAATACTATCAGTTAGATTTAGCTTGTTTTCGTTTTCATCAATTTCAAGCTCCATCAATAGTAAAGGAGCACCTATAACTCTATTATCAACTTTTCCATATAAACAACCTATACCCAAAAATAAACCGTATCTATATACGCGCGTCGCTATATTAACCAATTGTCTTAAACTATCATCCATCAATATATAAGCGTTATCTTTTATTTCACCAATACTTATAGACTTTAGCACACCATATACTCTTTTTCTACCTCTACTCTTGTTTGTTATCAGAACTTTTTCTACATCGCTTGAAATACTTAATTCATGACTAATGTCCTTTATATACTTGACGTAGGCTATTACATCCTCAAAGTTAGCCAATTTACTCATTATTTATTATTTCCTCAAGAAGTTTAACAGGTTGGTTGAGTTTATTAATTACATTGTCTATTTGAGATTGCATCTCATCCATCTTTTGCATTACTGAATTTAACTCATTATGCATAAATTTAGCGAGTTGCACTAATTGTATCCCTTGATCATTTAAAGTTTTACGCAAACTATCTATGTGTGATTGTTGAAGTTCAATTGATTGCTTTGTATGAGCTAAATTCTTTTGGATTAAATTAATAATTTGTGCCAATTGTTCTTGGTTATCGTTTAAATTTTTCTTTAGCTCATCTATTCGCATCTGGTTTTCTCCGATTGATAATTTTATAGAATTTAGATGTTGTTGGACAAGGTTTACCATTTGCCATGTCTGTTCTTGTAGGCTCAGTAAATCTTTTATATAGTTTTCTAATTTCTTGCTTTTTTCATATGTAAAATAAAAACTTGCAAGGCTTACCATAGACAACAATCCAAGAACTATTAATATAAGACTGATAGTATCCATGACACCTCCTCTAGTCTTTATTTATTATAACGAAAACTACTCATCTTGTCTACCTTTTAGCACAATTTTTAAAGGTGAATACTTTATTTGAAGATGCTCTCTAAGTTTCTTTTCAAAAAACCTCAGGTAATCCTTTCTCCAAAGCTCTGGGTCGTTTGTGAATACCACAATGGTTGGTGGTCTTGTGCTCTCCTGAAAGGCGTAGTATATCTTTACTTCCTTTCCCTTCTTAGATGGTGGATGTTTTTCTCTTATGACCTTTTCTATTGCTCTGTTTACAAAGGAAGTTTTGTGTTGTATGTTGTAATCTTTCCAAACAAGCTCGCAAGCCCTAAGCAGGTCCTCCACTCCTTGCCCCTTAATAGCAGAAGTTAGCACAATGGGTGCAAAATCAAGAAAATACAGCTCCTTTCTTATATAACTTTCTATCTCCCTCTTGCTTGCTCTTACCAAGTCCACCTTGTTGCCCACTATTACGCATCCCTTGTGCCTTCTTTCTATAAGACCACCTATCTTCTTGTCTTGGTCGGTTATGCCTTCTGAGAGGTCAATCAAAAGGCAGGATATGTCCGAAAGCTCTATGGCTTTTATGGACCTACCTACAGAGAAAAACTCTACGCCGTATTCAACCTTGCTCCTTCTCCTTATACCTGCGGTATCTATGAGAACAAAGTCTTTTCCTTCAAAGGAAAAGGGCACTTCTATAGCATCCCTTGTAGTTCCTGCAATTGGAGAGACTATAACTCTTTCCTCTTTTAGTATGGCGTTTATTAGAGATGACTTTCCCACGTTAGGTCTTCCCACGAAAGCTATGCGTATGCCTTCTATACTTTTCTCCTCACCCTCTGGAATAAGTTCTATAAGGCTATCAAGAAGCTCGCCTATACCCCTTCCATGCTGTGCGGATATAGGAAAGACCCTTTCAAAGCCAAGAGAATAAAATTCATAAACTTTGTCCTCTAAGCGGTCTGTATCAATTTTGTTTATTGCCATAAATACCTTTTCCCTATATGGATAGAGTAGCTTAGCTATATACTGGTCTCCTGCGGTAAGCCATTCCCTTCCATCCACTACGAATATTATCGCCTTAGCTTCAGACAAAACTCTTTGCACCTGCCTCTTAATGCCCTCTGCTATCTCATCACCCTTCTCAAGCACACCTCCCGTATCCGCAACGGTAAAAGTCCTATCTCGCCACTGAACCACACCTTCTACCATATCTCTGGTAACTCCGGGCACGTCATGAACTATGCTTTTTCTTCTCCTTATGAGCCTGTTAAAGAGAGTAGACTTTCCTACGTTAGGTCTGCCCACTATGAGAATGTCAACCATTAGGAAACTATTCTAAAGCAAATTTCCCTTACGAAGGCTTTATAACCTTTACTTTTTCAAGGGTTATTATACCTTCCTTCACAAGTCTTGAAAGCTCAGGCAGAATTTCTTGAACCTTTTCCTCACAATCCACTATCTCTACTACTATTGGAAGGTCAGAAGATAGACTAAAGATACTCGCTTTGTGTATTACAGAAGACTTTCCATAGCCAAGTATACCTCTAAAAACCGTAGCACCAGCAATACCCTTTTCCCTACAAAACTCCACCACATACCTATAAAGAGGCTTTCCTTCGTATTTGTTGTTCTCACCAAAAAACATCCTAACCAAAATAGCGGTTTCACACTGCATGTTTATAACATTTTACCAAGTCCATATCCCAGGGCTACGAAGAGCAAACCTAACCCATTGCTAAGTAGTAAATATAGAAGTGCTTTTAACCATTCCCCGTTTAAAAGCATATAATAGGCTTCATAAAAGAGCGTGGAATAAGTAGAATATCCACCAAGCAAACCCGTTATAAGCAAAGCCCTAAGGTTTGGAGAAAGGTCAAGCCTTTCTACAAAAAAGGCAAAGAAAAAACCTATCAAAAAAGCAGAGGAAAGATTAACAAGGAGCGTGCCTACAGGAAAGTCAATGCCCGCTTTTGTTTGAATAAACTTGGAAACCAAAAACCTCAAAACAGACCCAACCGCACCACCTATGGCTATGGCTAAGAGGAATACCAAAGGACTACCCTCTCAAGGGTTATGAGACCAACTTTAGCTTTTTGAAGCAACCTTTCTATGGCTTGCATAGCCTTTTGCTCTTCTTCTACAAACTCCAACACTACAGGCAGGCTGTATGAGAGCACCTCAAGACCTTCATAATGAACCTCTCCAGTAGTCCCGTAGCCCATTATGGACTTAAGCACCGTAGCACCACCGATGCCATACTCCTTTAATAGCTCAAGCAGTCTTCTGTATGCTGGCTTGCCCTCAAGCCTGTCATCTTCCCTTAGAAATATACGAACG
NZ_CP117180.1_gap2	180681	183673	2992	AGAAGGTTCACATGCAAGTTCCCATCGCCTATATGACCGAATATAACCATCATAAGGTCATACTTCTTTGCTACTTTTCTGAACTCTGGTATGGCTTCTGAGAGGTATATCCTTGGTATTACTATGTCTTCGTTTATCTTACCTGTTTTGAGATTTCCCAAGGCTGGACCAAGGCTCTTTCTGGCACTCCATAGTTTTTCTTCCTCTTCTTTGCTTTGTGCGGTTTTCACTTCAATTCCCATAGGCTCAAGAAGGTTTTTTATATCTCTTATGTCTTCTTGGACGCTTGAGGGTGAGCCATCTACTTCTATAAGGAGCAAGGCGGATACCCTTGGCAGACCCACTGGCTTGTAGTCCTCCACAGCCCTTATGGCGTCCTCATCCATAAACTCAAGGGCAGAGGGAAATATGCCTGAGGTGAAAATTTTGGTGACCGCCTTGCCCACATCCTCAAGCCTGTTAAAGAGAGCCAGCGCGGTTGCCCTTGCCTTTGGCTTTGGTATGAGCTTGAGGGTTGCGGAGGTAATAAGACCTAAGGTCCCTTCTGAGCCTACAAGGAGCTTTGTAATATCGTAGCCTGCCACATCCTTTATAACAGGGTTGCCTGTCCTTATGGTCTGTCCCTCCTTTATGACTGCGGTAAGTCCAAGCACATACTCACGAGTGACCCCATACTTTAGACATCTTGGACCGCCTGCGTTCTCTGCAATGTTGCCTCCAAGGGTGGAATACTTAAAGGAGGAGGGGTCTGGTGGATAAAAGAGCCCAAGTTTCTCCACATACTCCTGAAACTGGGAGGTTATTACCCCGGGTTGGACCTCTGCAGTGGCATTGTCTACGTTTACCTCAAAGCTATTCATCCTCTCAAAGGAAACCACCACACCCCTTTCTGAGGTAGGCACAGCACCACCAGTTAGACCAGAGCCAGCACCCCTTGGAAATATAGGTATATCCTCTTCGTAGCAAACCTTTACCAGCTTTACCACATCTTCATGACTTTCTGGAAAAACCACAGCAGAAGGGAGAGCCCTCTCAATAGGTATAGGAGTTGCATCGTAAGAATAGAGTTTTCTCTCCACAAGAGAGGTGTTTACCTTTTCCTTTCCAAGAACTTCCACAATCTTATCTATAGGTTTTTTTCTAAGCACTCCAAACATGCCATAAAATATAAACCCAGCCTATATTTATAACAATGCCCCTTGTCAGTATGCTTTGGGGAAGTCAGGAGGGACATAGCTTTTATCCTTGGAAAATATTCTGGCTTTTGGAGAACCCTCACCCACATTGGGTAGAGACAGTAAAAGACAACCTAAAACTTGACTTCAGAGAAAGTGGCTTTAGGCAGTTTGTCTCCTTGTCCTCTAAACATCTTATTACCGATGCCATGCTCATGTTTGGGCTTGAGTATTCTCTGGAAAGAGAAAGGCTAATAGAAAGCCTCAATCCCATAAGGCTCACCGTCAGGGTAAAACCTGGTAGTTTTTTAGGCATTAGCCACCACTTTCTTGGAGCACCCTTCGAGATAGAAAATGACGAAGTGCTTAGGGAGTTCCTTTACACTTCAAGAAGACTGCTTGAGGAAGGTGGCTTTGGGTTAAGTGTTGTGGTTATATCATACAATCCCTTTGTGGAGGATATAATTTTAGAAAACTTGGAGAAGATACGCGGTCTTAACTACAGGTTTCATGGAGCAAGGCTATGATGGAAAAGGGCTACAAGGGTATTTTTAGCAAGATGGGAGAGGGTCTATTGGAAAAGTTCATAGAGGACCTAAAAAGGGAGATAGAAGAAAAGCCACAAGACCCAGAGCTTCTTTTTAAGCTGGGAGTTGCCTACACAAGAGCTGGAAAGGTTTCACAGGCAAGGGAGGTATACAAAAAGCTAAAGGAAATAGACCCCCAAAAAGCTGGCGAGCTTCTTGACATCATATACGAAGTGTAGGTTCACTTGGTGGGTTTATATATCACCGTTATGGTCCTTGCACCCACAAGAAGGGCTATACCTAAAGTCCAAAAGATCACATCAGTCCCCTTAATATTCCCGGCGAAGATATATATCATAAACTCTCTTATCATAAAGGCTATGGCTATTTCTATTAGTATTTCAATTCTAACCCTTTCGTGCTCAAAGTAGTCCACAAAAGCCCTCACCAGTTCAAGGAGTATAACTATAGACAGCACGTTGGTGACCAACTCCTTTATGCTAAGCCTCACCGTTTCTTCGGTGAACACAAAACCAAGCTCCATAATGGTCCTTCCCAAGCCCACAAAGAGCGAGAAGAGAAGTATTACTATGGCTATGTTGAAGACTATTCCAGTAAAAAACTTGTAGAGCTTTAATATCTTCTCCTGCGGGTTCATATCCTCTTGAGCTCTGAGGGAAGCTCCCTTGGTGGCACGCCCGTATATTCGGTCTCCGTTTCCTCATCAAGCCTTTTGGAGAAGGGCTTTTCCGTGGTGAGTTCTTCATAAACGTGTGCCACAAGCCCTGGCACCCTTCCTATTATGAAAAAGCCCTTTCCGAGCCTCCAATCAAAGCCCATCTCCGAGGTAACTGCAGCAATGCCTCCGTCCACATTGAGAACCAGCCTTTTACCCTTTTGCCTGCCAATTTCCTCTTGGACAGCTTCTGCAAACTCACAGTGCTTGCCATAAAAGCCAAGCTCTTTGGCTATATCCATAAGCCTCTTTGTTCTTGGGTCAAAGTCTTTGTAGTATCTGTGTCCATATCCTGGTATGGGTCTTTTTGCCTCAAGATACTCTCTTACTATATCTTCCACACTCCTTTGACTTGCCACACCCTCTTGGATAAACTTCATGGCATCCTCAAGAGCACCACCGTGAGCAGAGCCAAAGGCAAGCACACCTGCCGCAACACCCACATTGAGCGAGTTTCCACCAGAAGCGACCGCCCTTGCGGATATAACAGAAGGTGGTGCTATGCCATGGTCTATTACAGATACAAACATGGCTTCCATCATCTTGGATTCTTT
NZ_CP117180.1_gap3	303236	306018	2782	TGTTTACCACAGTAGGTCTTCCCCAAAGACCATATTGGACAGGAAAGGGTGGTTTTATCCTTGGAAAGCCTCTCTTACCTTCAAGAGATTCAATGAGTGCACTCTCTTCTCCGCATATGTAGGCACCTGCACCTCTTGCCACATAAATCTCAAGGTCAAAGCCAGAGCCAAGTATGTTTTTCCCAAGAAAACCCTTCTTCTTTGCCTCCTCTATGGCATCCCTGAGGATATAGTATCCCGCAGGATACTCACCCCTTATGTATATGAAAGCCTCATTCGCCCCTATGGCATATGCGGATATTATCATTCCCTCTATAAGAAGATGCGTGTCTCTCTCTATGAGTATTCTGTCTTTAAAGGTCCCAGGTTCGGATTCATCCGCATTGCATATGAGATACCTCGGTGCTGGGTTTTGAACCGCAAACTTCCACTTTCTACCCGTGGGAAAGCCTGCACCTCCTCTGCCCCTGAGCTGGCTTTTGTCCACCCAGTCTATTATCTCCTCAGGCTTCATGTTAAGGGCTTTTTCCAATGCCTGATAGCCACCGTCTTTGATATACTCCTCTATTGTATGAACTTTGGGCTTTTTAGCCCTTTTCAACAAAAGGTTCAATGCTGTCTCTGCGTATATTTCAGGTATAACGGGATAGGACCTCATGGAGCTTCTCCTTTGACTCAAATTTATAGGCGTCGTTATCCACCATGAAACAAGGTGCTTCTGAACATGCACCTATGCATTGCACCCCTATTAATTTAAACCTTCCATCCCTTGTGGTCTCACCTAAGGAGATGCCAAGTAGCTCCCTTAAGGCATTTAGCACCTTGTTAGAGTTCATAAGATTACACACAACGCTTACACAAACCCTTATCCTATGTCTTGCAGGTTCTCCCCTGTCAAACATATCGTAGAAGGAAACCACATTTTCCACGTGGCTTAGTGGCACTTCCAAGAGTTTTGCCACTTCCTCCAAGGCAAAAAAGGGTATATGTCCGTAGTGGTCTTGGACTTCGTGGAGACAAAGCAACACAGCCTGTTCCTTTCTTGGAAAATACTCCACATGTTCCCTTAGCTTTTCCATTAGTTCCTGTGGCAAGACACCCATCAGTCTTTCACCTCGTCGCTGAATATAACCTCTGGCATATTAGCTTCTATTATATTCCCTTCTATTCCCATCTGTAGCAAAAGTCTTACCGCACGCCTGCCATCTTCTCCATAATCTAAGGTTCTGTGGTTTACATACATGCTTACAAACCTGTTGGTTCTTTCTGTGTCTTCTTTTATATCCCTTGCATACTCTCTGGCAAAGCTTAGGGCTTCTTCCCTATGCTGTAATGCATACTCTATACTCCTTCTCATTAGCCTCTCCATCTTCCTTATTATCTCAACACCGAGGTCTTTTCTTATGATATTGCCACCAAGAGGAAGCACAAGATTGGTCTTCTCCATCCACCATTGACCCAGGTCAACAACCTTTTTTAGCCCTCTATCTTGATAGCTTAGCTGTCCCTCATGTATAACAAGCCCTGCGTCCACTATACCATCAACCACAGCATCTAAGACCTTGTCAAAGGGGAAAAGGACTTCCTCAAAGTCTAGTTCGTAGAGCTTTAGGACAAGATATGCAGTGGTAAGCCTTCCTGGAATTGCGACCCTTTTGCCCTTTAAGTCTTCTAAATCCTCCTTGGCGACCACTATAGGTCCGTAGCCTTCTCCCACGCTTCCACCACTGGGTAGCACCAGATATCTGTGTGCCACATAAGGATAGGCGTGAAAGGATATAGCGGAGACCTCATAAGTTCCCTTCAGGGCTTCCCTATTGAGGGTTTCTATGTCCGCAAGCACATGCTCTATCTGAAGACCCTCCGTATCTATCTTGCCTGCGGTTAAGGCATAAAACATAAAGGCATCATCTGAATCAGGACTGTGAGCTATCCTTATCCTCATGTCTTTTCTCCTTAAAGAGCTCTGGAAGTTTTAAAATATAGGCATAAATCCTTTTCCATTTGGACCACTCCATAGCTGAAATAGCCCCTCCGTAAACCTTGCCACCTTCAAGGCTCTTTGACACCCCAGCCTTTGCAGATACAATAGCCCCATCTCCTATTTCCACATGGTCTGCCACGCCTACCTGCCCTGCCAAGATTACTCCCTTGCCCGTCCTTACACTGCCAGAAAGCCCTACTTGAGACACTATAAGGTTACTCTCACCTATCTTGCAATTGTGTCCTACCTGCACCAAGTTATCTATCTTGGTATTTTCGCCTATCACCGTCTGGTCTATAAGAGCCCTATCTACGCAAGTGTTTGCACCTATCTCCACATTGTCTTGGATGACCACCCTGCCTACGTGGTTTAGCTTGAAGATGCCCTCTGGACCCACATAGTAGCCAAAACCATCCGCACCTATAACAGAACCGCTATGAATCCTCACACCTTCACCTATCACGCAGTAAGGATACACGTGAACTCCGCTGAAAAGCACGCTGTTTTTACCTATCCTCACACCTTCCCCTATGTAGCAAAAGGGATAAACCTTTACCCCATCCTCAAGCACCACATTCTTTCCCAAATAAACGAAGGGTGCCACATACACATCCTTCCCTATCTTTACACCCTCTTCTATGTAAGCCTTATCGGATATGCCAGAGGGATGTCTCTCTGGGTAGAAGTGAGACAAAAAGCGTGCAAGGGCAAGCCTCACGTTTTTAACCCTTATGTATGTGGGAAAGTCAATGTTCTGAGTTACCACTGGGACTATTTGCATACCCTTTAAATTCTCCA
NZ_CP117180.1_gap4	307256	311961	4705	GAATCCTTCCCACAAACTCTGGTATAAGCCCATAGTGTATAAGGTCATCCACTTCCACAAAGTGGAGCGGGTTTTCTCCCTTGTCAAACTTTCTTATCTCCGCCTCAAAGCCTACCACAGACTTTCCAAGTCTTCTTTTTATTATGTCTTCAAGCCCTACAAAGGCACCACCGCAGATAAAGAGGATGTCTGTGGTGTCTACCTGTATGAACTCTTGGTGAGGGTGCTTTCTTCCTCCCTGTGGTGGCACGTTAGAAACCGTCCCCTCTATTATCTTCAAAAGGGCTTGTTGAACACCTTCACCAGAGACGTCTCTCGTTATGGAAGGGTTTATACCAGCTTTTTTGGCTATCTTGTCTATTTCGTCTATGTATACAATTCCCTTCTGTGCAGCTTTTACGTCGTATCCGCAGTTCTGCAAAAGCCTTACGAGGACGTTTTCCACATCCTCACCCACATAGCCTGCCTCTGTAAGCGTGGTTGCATCTGATATGGCAAAGGGGACATCTAAGATTTTTGCCAGAGTTTTCGCCAAAAGGGTTTTACCAGAACCCGTAGGACCTATTAGTAATATATTGCTCTTTTCCACCTCTACGTCGTCAAGATTGAGACCGAGCTCCTTCGCCCTTATTCTCTTGTAGTGATTGTATACCGCCACAGAAAGCACCTTCTTTGCCCTTTCTTGTCCTATCACATACTGGTCAAGCTGTCTCTTTATTTCCTCAGGCGTGGGAATTTCCTTAGAAAGGCTATAGCTAATGTGTTTTTTCTGGTCTTTTATTATGTTGTTGCATACTTCTACACATCTATCGCATATAAAGGTATCGTTTGGTCCTGCTATTAGCACCAAAACCTCGCTCTGAGACCTTCCACAAAAAGAGCAATGGTTTTCCTGTTTTTTCCTTGACATATTAGCTCCTTTTTTCTATAACTTTGTCTACTATACCGTATTCCATAGCTTCCTGAGCAGACATAAAATAATCCCTTTCCACATCCTTTTCAATCTTCTCTAAGGGCTGTCCAGTGTGCTTGGAGAGGATTTCATTTAACATATGTCTTATCCTTCTTATCTCCTCCGCATGGATTATTATGTCTGTTGCCTGACCTGATATGCCTCCAAGGGGTTGGTGTATCATTATCCTTGAATGGGGCAGCGCATACCTTTTACCCTTTGCACCAGCAGAGAGCAAAACCGCACCCATGGATGCTGCCTGACCAAGGCATATGGTAACCACGTCAGGCTTTATGTATTGCATGGTGTCGTATATTGCCATGCCCGCGGTGACAGACCCACCAGGTGAGTTTATATACATGTATATATCTTTTTCTGGGTCCTGAGCTTCAAGGAAAAGAAGCTGAGCGACAATAAGGTTAGCTATGTGGTCATCTATGGGAAAACCAAGCAAGACTATTCTATCTTGTAGAAGCCTTGAGTATATGTCGTAAGCTCTTTCACCTCTTGGGGTTTGCTCAATTACTATGGGGACAAGTTGGTCAAGTATTTTCATTTTTCTCCTCCTTTTTATCTTCTGTCTCCTTTACTACAGCTTTTGAAACTATGTCCTCAAGAGCCTTTTCTCTCTTTATGTCCTCTTCAAGGACTGGTAGCAGGTTTTCCCTTTCCAAAAACTCCCTCATCTCCTCCACTGTGCGTTCATAAGCCCGTGCCAGAGTTTCTATCCTTTGCTGGATTTCTTCAATGCTGACTTCTATGTTCTTTTGTTGGGCATATTTCTCTAATACGTATCTGAGCTTTATGTTAAAGACCGCCTGTGGTGTAAGCTCTTGGGCTATAGCCTTGTAGTCCAGATACTTGGGGTCTATTCCCCATTGAGATAGTTCCCTTACCTTTCTTTCCACAAGATGTGATAGCTCCCTCTGGAGCAGTGTTTGAGGCACTTCAAACTGGTGGAGCTGAACCAACTTTACAGCTACCGCATCTGATATCATAGCCTTTCTCAAGTTTTCTAAGCTGGCTTTTACCTCTTCTCTTATCTTCTCTTCCGCTTCCGCCCAAGTCTCACCAAGCCCGAGTTCCTTCGCAAAGTCGTCGTTTAGCTCTGGAAGCAGTTTTTCCTTTATACTCTTCACGGTAATTTCTACCCTTGCCTTTCCAGCGGGTTTACCTTCCACATCATAAAGGGTCAGGTCATCAAGCACGAAGCTATCGCCTTCCTTTTTGCCTATCAGCTCTTTCTCTATTTCTTCTCTGAAGGTCCTTGTGCCAATAACTCCAGATGTCTCCCCTTCTGTGGTCTCCCCGCTCTCTAACTCTTGAACCTTGTAGTCCACAACCACTAAATCTCCTTCCTTGACTTCCCTTTCCACAGGCTCCCAAACCGCGTGCTCTTGTCTTATCTCCTCTATCCTCTGCTTTACCAGGTCTTCATTAAACTCAACCTTTTTTATCTCCACCTCAAGCCCTTCCACATTTTGCAGTTCAAACTCAGGGGGCACTTCAAAGGATATGCTATAGCTTAGCTTTTGTCCTTGCTCTTCTAACTCTACATTCTCAAGGTATATGTCCGCAACAGGTTTCAGACCACTTTCTTGTATTGCACTTGACAGAGTAGCGTTTGCAACCCTTTTGCCTACTTCTTCCCTTATGTATTCTTTGAACTTGGCTCTTATAATCCACAGAGGTGCCTTACCCTTCCTAAAGCCTTCCACTTCTGCATTCTGTCTGAGGTAATTGTATACCTCATCAAGAGCGGACCTTACCACATCACCTTCCACCTCAACTTTAAGACTTTTGAATAGCCCCTGCTTGTCTTCTACACTAATCCTCATGCAAACCTCCTATTCTTGGTGCGGGTGGAGGGAGTCGAACCCTCACGGGTTATCCCCACAGGATCCTAAGTCCTGCGCGTCTGCCAGTTCCGCCACACCCGCTTAAGAATAGAAAATTATAACCTGCTTTTGGTCAATTCAACCTCTTACAAAAGCCCTATATTTACATAGACTATGGAGAAGTTTATAGAGATACCTCTTGACCTTGCCCAAAAGTGCGTAAAATGTGGACTTTGTAAGTCCGTATGCCCCACATACCCATACATACAAGAGGAGGCTGGCTTTGCACGTGGCAGGCTTGCCCTTGCGGAGATGGTGGTAAAGGGAGAGCTACCCCTCTCTGAAGAGGTTGCCAAGCAATGGGACCAGTGTGCCATGTGTAGAAGATGTGAATGGATATGTCCCAACAACGTGGAATACAAGGAGATTTTGGTCCATGCAAGGGATATGCAAAGGGATAATCTGGGACAGGGAATGGTAAAAAGTCTTGGTCTAAAGTCCTTGGAGTTTTTGCAGTCAAAGGCAGGTAGAAAGGTGGTAAAGTTAGCTGGAAAACTTTTTAGCCCCTTGCCTTTTGGAGAGATAAAAACGCCCTTTCCCACCGGTGCGGTGAAGTTTATGCCAAAGCCTACTGCAGAGGCTTTTGGACTAAGAGGTAAGGTCTTTAAGGCTCAGGAAGAGAAGGGAAAGCTCCTTTTTTTCACAGGCTGTATGATAGATGCCTTTTATGGAAAGACGGGTGAGAACGTTATAAAGCTTATAAACAAAGCAGGCTACACGGTGGTTGTCCCAGAGGATATAAAGTGCTGTGGTGCACCCCATTACTACTCTGGAAACCTTCCTGCCTTTGAGAGATTAAGAGACCATAACCTCAAGGAGATGGAAAAGTATGAGTTTGACGCAGTGGTGGTTGCCTGTCCCACCTGCGGTGGAGCTTTGCAGGAAGACTATAAACTGCAAAAACCCGTCTACGACTTTGCGGAAATAGTCTTCAAAAGCCCTTTGAAATTCAAAGGCTCTGGAAAAGTCCTCACCTTCCACGTGCCATGCCACTCCTACAGTGCCATGAAGGTAAGCGACAAGGTCTTCTACGGTGTCATGGAGAGGATTGAAGGCGATGAGGTAAGAAAGGCGGAAAAGGACAAGTCTTGCTGTGGCTTTGCAGGGCTCTTTTCCATAACAAACCCCAAAATGTCAGACCAAATACAAAAGGAAAAGGTCCAAGACCTTCAGAAAACTCAAGCGGATGTGGTGCTTACCACCTGCCCAGGCTGTGTGCTTAATTTAAAGGATGGAGTTAAAAAACATAAAACGGGACAGGAGGTCTTGCACTTGGCGGACTATCTGGCACAAAACCTTGAGGATTGATATATAATTGCACTATGCGAATATTAGTAACGGGAGGGGCAGGCTATATAGGCTCTCATATGGTAAAGCTCTTAGGTGAGAGAGGATACCAAGTCCTTACTGTAGACAACCTCTCAGATGGCAACCCTTGGGCGGTGCTATACGGAGACCTCAAGGTGGTAGACCTTCTCAACTACAAAGCCCTTGAGGAAGTCCTGCTTGAGTTTAAGCCAGAAGCGGTTATTCACTTTGCTGCAAAGGTAAAAGTCCCAGAAAGCGTTAGAAAGCCACTGCTATACTACGAGAATAACTTCATGGGAACTCTCAACCTTCTTCAGGCTATGCAAAGAGCTGGGACGCAGTATCTCATATTCTCCTCCACCGCTGCAGTTTATGGCATACCAGATAAAGTCCCAGTAAAAGAGGATGACCCAACAAAGCCTATTAATCCCTACGGCTGGAGCAAGCTATTTACAGAGCAGGCAATAAAAGACTTCTCCTATACCACAGGCTTAAAGTATGCCATTCTCAGGTATTTCAACGTAGCGGGTGCAGACCCAGAAGGAAG
NZ_CP117180.1_gap5	339956	344945	4989	CTCATCCTTTGGTCGGTTATTATATAATCCTTATCGTCAAGGTCTATAGTTCCTTTAAGGAAACCTGTGTTGGGCTCAAGACCTATGAAAATAAATACGCCATCTACTGGGAGTTCAGAGAAGCTGTTGTCCTTTGCGTCTCTCAGGAGTAGCTTTTCCACAAAATCGCCACCTTTTATCTCTTCTACCACCTTGTTTGGTACAAAGGTTATCTTTGGGTTTGAAAAAACCTTCTCCTGGAGATGCTTTTGAGCCCTGAGTTGGTCTCTTCTGTGAACGAGGTAAACCTTGCTGGCAAACCTTGTTAGAAAAAGGCTCTCCTGTGTGGCTGAGTCTCCACCTCCAATTACTGCTATAGGAACTCCCTCAAAGAGAGCACCATCACAGGTAGCACAGTAAGAAACACCTCTGTTTAAAAACTCCTCTTCTCCCGGGACTCCAAGCCTTCTTGGATTTGAGCCTACGGCAAGTATAACAGTCTTGCTTCTAATAAGCTCGCCCGTTCTCAAATGAAGAACTATTTCCTTCCCAATCTTATCTATTTTTATGACCTCTTTTTTGAGTATCCGCAGACCAAACCTTTCCGCTTGCTCTCTAAACTTTTTTGTAAGCTCCTTGCCACTTATACCCTCTGGAAAGCCCGGGTAGTTTTCCACTAAGTCTGTGATGGCTATCTGCCCACCAAGTGTTCCCTTTTCAAAAAGAAGAGTGTTAAGCTTTGCCCTTGCACAGTAAAGCCCTGCGGTCAAACCCGCAGGACCACCACCTACTATAACACAATCATAGAATATATCCTCAGAAAGCTCCACCATCACAAGTGGCTGCTAATCATCTGTCTGAGAGCTTCTTTTGGTTGGACTCCAATGCGTGTGTCCACCACTTCACCGTTCTTAAAGAGCATTATTGTTGGTATTGCCCTTATGCCATACCTCATGGCTATGTTGGGATTTTCGTCAGTGTTTAACTTGCCAAACTTTACCTTATCTCCCATTTCCATCGCCAGCTCCTCTACTATAGGAGCTATTATCCTACAGGGTCCGCACCAAGGAGCCCAGAAGTCCACCACCACAGGCTTGTCAGAAGTGATAACCTCCGCTTGCCAGTTGCTTTCTGTGAGAACTATTACCGCCATATTACACCTCCTTGCTAAGTATTTCGTAGATTTTTACCACCCTTTCATCTTTGATGTAATAGCACACTATAGACCCATCCCTTTTACATCCTACTATGCCTCTGCTCCTGAGTATACTCAAGTGTTGAGAAACATTAGGCTGTGAGGTATGTAGAAGGTCGCTAAGGTTTTTCACACACTGCTTGCCTTCAATAAGCACTGCCACTATCCTTAGTCTGATGGGATGAGCCAATGCCTTTAAAAACTCTGCCCACTCCTCTAACTTTTCTTCGCTTAGCATCTCCACTTGCATATTTTCACCTCGTATGCTTATATTCTATCATAGGAATATGGAAAAGGTATACATTTATAGAAAAAGGTCAAGACAGCTTCACTACGCCTTTGTGGCTTCCTTGGTTATCTTATACCTTGCCTGCATCCCCCTATACTTTTACTTTAGGCTTCCCCTCCACAAAAACTTAGTGAACTTCTTTACCTTTTTTGTGGTAGCAACTGGAATAGTTTCCGTCCTTCCCGCAATCTTTATAAAAAGGAAGGTATTCCCTGTGGATACCACGAAGGACCCTTACTGGAGCTACACCGCCACAAGAAGGTATTTCTGGCTTTATGTCCTGTGTCTTGTTCCCTTTGCCTTTGCCTTGCTAACCTTTATAGCCTTTGCCTCTTTTCAGGTTTTGTCCGCCGGCTTTCTGGTTAGTCTTTGTGGTTTAATATTAGTAAGACCAAAAGAGGAGGATATAAGATGACCAGAGAGGAGGCTATTCAAAAACTTCTCCAAGAAAACAAGGAGTTTAGGTATCACTACGAAAAGCACCATGAACTTGATGCACAGGTGGACAAACTGGAAAAACATCATCCCATGACCCATGAACTGGAGATGGAAATAGAAAAACTAAAGAGGGAAAGGCTATACCACAAGGATATGATGGAAAAGATACTAAACGATTATCTTAAGGGAAACTCATGAAAAGCTATACCGCATATTTGACCTTTAACACAAAAAACAGAAGAGAGCTTATAAGGATAACAGACCAAGTAAAAAAGATAGTGGAAGAGTCCGGCATAAGAGAAGGTCTTTGTCTCGTATCTTCCATGCACCTTACCGCTTCTGTGATAATTCAAGATGACGAAGAGGGGCTTCACGAGGATATATGGAAATGGTTAGAAAACCTCGCACCCTATAAGAAGGACTACAAACATCACAAGACAGGTGAGGACAACGCTGACGCTCATCTTAAAAACCTTTTAACTCACCTCCAGGTAGTTTTGCCAATTACCAACGGAAAACTTGACCTTGGACCTTGGCAGGAGATATTCTATGCGGAGTTTGACGGACAAAGGAACAAAAGGACGATAGTCAAAGTAATAGGTGTTTAAGTGCCTCTTGTCTTTCCTTGCATTTTTCACATACTCCACAGGGGATTATCTTACCCATAGATTTCTTTGGTCTAATGCAAGAAAGGGTCTTATCAAGAGGCACACCTTCTGAAAATCCTCTTATTACTTCGTGTTTTTCCATTCCCATAAAGGGCGTTAAAAGTTCTACGTTTATAAGAGATTGCAAGCGTTTCATATAGTCCGCGTTGTTGTCAGGAAAGGGATATATGCCCAAACTGCCTATGGCTACGCATTTTATTCCTTTTAGCAATGCATAGTTTCCCGCCATAGCAACAAGGTTTATGTTTCTGAGAGGAATAAAAAGGTTCTTATCATGCTTTCTATCCTTTACCCTTTCTGGATTTAACGTGGTTAAAACTCTTAGTGGCATTAGGTTTTTGTATTTTTTCTTCGTATAGAGCCACAGACCTTTTGCCCTTTCAAATTCAAGGCTTTCCCAAGGATATCCTGCCTTTACATAAACAGGATAAACGAGCCAACCCTTTTTTAAATACATGTATAGCATGCATGTGCTTTCCACACCTCCACTAAAGAGCACCACTACCTTATGAACATTCACCTGATATATGCCTCCCGCTGTCTAACATAATAATTTCTCCTGTCATGCTTTCCACTTCGAGAAGGAGTTCTGTAAGTTTAACTACATCTTTTATAGATACAGTTCTCTTAAGAGGTGTTTTGTTTACATACTCTTGCCACTTTTCTTCAGAAAAGTCTGGAGGTTTTACAGTAGGACCAAGAGCTATGGCGTTTACAAGCACATGAGGTGCAAACTCCTTGGCAAGCACCTTTACCGCTGTGTGCAAAGCACCCTTTGCTAAAAAGTAAGCCGAGTAGTTTCTATAGGGTGTAGTGTTTGTAGCCCAATCGCCAAAAGCAATTATTCTACCCTTTGTTCTACCTTCGTTTTTAAGCATATAAGGAAAGACCTCTTTGCACATTACTACAAAGGCTTGAGCTATGGGTTTAAAGTGATAGTCCAAGTCTTCTTCTCTTAGGCTCTCAATAGGCGTAGGCTCATAGGGGCTTGAGAGATGCAAAAGGGCATCAACACCACCGAGCAACTGCACAAGTTCTCTTGTTGAACCTTCCGCTTCCTGCCAAAGGCTTAAGTCCGCTCTAACTCCATAAACTCTATCTCCAAAGGATTCTCTCAACTCTTTGTAGACATGCTCAGAGCCCTTATAGACAAGACCTACACTCCAACCCTTTTCAAGAAGACTTTTAGCTATTTCATAACCTATCCTTCTCACACCTGTTATTATGGCTCTCTTCATGGCTATAATTATATGCGTGAGGAGTGTTCTTATAACTGCCACAGATACTGGTGTTGGTAAAACCTTTATTAGCTATAACTTAGTTTACGCCCTCAAAGAGAGAGGCATAAGGGTTGGCTATTTAAAGCCCGTTGAAACAGACGTCAAGGAAGTTCCTGCTGACGGTAGCCTCTTAGCTTCTCTCACAGGTCAGAGCCTTGAAGAAGCAGTCCCAGTAAGATACAAACTTCCTCTCTCTCCCTATGCTGGAATTTTGGAGGAAGGAAAGGACTTTTCCCTTGATGCCTTGAGAGAGCGTTATGAAAAACTTTTAGAAAAGTATGAGTTCCTTGTGGTAGAAGGTGCAGGTGGTGTTGCAGTGCCTATAAAAAGAAGCTACGATTATGCAAAACTCGCAAAGGACTGGGGATTAAAGACCATACTTGTTGCAAGGGCAGGTCTTGGGACGATAAACCACAGCTTTCTAAGTTGGTATTACATGAAGTCTATGGGCGTAGAGCCTTTTGTGATAATTATGAATGGCTTTGAAGGTAAGGACATCTCCGAGAGGACAAACCCAAATATAGTGGAGGAGTTAACGGGTGTAAAGGTTATAAAAATTCCAAAAATACAGGAGCTTTTGCTACCTGCGGAATACAGGTCTTTACTTGCTGAGCTTGTCGGGTTCTAATCGGTAATAAAAGGCTACTCTTTCCACAAGCTCTTTGAAATAGGGTGCGGCCACCGTGCCTCCATATGGGTCGGGTCCTCTTGGTCTGTCCACCATTATACCCGCTATATACTGTGGGTTGCTGGCAGGAAAGTATCCTACAAAATATGTAACTAAGTCTTCCCTTGAGTATCTTCCTGTCTTAAAATCAAACTTTTGGGAAGTGCCAGTTTTGCCTGCAATGCTAAAGTAGTCCGATTTAGCCCTTTGAGCTGTTCCTTCTTCAACTACCTTTGTAAGGTTTTTCTGTAGCCATTGAAAAACCTGTGGTGAGAATATGTTTTCTCTTAAAACCTCAGGTTCATCATCAAGCAATATTCTTGGCTTTACTATCCTGTTTGTAGCCAAGGCATTAAAGCTCACACACAGGTTCAGAAGGTTTGAAGCCATACCTTGACCTATGCTCGAATAGAGAATGTTCGCAGGATAATTAAAGTTAGGCAACTTAGGCTTTGCCTCTCCTGGAAGAATAT
NZ_CP117180.1_gap6	491078	495445	4367	GCCTTCTTAGATAGTTTCCACCCGTTGAAAGGCACAAGTCTTTTGCGTTATAGCCTTCCGCGAGTATCTTGTTGTTTATAGGGTTAAAAACCGCAAGGCGTCTTTTGTGTCCCCAGACCCTTAGGTCGCCTGCTATGGACAAAAAGCCCCAGTCCGTTTTCAACAGCTCATAAGCCTTCTGCACCGCATAACCCTTGCCAACACCCCCAAGGTCTATAGCCATACCCTCTTCCAAAAGACAGACCCTATTCCCTTCTATCCTCACCTTCCTATAGTCTATGAGCCTTTTGGCTTCCTCTTCCTTTAGCATACCCTTCCTTTTGTAGTTTATAGTGTAGCTTCCCACTGTTATGTCAAAAGCACCCCCTGTCCAACTTGATACCTCAAGGGATTTTTTTATGACCTCAAGGGTCTCTTCAGAGACTTCCACACAACCCTTGCCAGCCTTCTGGTTTATCTGAGACACTTCAGAGCTTTCCAAGTAGTCAGAGAGCTTCTCCTCAAGGCTTCTCATGTATCTATAGGTTTCATACTCTTTACCTTGAGGAAGTTCAATAAGGGCGTATGTCCCCATTAGGTGGAAAAGTTTCTCCTGTGGGAAGGCAAAGGCTATAAAGAGCAAAAGGGCAAAGAGCCTCACCTTCTCCTCTGTCTGCTTGGTTGTTGTTTTTGTGGTGCCTTTGGCTCTTGCACAGAAACTTTTACTTCAAAGTCCTTTATAACCACCCTTGCAGGTTTTGCCCTTCCCTCCTCAAAGACAAAGCTAAGCATAGGATGGTTTTCCAAGCTGTAGGACAAGGTTTCATCTGCGAGTATACCACTTACAAAACCTAAACCCAAAAGGGAGGGTTGAAGCACAAGGCTTGGTTTTTCCTGATATTTTAGCACCCTCTTTAGGTCTTGGTTAAACTGGCTTTGCACCTCTTCGTGAGGTCTTTCTCCAAAATAAGCCATGTAAACATGAAAGGGCTGAAGAAGTTTGAGCCTTTCCTCAAGACCCTCTCCACCCTTTACATAGTAGGCTTCAACACCCAAGGTTTTCAAGGAAGCCACCAAAGAAGCAGAAAAAAGGGCACACAGGTCTGAGGTCTCCATATAGACCACTGCAATGCGGTTATAGCCCATGTCCTTCAGTAGCTTAGCTATTTGGACGCTCGCATTTATGCGTGAGTTTGCCCTCTCTGGCACAAGAAAAGGGTTCACCTGCTGAGCGGGTAAAAAGGCAGCAACTGACAGAATTACACCAAGTCCCAGTATGTATTTCCTCATGACCTTCATTATAATACATAACTGTGGAAAACTTTAAGGAAAAGCTCAAAGAGTTAGAAAGGCTTTCGCTTGACCCCTTTAAACCAGAACCCCTAAGGGAAGAGCTGGAAGATATAATGAAAAGCATCCCAAAAATGAGCAAAGAGGAAAAGGAAGAGCTTTTGAGGTTTCTCCAAAAACTTGAGAAAAGACTTGAAGAAAATCATCGTATATGCTTTGGCTGGATAGAAGAGGTCTTTAAAAGAGGCTTTAGGAGGCAAGTGTGAGACTTCTCATACTTCTTGTCCTTCTTAACCTTTCCTTTGCCCTTGATAGAAGCTCAATAAACGAGCAATCCTATAGGCTTATAGAATACATGAAGAGAATAGAGGAGTTTCCACAAAGGCTAAGAGGAGAGCAGATAAAATATTGGATAACTCAAGACCGCTTTCCGGAGGGCAGGCTTTTCATAGGAGACAGGCTTTTTACAGAGAAAGACCTTGAGAACTTTATGCAGGAGGCTAACCTTTCTGCCATACCAGAAGAGGTTTATGTGCGTTATGGCTGGACCCTAAGAAGGACCAATATGCGTATGTATCCGAGCGATGCGGTGGTTCACAAGGGAAACCCAAAAATAGACTACAACCAGTATACGCTTCTTGAACCTCATACCCCTTTGGCTATACTCCATAGTTCAAAGAGTGGAAAGTGGTTATACGCGCATGCACCCTATATGAGAGGCTGGGTAAGGAGAGAGGATGTGGTTTTTGTGGAAAGAAATGAGCTTCTCAAAGTTATGAGCTTGCCCTTTTTGGTGGTAACCAAGGGAAGTGTAAAGGTAGATAACACTGTCTTTGGACTTGGTTCAAAGGTCTACTACGAAGAGAAGAAGGGAGACCTCTACAAGGTAGTCCTTCCAGACAGGAGGAGGGTATGGATAAAAAGGACAGAAGGTCTTGAGGAAGGCTATATAGCCTTTAACGAAAGAAGGACTAAGTCCATCTTAGACAGTCTTCTTGGCACACCTTACGATTGGGGTGGAAAGGAGGGAAGGTGGGATTGCTCTTCCTTGGTGCAAAGCCTTTATGCCATATATGGACTTGAGCTTCCAAGAAACTCCTCCCAGCAGGCACAGATAGGCAGGCTCGTAGCGGAAAGTTTTGGTAGCTACGAAGAGTTTAAGGAAACTCTCAAAGCCCTGCCACCCTTTAGGACGCTTCTTTTTATGAGAGGTCATGTGATGATATATGGAGGTTTTGAGGAAGGTCAGCCAGTTATCTACCATGCGGTTCATAGACTAAGAAGAGAGGATGGGTCTCAATGGCATGTAAACAGCATCTATAAAAACCTCCTTGAAAGAGACGGGTTGAGAAACCTGTATAAATCTATAATAGCGGTGAGGGTGCTTGACTAAAGCTCAAGGTTTTCTCCAAAATCTGGTATGTGAGCTTCAAAACCTAACCTTTCCTTTATTTCCTTGCTAAAGACCTTCATTTTCTCCTCTTCTCCATGCACTAAAAACACTCTCTTGGGCTTTGAGGTGTAAGAGAGCCACTCAATAAGACCCTGCTGGTCCGCATGGGAAGAAAAGCCGTTTATGGTAAAAACCTTTGCTCTAACCGCTATCTCCTCTCCAAATATCCTTACACTTTCCGCACCCTCTATTATCTTTCTTCCTAAGGTTCCACGAGGCTGATAGCCTACAAAAATAAGTGCACATTCTTCACGCCAAAGGTTGTATTTAAGATGATGAAGCACTCTTCCGCCGTTAAGCATACCAGAGCCTGCGATTATTATTGCACCAGAGCTTATTGAGTTTATGGCTTTTGATTCTTCCACTTCCTTTGTGTAATGGAGGTTGGGAAGTTCAAAGGGATTTCTCTCCAAAAAGACCCTGTAGGTTTCTCTGTCGTAAAACTCTGGATGTGATGTAAAGAGCTTTGTTATGCTTATGGCTAATGGACTGTCAAGGAAGATTTCACACCTTGGGAGCCTGCCTTGTTCGTAAAACTCCCTTAGCACATAGAGTATTTCTTGGGCTCTCTCAAGGGCGTAAGAGGGAATTATTACGTTTCCACCTTTTCCTATAGCGTACCTTATGGCATCAAGTAGCTCTTCCTTTGATTCTTCAAAGCCTTTATGATTTCTGTCTCCGTAGGTGCTTTCTATAAAGACGTAGTCCGCAGGAGAAGGTGTATCTGGGTCGTGGACTATGGGCTTGTTTTTGTTTCCAAGGTCTCCAGAAAAGATTATTCTCTTGTGCCTTTTGTCCTCGTATACTTCAAGCTCCACAAAGGCAGAACCAAGAATATGTCCAGAATCTCTGAGTTTTAGGCTTATACCCTTAGATAGCCTATACTCTTGCCCGTAGGCAAGCCTTATTTTGAAAAGCTCCATAGCCTCTAACACATCGTATTCTTCATAGAGTGGTGGTTCTGGCACTTTCCCAGTCCTTTGGAGCTTTTTTAGGGCGGTTTTGTAGTTTTCATACATAACCTTGCTGGCATCAAGGAGCATAAGTCTGGCTAACTTGGCGGTAGGCTCTGTGGAGATTATCTTACCTTTAAAACCTTCTTTTACAAGGAGCGGTATCCTTCCACAATGGTCTATATGAGCGTGTGTAAGCACAAGGTAGTCTATTTCCTTTGGGTCAAAGGGAAAGGGTTCACGGTTTTTCCTTTCCTCAAGACCTTGAAACATTCCACAGTCTATAAGAAGTTTTAGACCCATTGCCTCCACATAGAAACAGCTACCAGTTACCGTCTTTGCACCGCCGTAAGGAATAACTTTCATGTCATGGTTTCAAGGTATAGCTTTGCCACCCTTTGAGCTAAGGCGTTCATCCTTCTTATATATCTTGCCCTTTCTTGGACAGAGATAACACCCCTTGCGTCAAGAAGGTTAAAGGTATGAGAACATTTAAGAAGATGGTCATAGGCAGGAAGCACAAGACCTTCCTCAAGAAGTCTTTTGGTCTCCTTTTCGTATATTTCATAAAGTTCAAAAAGCACCTTTGGGTCTGATTTTTCAAAGTTGTATACGCTCCACTGGTATTCCGCAGGCTTAAAGACCTCTCCGTAGGTAAGCCACTCGTTCCACTTTATATCAAACACACTGTC
NZ_CP117180.1_gap7	497205	498731	1526	ATCACACAGTCATAAGCAAAGCTCGCAATCTCTTGAAGTTTGCTCTTCATGTTTTCACCTCCCTTAGCTTTACCCTACCCTTACCCGTAGTCATATCGCCACCAAGCCACATCTCTCCCGGCAAGGAATATTCAATGTCCTCATCAAGGAAAAGGTTTACAAAAAGCACGCTCTCCGCAGGCAAATACTCGCTTGTCCAAAGTGCACCGCTTGCCACCGTTCCCTTGTCTGGGTCTATCCTCACATGGGTTTGCACCTCTGTATAGTTTTGCACAAGCTCAGAAAAGACCGTATCGCTCACACACACCACCCTATGCTTATAGCCTATCCCAAGAAGGTCCACAAACTTTTTGAAGTCTTCTCCAGCCTCCTTTGCCTTAAAGACAAACTCCTCAAGCACTACCTGTTTGTCTATGGCTATCTCCATAGAGTAGCAGAGGGCTTCCGTGTCTCCAACCTTTTGTGGAGGGATATCCATACCCACAGTTCGCGCAAACCTGCTTATAACATAGGGACAAGTAACCAACAGGAATATGTGGCTTAAGCTCCTCACAGGAAAGAGTAAAATGCTTGCATCACCAAAAGACACCTTTCCTGCACTTCCTTCTTCTAACTCTCCAGCAGTGCCAAATACAGACCTTAGGTATTCCAAGTCATCCTTTATCTTTTCTGCCTCATCCTCTTTTAGCTTTTTGCCTTTGCTAACCTCTTCGTCCAAGTCAGAGAGTTTCACTCCCGAGTTGGCAAGATGTCTTTTCCAGACTTCTCTAAGTGCATACTCCCTTGCAGAACCTTTTATGGCACTGCCGGGAACAAAGGGAAAGCCTGTGTGAACTTCTCTCATTATAGGCAGGTCTACGTGAGACAGCCCCTGACCCGCTCCCACATGGAGAGGAGTTAAAACCTCAATCAGGTAAGTTTTTCTTTTCATCCTTCCACCTCCAAAAGTATTCCACTATTCCATCCTCTTTGCAAAAAGTTTTCCAAATCCCAAAGCGTTTTCTTATCCTTACCCATCCTCTTTTTATAGTTAACCGTAGGAACGGACTCTATCTGACATATGGAACAACCCATCCCACCCTCATCCAAAGCAGACAGCAAAAGCACACTCCCCGGCTTTATCATCTCCAAAAAGGGCTTTCCAAAGCCAGAAACATACTCTATGCCAGCACTGAAAAACCATAGCACTTTAAACCTCAAGTTTCCTATTTTCAAATTCTCTTTAAGACCACCTTCTATAAAGAGATGACTAAGGACGTAGAACTTGTAAAGCTTTCCCTTTTGTATGGATACGGGCTTTTCAAAAACCTTAAGGTCTTCACTATGCATGTAAGATACCCTTCTCTCTCCGCCGAGGAAAACCCTATTATCCCTTATGTCCTCTCTTAAACCTTCCGCCAAAACCCCAATACGAGAACCCTCTGAAAACCTCAAAAAGTCTTGAGAGTATAAAAACCCATCCCTTGCAGTTCTTGTGTCCTTATCTATGCTTATACCAACCCTTTGCTCCTTTTGGATAAAGTCCC
NZ_CP117180.1_gap8	568265	570608	2343	GAGCTTGAGCTTGAAGAGGTTTTTGAGGGTATAGAGCCATGAAGACCCTTGAGAAGAAGACTGTAGCAGATTACGAGGCATTGCCAGAAGGTAGCCCATACCAACTCATTGAAGGAGAGCTTGTTATGAGCCCAGCACCAGCACCTGACCACCAAGTAGTCTCTGGAAATATCTACCTCTTGCTTAGAATGGCTGTAAGAGGTAAGGGCGTTGTCTTGTATTCACCCCTTGATGTATACTTGGACTTGGAAAATGCCTATCAACCTGACATAGTGGTAATTCTCAAGGGTTCAAAGGCAAGGATAACCAGAAAAGGCGTTTATGGACCACCTGATGTGGTAGTGGAGATACTTTCACCTTCCACTGCATACTATGACTTGACGCAAAAGAAGGATGTTTATGAAAGGTCTGGAGTGAGAGAGTATTGGATAGTGGACCCTCTTAGGAGAACCTTTGAGGTATATCTTAATACAGAAGAAGGCTTTAAACTCGTAAGCAAGGCAAAGGGTAAGGGTGTGGTGAGGTCTGAGGTGCTTTCTTTGGAGCTTGAGCTTGAAGAGGTTTTTGAGGGTATAGAGCCATGAAGACCCTTGAGAAGAAGACTGTAGCAGACTATGAGGCATTGCCAGAAGGTAGTCCATACCAGCTTGTTGAAGGAGAGCTTGTTATGAGCCCAGCACCGGGGTTTGAGCACTTTAGAAGTCAGAGAAACATTCTTTTGAGATTATTCAGGCTTATACTCGAAGCAGGCAAAGGTGAGGTCATCTATGCTCCAGTGGACTTATATCTTGACGAAGAGAACGTCTACCAGCCAGATATAATGGTGGTTTTAAAAGGCTCAAAGGCAAAGATAACCAGAAAAGGCGTTTATGGACCACCTGATGTGGTGGTGGAGATACTTTCACCCTCTACCGCTTACTATGACTTGACGCAGAAGAAGGATGTTTATGAGAGGTCTGGAGTGAGAGAATACTGGCTTGTAGACCCTCTTAGGAGAACCTTTGAGGTATATCTCAATACAGAGGAGGGTTTTAAACTCATAAGCAAGGCAAAGGGTAAGGGCTTGGTGAGGTCTGAGGTGCTTTCTTTGGAGCTTGACCTTGATGAGGTTTTTGAGGGTATAGAGCCATGAAGACCCTTGAGAAGAAAACTATAACAGACTATGAGGCATTGCCAGAAGGTAGCCCATACCAGCTTATTGAAGGAGAGCTTGTTATGAGCCCAGCACCAGGGTTTGAGCACCAGCAGACTTCTATAAACATAAGCCACAAGCTTTATAGTTTCCTCAAGCAAAAGGGTATTGGAAGAGTGCTATACGCACCCCTTGACGTGTATATTGACGAGGAAAACGCCTACCAACCTGACATAGTGGTAATTCTTAAGGGTTCAAAGACAAGGATAACAAGCAAAGGCGTTTATGGACCGCCTGATGTGGTGGTAGAGATACTTTCACCTTCTACCGCTTACTATGACTTGACGCAGAAAAAGGATGTTTATGAGAGGTCTGGAGTGAGAGAGTATTGGATAGTGGACCCTCTTAGGAGAACCTTTGAGGTATATCTCAATACAGAAGAAGGCTTTAAACTCGTAAGCAAGGCAAAGGGTAAGGGCTTGGTGAGGTCTGAGGTGCTTTCTTTGGAGCTTGACCTTGATGAGGTTTTTGAGGGTATAGAGCCATGAAGACCCTTGAGAAGAAAACTATAACAGATTATGAGGCATTGCCAGAAGGCAGTCCATACCAGCTTATTGAAGGAGAGCTTATTATGAGCCCAGCACCGGGGTTTGAGCATTTTAGAAGCTCAAAGAGGGTCTTTGTGAGATTATATAGGCTCATCGAAGATGCAGGCAAAGGTGAGGTCATTTACGCTCCGGTGGACTTATATCTTGACGAAGAGAACGTCTATCAGCCAGATATAATGGTGGTTTTAAAAGGCTCAAAGGCAAGGATAACGAACAAAGGCGTGTATGGACCGCCTGATGTGGTGGTGGAGATACTTTCACCTTCCACTGCATATTATGACCTAAGGCTCAAGAAAAAGGTTTACGAAAGGGCAGGAGTGAGAGAGTATTGGATAGTGGACCCTATGGAAAGAAGCCTTGAAATATACACAAACTCAGAAGAAGGTTTTAAGCTAACTTCAAGGGTCGTGGAAAAGGGTAAGGTATTTTCTAAAGTTTTAGATATAGATTTAGACCTTGAAGAAGTTTTTAAGGAGGTATAGGTATGGCACAGTTTGCACTTGTGATAGACCTTAACACCTGCGTTGGCTGTCATGCCTGTGCGACAAATTGCAAGGAATGGAACACACAGGCGGCTTTTGGACCGCTTTCTGACTTTGACCC
NZ_CP117180.1_gap9	573608	577433	3825	TTTGATACACTTCCACAAAGACCTTGTTGGCAAAGGCAAGCAGACCTACCTCATAGCCCCTTATTCTCGTGCCTCTCTTGAGGATAAGTTCTCCCGCCTTTATTTCTTCTCCCCTTCTCCTTATGTTAGCACCTTCTTTGAAAGACCTCTCTATGAGCACATACTCGCCTTCAAGTTTTGTGTATTCCACAGGGACAACTGCGTTTGCACCCACTGGAATAGGTGCACCCGTGAATATCCTTATGGCTTGCCCTCTCTCTAAGCATCCAGAAAACTCGCTACCTGCAGACACTTCCCCCACCACCTTTAGCTTTGCTGGAATTTCTTCAAGGTCTTGAGAAACAACCGTATAGCCGTCCATGGCTGAATTGTCAAAGGCTGGGCTATCTCTGTCTGCAAAGATGTCTTCTGCCAAAACTCTGCCTATGGCATCCCACAGAATAACCTTCTCTGTAGGTAGTCTATCAACCCTTTCGAGCAAGGATTCCAAAGCCTCTTCATAAGGTGTAAGCATGGAAATATTTTAACGCGTATTTACGCCCGCAAGCCACTTGCTTACAAGCTCTATCTCCATATCCGACAAGCCTTGACCCCATGGGCATCTTTTAGCAAGCTCCATAACCGCCTCAGGATTACCCTTATACTTCTCCTTCAGATAGCTCAAGGGCTTTCTATCCTTGTCCGTATGGCATCTCATACAGGAATTTTTAAAGATAAGCTCTCCCTCTGAGGCAAAGCCAAGGCTTACAAGCAAAAGGGATATATAAAACTTTTTCATGACCACACCTCCGTTTAAAATATCTCTTAATGCTAAATATAGCCCTAACGGGAAATCTTGGTTCAGGAAAATCTACCGCGGGAAAATTCTTTCAAGAAGCTGGCTTTCATGTCCTTGATGCGGACAGAATAATAAGGTCCTTCTACGAAGAGAAGGGTGAAGTCTACAGAAAGGTGGTAGAGGCTTTTGGTGATAGGGTGCTTGACAGGGAGGGAAACATTGACAGAAAAACACTCGCACAGATAGTTTTCTCAGACCCACAGAGCCTAAGACTGTTGGAAAGTATAACTCATAGTGAACTCTACAGAAGGCTTGATGAGGAGTTTAGAAGGCTTCCTCAAAAGAGCATAGTGGTCGTGGAGGCGAGCCTACTTATAGAAAAAGGGACATATAGAAACTACCACGTAACCCTGCTTGCTTATGCTCCCTATCAACTCTGCAGAGAGCGAGCCTTGAGGGCTGGCTATAGCATAGAGGACTTTGAGAGAAGATGGGCAAACCAGATGCCTCCAGAAGAAAAGAAAAAATACGCTCACTTCATAATGGAGAATACGAAGACCCTTGAAGCCTTAAGGAGTAGGGTCTTTGAGCTTGCAAAAGTCTTTAAAAACTGGGTGGAGTTTCAGCATGAAGAATTTCCTTGAGCTTATAGGGGAGGAGGTAGCAAAAGCTAAGAAAAGCCTTAAGATAGCTTCTCCTTGGATTGACCAGTGTATACTGGAAAAGACCCTTGAAAGGCTTCCCGAGGGTGTAAAACTTGAGGTTATACTTAAGGTAGGAGACTTAAAAGACCTCCATATAACCGGTGGAGGAACCTTTAGAGTTTTGGAAAGGTATGGGGCGGAGATATACATAAACGAAAGGCTTCACGCAAAGATAATACTGATAGATGACAGGATAGCCTTTGTGGGCTCTGCAAACCTAACCAGGGCTGGGCTTGAGGAAGAGGGTAATTTGGAGGTAGTTATTCCTGTAAAGGGGGTGGAGCTCCAGAAAACACTTGAGCTCTTTGAAGATTACAAAAAGGAATCTACAAGGCTCTTTGAGGAGGTGGTGGCAGTTGTTATGTCTTCAGAATCTTCTGTGGAGGCTTTGGTTCTTCTTTTTGACAACCTTCCAGAGCAGTCCTTTCTCTGGGCAAAGAGTGAAAGGGGAAGGCTACTCTGCAAGCTTACAAGGGTATACACCCAGATTAACCTACAGGACTCTATAGAAGGGCTCTCTGAGAGCAAAAGCTGGCTTGTTGCTTACTACAGAACGCTCTTAAAAAAATCTATCCTTGTGGGAAAGGTCAAAGTGCTTCTTGAGCTGATAGAGGATGAAAAAGGATACTTTGGCACACCTATCTCTGGTCTTTTACCAGGAGACCAGCTTCTACCCGTTAAGGAAGAGGATGAGGCTCTACGCAAGGTAATGAAAACTAACCTTTCTGGTTATTCAATGGACTTGCCCGTAAATGTTGGAAAGCTTGTAGGTAAGGGAGTTTCTGTTTTCGTAGACCTCGCAAAGGTAAGTGGTATGCATATGGCTGTCTTTGGGACAACAGGCTCTGGGAAAACTACCTTTGTAGTTAGGCTCGTGGAAAACATCCCGCGGGGCACATGCAAGACCCTTATCTTTGACCTTTTTGGAGAATACAAGCAAAAGTTGAAAATTGAAGAAGACAGAGTGCATCGCGTAAGCCTGCCCTACACTCTACTTCCCATCTGGATAGAGGACATAAAAGACCTATTCAGAGAATATGGTCTTAACCTCTATGAGAGAGGTGAAGAGGAAAAAGCCTTTTTTGCTCAACTGAGAACTTCTCTAAAGCCTGACTTTAAGCTCTCCACTTACAGGGAGAAAGAGCTGGGAAATATACTGCTTGATGCTTCAAAGGGTGGACTAAGAAGGGAGGTGCTTGAGATACTCCAGATGGTCTCAAAAGATATGGGGCAAGAGGCACTTCAGAATCAACCAGAAGTCTTTAGACTGCTGGACGATGCCTTAAATTCCTCAAAAGATGTGATTATAATAGACCTAAGAGATGTGGTGAATCCTACGACACGTCTTAACTTAACTGGGCTTGTGCTCAAGGAAATCCTATCCTTGGCAAGGTCCAATCCTCTGAGAAGACTTGTGGTGCTTGAAGAAGCACATAACTTTGCTCCAGAAAGGGGAGCTACTGATGTGCCTACAGGCAGGGAAAACCTTGCCATAGCAATGACAAAAAGGATAGCTCTGGAGGGAAGGAAGTTTGGTGTTGGTCTTGTGGCGGTATCTCAAAGACCCGCAAACCTTAGCAAATATGTGCTTTCACAGCTAAACACTCAGGCGATTTTCAGGCTCATCACCCAAAACGATATAAATGCGGTATCTCAGTTCTTTGAATATCCTTCGGAGGACCAGTTAAGGCTTCTACCAAATCTCAAGCCAGGTCATCTGTTTTTAAGCGGTATAGCGATGCCCTTTAGTATGCTGATAGAGATTGAGCTCTAAAGCTCCTTAGTATCAAGGATTATGGTCACAGGTCCCCAATTGACTATATGCACTTCCATTGTAGCACCAAATACACCACATTGAGTGGGCACATACTCTGAAAGTTTCTTTACAAAGAGTTCATAGAGCTCTCTTGCTCTGTCTGGCTTCTCCGCAAACTCAAAACTTGGTCTTCTACCCTTTTTTACGTTAGCGTAAAGAGTAAATTGAGAAACTACGAGGGCAGAGCCCTTCACATCAAGAATAGAGAGGTTAAACTTTCCAGAGCTGTCTTCAAATATTCGGAGGTTTACCGTTTTTTCTACAAGTTTTTTCACATCTTCCTCTGTATCTCCCACACCTACACCTAAAAGGATATTTAACCCCTCTCCTATGCTCGCCACCTCTACACCATCCACAAAAACCTTAGACTGCTTTACTCTTTGCAGGACTGCCCTCATGGCGTAAAATTTTATTGTAGAATAAAAGAGAACGGAGGGAAAGCATGAAAAGATTTGTGCTTTTGGTGGTAAGCTCCACTGTCCTTTTTGCACAGGACTTTTCTAACATGAGGCTTCTTGAGGGTCTAA
NZ_CP117180.1_gap10	581295	584155	2860	TTTTGAAAAAAATAGAGGAAAAAAGCCCCAACACTTACTTTGCCAATATGGCACAAGCCTTCTCCTTGATAGGAGACTAACATGAAAGACCTTCTTATAGAAATAGGCACTGAGGAGCTACCCGCAAGCCACATCCCTCTGGCGGTAAACCACCTAAAGGAAAAACTCTCCCAGATACTACACAGACAGGACATACAGACCTTTTCAACCCCCAGGAGGCTTGCCTTTTTTGTTAAAAACTTTGAAAATAGTAGTCCTGAGAAGGAAGAAACCATCTACGGTCCACCAGTTAAAGTAGCCTATGAAGACGCAAAGCCCACGAAGGCACTCCTTGCCTTTCTTGAAAGAAACAAGGCAAGCATAGAAGAAGTCATTGAAGTTCAAAAGGGTGAGGGTCTGTATGTGGCTATAAGGAGGAGGGTGAAAGAGGATTCACCCCTTGAGAGGCTTTCAGAGGTCTTTGAGGAGCTCCTAAGGAACGTTCCTTTCCCCAAGACAATGAGATGGGACTCCTCAAATCTTAGGTTTTCAAGACCAATTAGATGGATATGTGCCTTGTATGGCGATGAAGTTTTGCCCCTTTCTTTTGGAAGGTTAAAGGCAGGCAGGATAACATACGGACACAGGATAATCTCTCCAAAGGCTATTGAACTTAAGAGTGCGGGGGAATACCAAGAGGTGCTTAAAGAAAATTATGTAATTGCGGACTACAAGGAAAGGCTTGGTATGGTGCTTGCCTTTCTTCGGGATGAGGCTTACGCTCTTGGTGGAAAGCCCCTGTATCCAGAAGGTCTGGAGGAAGAGGTGGCAAACCTTGTAGAGTTTCCCTTTGCGGTGGTGGGAAAGTTTGAAGAAAAATACCTTGAGCTTCCAGATAAGGTTATAATGACCGTCCTTGCACATCATCAAAGGTTCTTCTGCGTAGAGAAAGACCGCAAACTCCTGCCTTACTTTATAGCCATAAGCAACAACTATCCAAGAGATGGTTTGGTAGTTAAAGGCTACGAAAAGGTTATAAGAGCGAGGCTTGAGGATGCACTGTTTTTCTATAGAGAAGACCTTAAAAGACCTCTTGAGGAGTTGGTTTCTGGACTTTCTGAGGTGCTTTTCCATCCAAAGGCTGGCAGTATGTTAGAGAAGGTGAAAAGGGTAGGAGCCCTTGCCATAAAGCTGGCAGAGCTACTCGGGCTCTCTGAAGAGAAAAAGAAAAAGATAGAAAGGGCTTGCCAGCTCTGTAAGGCAGACCTTCTCACTCAAATGGTAAGGGAGCTTGACGAGCTTCAAGGTTATATGGGATATATATACGCTCTTAAGCAGGGTGAAGACCCAGAAGTTGCCCTTGCACTCTATGAGCATTACCTACCAGTGCGGACTTCTGACCCACTACCTTCAAATGATATCTCTGCGGTGTTATCTGTGGCGGACAGGCTTGACAGCATAAACACCCTTATCACCGTAGGTGAAAGCCCTAAGGGTAGCTCAGACCCTTACGGTATGAAAAGACTTGCTCATGGACTCTTTGCCATATTAGAGCACTTTGGATGGGACATAGACCTTTCTGTATTGCTTGAAAGCTATACTAAAGAATTGGAGAAGTTTCTTGAGGCAAGGCTTGAAGCCTACCTTGACCCCTACGGCTACGACCTTGTGAGAGCGGTTCTTGAAGTAAAGAATCCACTTAAACCCTATGAAATTATAAGCATGGTAAAAACCCTTGCCAGCCTCAGGGAAGAGGAAGAATTTAAACATATAGTGGAAGTATACAGAAGGGTAGTAAGGATACTACCCTCAGAATGGGAGGAAGATATGGTGGAAGAAGGGTTAATAACTGAAAAAGAAGAGGGAGAGCTTTGGAAAGTCCTCAAAAGCCTTAAAAATACGCAGGATATGCTAAGCCTTTACGCTCTTAAAGAACCTATAAACCGCTTCTTTGATAAAGTTTTGGTAATGGACCCAAGAGAAGAGATAAGGAAAAACAGGCTTGCACTTCTTTACAGAATAAAAAAACTTTTTAACAGATTTGCGGATTTTAGCAAGATAGTAATAGAAGGAGGTTAAGGCATGGCGTTTCTTGTTTGGCTTGATGAGGTAGGTATTGAAGACATCCCCCTTGTGGGAGGCAAAAACGCATCCCTTGGAGAGATGATAAGAAACCTCTCCTCTTTGGGTGTAAACGTGCCCTACGGATTTGTGGTTACATCAGAAGCCTACTATGAGTTTATAAGGTATAACAGGCTTGAGGGAGAGATAAAAAAGATACTTCAAGGACTTGACCCAAGCAACGTAGAAGACCTGGCTCGCAGAGGGCACTTGATTAGGGAGCTTATAAAGGGTGGAGAGTTTCCAAGAGAAATAGAGGAGGGTATAAAGGACTATTATCAAAAACTCTCAGAAAGGTATGGCTCCTTTGCTATAGATGTAGCGGTGCGTTCCTCAGCTACAGCAGAAGACCTTCCCCATGCATCCTTTGCAGGACAGCAAGAGACCTACCTCAACGTGGTGGGCGCAGAAAACGTGCTAACTGCGGTAAAAAACGGCTTTGCTTCTCTTTTTACAGATAGAGCCATATCCTACAGAGAGTCCTTTAACTTTGACCACTTTAAGGTGGGTATAGCTATGGGTGTGCAAAAGATGGTCCGCTCCGACATGGGTGCGTCGGGTGTTATGTTTACCCTTGATACAGAATCAGGCTTTAAGGATGTGGTGGTGATAAATGCCACCTACGGGCTCGGTGAGCTCTTGGTGCAGGGTATGGTTACACCCGACGAATACATGGTCTTTAAGCCTACCCTTCAAGCGGGATACTCCGCCATAATTGAAAAAAAACTGGGAAGAAAAGACAGAAAGATGGTATATGGCA
NZ_CP117180.1_gap11	615012	618877	3865	CGCACAAACCAGGGAAGACCTAAGGCTCTATTTTCAGGACAGAGACTACATGGTGGTTTCCGTGCCAAAGGATGAGCTTATAAGGGTTTATACCCTGCAGGCAAACCATGCAGTGGCGGTTGCCAAGAGAATACATGACTTGGAAGGGCAAAGGGCGGAGCTTATGGGCTATGCCATAATGTCCGCTTTACTTTTGACATCCCTTGTGAAACATGCAACAGAACAAAAGGTGCTTTTTAAGGTGCAAACAGATTATGGAGTTGTAGTCTCAGAGGCGGACGGAAAGGGGAGGGTAAGAGGTTTTATAGAAGGTAACCCACAAGAAGGTTGGGCTTCTGGAGTTTTAACCGTAGTAAAAGAGCTAAGACTTGGTACACCTTACACAAGCATAGTCCCCGTGGTGGGTAGAAATCTAAAGGAGGCACTTTCCTTTTACTTTGAGCAGTCAGAACAAACAAGGACCTATTTGGATATGCATTTGGAGTTTACTTCAGCAGGAGCTCAGGCAAAGGCTTATCTTGTGCAGGTGCTTTCTGGAGTTTCTCAAAGAAGCATTGACCTTATAGAGGAAAACCTAAGAAACCTCTCCTTTTATGACAAGAGACCAGAGGAAATTGCGATTGAAATACTCAAGGGTATGGAACCAAGGCTTATAGGTTTAAAGGAAGTAGAATACTACTGTCCCTGTAGCGAGGAAATAGCCCGTTCAAGCCTTATGCTCCTGCAGGAAGAGGAGCTCCAAGATATACTAAGCGAGGGTCCTGCAGAAGTGGTCTGTAAGTTTTGTAAGAGGGTCTATCGCTTTAGCAGGGAACAGCTTATGATATAATTTTTCCAAGACCGCACCTTTCCCGACTGGGTTGACCCGAAAGGGTTTTGGGAAAGGGTGGCAAAACCCAAGGAGGAAAATATGGCTGTAGTTTCTATGAGAGACCTTTTGGAAGCGGGTGTCCACTTTGGGCACTCAAAGGGCAGGTGGAACCCTAAAATGGCACCCTACCTCTACGGTGTGCGTAATGGTATACACATCGTAGACCTCAACAAAACGGTGGTTTTCCTTGAGCAAGCCTATCACTTTATAGCGGACAGTGTGGCACAGGGCGCAGAGGTGCTCTTTGTAGGCACAAAAAAGCAGGCAAAAGATGTGATAAAGGAAGAGGCGGAAAGGGCTGGCGTGCCATATGTGAACGAAAGATGGGTTGGAGGACTTCTTACCAACTTTAGGACTGTCCGTAAAAGTATCCTCAAGCTCCATACCCTTGAGAGGATGGAATCGGAAGGTGTCTTTGATGTGCTTCCTAAGAAAGAGGTAAGAGAGCTAAAGAGAAAGATGGAAAGGCTCAGAAAGCTGTATGGTGGTATAGTAAACATGGAAAGGCTACCCAGCATCATCTGGGTTGTGGACACAGTGAGAGAAGCCATAGCGGTCCAAGAGGCTAAAAAGCTGGGTATAACGGTGGTAGCAATAGCGGACTCCAACTGCGACCCAGATGTGATAGACTACCCTGTTCCAGGAAATGACGATGCCATAAAGTCCATAAAGCTACTTACTTCAAAGATAGCGGATGCGGTTCTCGAGGGTAAACAAAGAAGGGAAAACCTTGGAGAGGCGGCGATTGAAGTTCCAAGGAGAAGGGTCATTGCGGTTGAAGAAGAAGAAAAGGTGCTCTTTGAGAAGGCTATGGAGATGTCTGAGAAATACGAATACATTGACAAAGGTGCAGAGGAGGAGTAAGCATGATAAGTGCTGAGATGGTAAAAACCCTAAGAGAGATGACTGGTGCAGGTATGTTGGAATGCAAGAAGGCTTTGGAGGAAGCAGGGGGTGATATGGAAAAGGCTAAGGAGATACTCAGAATAAGGGGGCTTGCTAAGGCGGACAAAAAGGCAGGAAGGGAAACAAAGGAGGGCATAATCTACGCCTATGTCTCCGAGGATAGAAAAAGGGGAGTGCTTATAGAACTAAACTGCGAGACAGACTTTGTGGCAAAAAACGAACACTTTGTGGAGCTTGCCTTGAATATCGCCAAGCACATAGCAAGCATTCCAGAGAACAAGGATAGGGCAGGCACTGGTGAAGATATTACAAGCCAAGCCTATGCACAGGACACAAACATAAGCGTAGGAGACCTCATAAAGTCTGCTATAGCCAAGATAGGAGAGAACATCCAGCTTAGAAGGTTTGCGAGGTTTGATACCGAGGGCTTTGTGCATGCCTATGTGCATGGTATAGGAAAGGTAGGTGTGCTTATAGACTACTTTGTTCCAAGCCTTAACGACCAGACCCTTAGGGTTGTGCAAGATGTGGCACTTCAGATAGCCGCTATGAAACCTGAGTTTGTAAGCATAGAAAGCGTTGACCCTGAAGCCCTTGAGAGAGAGAGGAGAATACTCACAGAGCAGGCAAGACAAGAGGGTAAGCCAGAGAACATCATAGAAAAGGTAGTAGAAGGAAGGCTCAAAAAGTTTTATCAGGAAAAGGTGCTCTTAGAACAGGCTTTCATAAAAGAAGAGAAGAAAACCGTAGGACAATACATAAAGGAAAGCCAAACGGGTGTGGAGATTAAGAGGTTTGTAAGGTTTGAAGTAGGTGGTGCCTGATGGAGGAAGCACCTGTATACAAAAGGGTGCTCTTAAAGCTCTCTGGAGAAGCCTTTGCTGGTGAGCAAGATTTTGGTATAGACCCAAGGTTTCTTGAATACATAAGCCTTGAGATAAAAAGCCTCGTGGAAGCGGGAGTTCAAACTGCAATAGTGATAGGTGGTGGCAATATCTTTAGAGGTATAGAGGGGCTCGAGATAGGTATAGACAGGGCAACGGGTGATTACATGGGTATGTTGGCAACGGTTATAAACGCCCTTGCCCTGCAATCCGCACTCGAGAGGATAGCACAAATTCCTACGAGGGTCTTGTCCGCTATAGAGATGAGGCAGGTGGCAGAACCCTACATAAGAAGAAGGGCTATAAGGCATTTAGAAAAGGGTCGTGTGGTAATATTCGCTGCAGGGACAGGCAATCCCTTTTTCTCCACAGACACTGCAGGTGCTCTCAGAGCCATAGAGATAGGTGCGGACCTTCTTATAAAGGCTACAAAGGTAGACGGCATATACACCGATGACCCGCTGAAAAACCCAAAGGCTGAATTTATCCAAGAAATAGCCTATCTTGAAGCCATAAATAGAGGTCTTAGGGTTATGGACTACACCGCTATGACCCTCTGTAAGGAAAACAGGCTACCCATATTGGTGCTTAACATAAAAAAGCCAGGAAATCTGCTAAGGGCTGTAATGGGTGAAAGGGTTGGGTCTTTGGTGAGGTAGCATGAAAACAAAAACAAGCAGGTTTGGAAGTAACGGAAGGATAGCTCATGACTCCTCGGATTTTTATCGCAGAAGGCTATACTCTGAATTTATGCCGATGGAGGCTCAAGGGGACCAGAAGGAAATCCTATTTCCTGACAACCTCAAAAATACTATCCTTTGCAAATCCTCAGAAGATATGTCAGAAATTCCTGACAATAGCGTTCACCTTATGATAACTTCACCTCCATACAACGTGGGCAAAGAATACGATATGGATATGAGTTTTACAGAATACAGAGAATTTCTTAAGAGGGTTTGGAGAGAGGTTTATAGAGTTCTTGTTCCCGGTGAGAGGGCATGCATAAATGTGGCTAATCTTGGTAGGAAACCTTACATTCCACTTCATGCCTTTATAATTCAGGACATGCTTGAGTTGGGTTTTTTAATGAGAGGTGAGATAATATGGGCAAAAGCTGGTGGTGGTGCACCATCAACCGCATGGGGCACTTGGCTTAGTGCAAAAAATCCAGTGATAAGGGACGAGCACGAATACATTCTTGTCT
NZ_CP117180.1_gap12	738696	739712	1016	ATAGTTCAATCAAATCATAACATTCTATCCCGTATTCTTTTGCAACCGCTGGTATCCTATTGGCTTTAGTTTTTGATTCTTGTGTGAGAATTACATGTTTTCCCTTAAACAATTGAGACCTTACTCTAACTATAGCAAGAGCTATTAACCATGGATCGGCGTTAGCTTTACCTTCTTCCTTAGCTAAGGAAATGTGTTTACTCAAAATCTCTTTTACTTTCTCTACCTGCTCGCTGTCTGGACTTATGAAAAGCATATCGCTCTTCCTGAGCCACTTTATTAAACCATCATCTCTTATTTCTTTCCTAACTTCCTCTGGTGCGATGAACCTTCTAAATTTACATAACTTTTCTATTTCCTTCCATAAACCTTCAAATATATCCATTGGATACTTGTCCTTTAAATCAATTAAGGCACTCGTATCTACTATATACACTACCTTACTCATATTAAATAATGTTGAAGTTCTTTTTTGATTTTATATAGGCTCTCAAGGTTTACATCTAAATACTCAAGCAAGTCATGTGTTGTTATAAGATTTTTCTCCTTAGCTTCAAAAAGTAAGGACAAAAACTTTGCACCTCCCTCTTGCAATCTTTTTTTATGTAAAGGAGGTTTTATGGGTATTTTAGAAGTTGTATCTTCAAGTTTTTTGACCCGCGTTTGATAAGTGCTTTCATCTATTTTCCTTAATAAATATAACTTAGTTAGCACTGCTTTTTTGCTAACTTTGAACTTCTTTGAAATATCTTCAACCACACCTTCTCCCTTTAATTCAAACTCCCTTGTCAAAATATCTTTGGGTAGTAAAAACTCCGATGCAAATACATTGCACCACTTTTCTACTTTTGGGTTTACAAAAACATCCTCTGTGTATATCTCACTTATACCAAGAAGTATATGCGCGTATTCGTGGAATAGGGTAAATATCCTTGCCAGTATATTGTCTGATGTGTTCACAACTATGAAAGGCGGGTCTTTGTCCATTAAAACAAAACCCCTGGCTTCTTTTATAG
NZ_CP117180.1_gap13	746990	751778	4788	TTTATCTGTTATATACCTTTCTTGGCGGAAGCCTTTTCCTTATATGTGTGGTTATCCTCTATGTCTTAGTAGGCGATGGAAACTTTAGTGTGGATGGCAACACCCAACTCAAGGCTTGGGCTATGGCAAACCCCCACTTGGCAAGTTTGCTCTTTTATGGTCTGTTCTTCGGAATGGCGGTAAAGGCAGCAGTTTTTCCACTTCATGGTTGGCTCACAAGGGCAATGGTGGCACCAGCCCCAGTTAGTGCACTCCTGCATGCGGTAGCAGTGGTAAAGGCAGGAGCCTTTGGCGTTGCAAGGCTTGTTTATGACCTCTACGGTGCGGAGACAGTTGACGCTCTAAACCTCTGGCAACCTCTTGCTTACCTTGCGGGCTTTACCATAGTATTTGGTTCTTTTATGGCGGTATTCCAAAAGGAGCTTAAAAAAAGGCTTGCCTATTCCACAATAAGCCACCTCTCATATATACTCTTAGGTCTATTAATTCCTGGACCCATTGCCACCATGGGTGCTCTCCTACACTTAGTAAACCATGGCGTAATGAAAATAACCCTCTTTATGTGCGTAGGAAATTACTCAGAAACTTACGGAATACATAAGGTAGAAGAGGTAAAGGGAATAGGTAAAAAAATGCCTCTTACTACCCTTGCGATTACCATTGCCTCCCTTGGTCTTATAGGTCTTCCCTTTACCGCAGGCTACATTACAAAGGAGTATCTACAAAAGGGTGCTCAGATTGCAGGTGTGGAATGGGCTGTATATGTGCTCTATGCAAGCTCTCTATTGAGTGCCCTCTATCTACTACCTATAGTCTTCAGTGCATGGTTTGGCAGAGGAGAGTTTAAGAAAGAGAGAAACACAAACCTTGAAACAAACCCCCTTATGCTCCTGCCACCCCTTATAACGGGACTATTAACAGTGCTTATATGGCTATCCACAAAGACACCCATAAACCCCATTCTCTGGACTGAGCTAATTGTAAAGGGCTACCCCTAATAACTATGCTATAATTTATACATGTCTTCCATAACAAAGGTAAAGGCAAGGGAAGTTTTAGACTCAAGAGGAAATCCTACCCTTGAGGTGGAGGTAGAACTTTCTTCTGGTGCAAAGGGAAGGGCTATAGTGCCAAGCGGTGCATCCACGGGAGAAAAGGAGGCTCTTGAGCTAAGAGACCACGACCCAAAAAGGTATCTTGGAAAAGGCGTCCTAAGAGCGGTGGATAATGTAAACTCCATAATAGCAAAAGAGATAATAGGGCTTGATGCCAGCAAGCAATCCCTTATAGACAAGGTGCTTATTGAGCTTGACGGAACACCCAACAAAAGCAAACTCGGTGCAAACGCCATACTGGGTGTAAGTATGGCGGTAGCAAGAGCGATGGCACAGGAGCTTGGAATAAGCCTTTACAGATACATAGGAGGTCTAAGAGCCAGAAGGCTACCAGTGCCTTTGATGAATGTAATAAACGGTGGAGTCCATGCGGACAACCCTCTTGACATACAGGAATTTATGATAGTCCCCGTGTGTGGAGGAAGGTTTTCAGAGGCACTAAGGGTAGGAGTGGAAGTCTTTCACCACCTAAAGGCGATTTTAAAGGAAAAGGGATACTCTACCAATGTGGGAGATGAAGGTGGGTTTGCACCCAACTTGAAAAGCACAGAAGAAGCCTTAGATATGCTAATGTATGCCATAGAAAAGGCAGGATACAAGCCGGGTGAAGATGTGCTTTTGGCTCTTGACTGTGCGTCTTCTGAGTTTTACTACGAGGATGAAGTTTATCATTTTGAGGGTAAAAAACTTAGCTCAGAGGAACTTTGCGGTTTTTACGCTAAACTTTTAGAAAAATATCCGATAGTATCCATAGAGGACCCCATGGCGGAGGACAATATGGAAGGCTGGAGACTAATAACTAAGGAACTTGGAAATAAAGTTCAGCTTGTGGGAGATGACCTTTTTGTGACAAACCCAAGCATCTTCCAAGAAGGCATAAGAGAAGGACTTGCCAATGCCATACTGGTTAAGCTAAATCAAGTGGGAACTCTTACGGAAACACTACAGACTGTGGAAATAGCCCAAAGGGAAGGATACAAGGCGATAATTTCCCATAGGTCTGGAGAAACAGAAGATACCTTTATCTCACATCTTGCAGTAGGGACTGGCGCAGGACAGATAAAGACAGGCTCTGCATCACGCACAGATAGGATAGCAAAATATAATGAGCTTTTGAGGATAGAAGAGGAGCTTGGCGATGAAGCGGAATTCGGCGGGAAGGGAGAATTTTCGGTTTTTAAAGCCTGAAGGGTTTGCAAATCTCTTCTTTTTCCTTATGGTCCTTTACACCTTTTATAATCTTTTCCTTAGCCAGTATAATGTATTTAGGGTCTTTGAACTAAAGAAAGCCAGTGTTGAGCTTAATGCCAAGATATCTCGCCAAAGGGCGGAAAATAGTAATACAGAGCAAGTCCTTGAGCTTATAAGGGAAAACCCTGAGCATTTCAAAGAAAAATTCGCCCGTGAATACATGCAGTTACAGAGAGAAGGAGAGTATATACTTCTTTTCAAACAATAGGAGCTTAGCCTCTTTCAGTGTTATAATTTAAAGAATTATGAGAGGGATATTTACAGCCTTGTCTTTGTTTTCTCTAATATGGTTAGCCTCCTGTGGGGGCATAACCAAAGAGGAGTTTGACAAAAGAATTGCAAGCCTTGAGGGCAGAATATCACAGCTTGAAGAAAGACAGAGGTCTTTGGAAGAGAGAAACCTGAGGACAGAAGCAAGAGTGGACACTCTCTCTGAAAACCTTGCAAGGACAAGGCTTGAACTGGAAAGGCTTAGAGTTGAAAGACAAAGCACTGCTCAAGCTACCAGGTTGCCAGAGCCAATAAGGGAAGTGCCACAGCCTTCACCAAGTATTCCAGAAAGGGTGCAGGAAACTCCTCTGGCTCAACGCGACAACCCACAGCAGGCAACTGAAGAGTATCAAAGGGAATACGATGAAGCACTAAGGCTTTACAACTTAAGACAGCTAAACCAAGCAAGAGACAAGTTTATAGATTTTATAAGAAGGTATCCGAGGACACCTCTCACGGACAACGCCTATCTGTGGCTTGGTGTGGTCTACAGAGACCTTGGAGAAACGAACAAAGCGGAAGCGGTTTGGCTTACCCTAGTGGAAAGGTGCCAAAGGAAAGAGATGGTAGACTGCAACAAAGCGCCTTCTGCCTTGCTTCAATTGGCAAGGCTTTACGAACAAAGAGGAGACAATCAAAAGGCAAGGGAATACTACGAGGCTATACTGAGAGATTATCCACTTTCTGAGGAGGCTGGAACTGCAAGGACAAGGCTTGGAAGGTGATATGAAAATACCAAAACACTTGGCGGTTATAATGGATGGAAACGGAAGATGGGCGAGGGAAAGTGGTCTGCCAAGGATAGCAGGTCACTATGAAGGGGTAAAGAGGGGAGAAGAACTTGTAGATGCTTGTATAGAGCTTGGTATAAGGTGGCTCACCCTTTTTGCCTTTTCCACAGAAAACTGGAAAAGACCAGACTTTGAGGTAAATGCTCTGATGAGACTCCTTGAGGGATATCTCAGGGAAAGAAGTCATTTGCTACTGGAAAAGGGTATAAGGGTTTCTTTTATAGGAAGGCGGGACAGACTACCCAAAGGTCTATTAATGGAGATGGAGAGGGTTGAGAAGTTAAGACCCTCTGAAGAAAAAATTCATGTCATCCTTGCTATTGATTACGGCGGTAGAGACGAGATACTAAGAACCTTTAAGAAGATAAGTGAAGCGGGTCTTGAGCCTACAGAAAAGCTCTTTAATCTGTTTTCAGACCTACCAGAAGCACCAGACCCAGACCTTCTTATAAGAACAGGTGGAGAAAAGAGAATATCCAACTTTCTTCTCTGGCACTTGGCTTACACAGAGCTATACTTTACTGATACTTACTGGCCAGATTTTAGGAAAGAAGAGCTCGTAAAAGCCCTTGAAGACTTTTCAAGGAGGGAAAGAAGGTTTGGAGCGATCCTTCAGGAGTAGAGAATCCATAGGAATACTCATAGGCGTGCTTACTATAGCGGTAGTTCTATCTCCTTACCCTGTTTTCTATGCGAGCCTTCTTGCTCTTTCCTTGCTTATAGGCTACGAGGTTTCTAAGGCTCTAAAGTTTGAATTTTTCCATATGCCTCCCATTACCTTTTTAATTAGCTCCATATCCTTTGAGCTCGGTATCGTTTCTGCCCTTCTTTTGTCCCTTTACGCCGGTCGGAAGCGGTGGTCTATAGATGAGTTCTTCAAGACTTTACTGATATGCGTGTATGCGGGAGTCCTTCCTGTGTTTTTACTTAGTCTGAAAGAGGACTATGCTCTACTAAAACTCCTGATCTTTGTTTGGGCGGTGGACGTGTTTTCTTACTACGTGGGAAAGAACTTCGGCAAGAGACCTTTATCTCCAAAGCTATCGCCAAAGAAAACATGGGAGGGTGTTGCAGGTGGTGGCATTGCCGGTGCTGTAGTCTTGTTAGCCCTTCATGGCTTTAAAGGCTTTCTGTGGTCTTTACCTCTGGTAGTCGTAGCTCTTATGGGAGACCTTTTTAAGAGCTTTATAAAGAGACAGGTAGGTATAAAGGATTTCTCCAACGTGCTTGGAGAACATGGTGGGTTTACAGACAGGTTTGACTCTTTACTTTTTACAGCACCAGTTTATCTATTTCTTTTAAAATTTTGAAGCATGGAAAAGATTAGGTCCTGGATAGAAGAGGCTATTTCCCCGGGTTAT
NZ_CP117180.1_gap14	943651	945249	1598	TAAGGTTGATTCAGGAGAAAACCTTTATGAAAGTTGGAGGCATAGAGGAAATACCTTTGGATGTAAGATTTATTTTTGCAACGAATAAAAATCTTGAAGATCTAGTAAGAAAAGGTGAATTCAGGGAGGATCTTTACTATAGAATCACTGTTTTTAAGCTTAGATTACCTCCGTTTAGAGATCGTTCTGTGAGTGAAAAGAAGTTTATAATAGATACTATTCTTAGTAAACTAGAAAGAAAATACAATAAAAGGATTAAAATTGCACCAGAAGTCTTAAAGGTATTTGAAAGGTATAATTGGCCTGGAAATATAAGAGAGTTAGAGAATGTACTAGAATATGCAGTTGTCATGTGCGATACAGATATGCTGTGTGTCAATCACTTACCTACATGGTTAGTTACCAAAGTAACCAATATAGAGATGGATTTTCATAGTCCTGAGAAAACTAAAGAACAGGGTTCTTATATAAGCACATATAAAGAATTGCAAAATTTTGAGATAGAATCAATAATACATGCTTTGATAAGCTCTAAATTCAATGTGACTAAAGCAGCTTCAATTCTAGGCTTGACAAGGAGACAACTGGAATACAGAATTGAAAAATATAAAATCTTTGACAAAATAAAGATGCGAAACGTCCTATAGAAATGCACTACTTAAATTTTCCCATGGAATCAACGGATCGTTTCTTATTTTTTTGAATTCATTTACCATATTACAAACTCTCCTAATTAATGGATATCCTTCTTGTGCAAATCCTCTAATAAATGTTAAACCAGACTGATTTTTGCCCCATATGATCATGCCCTTGTTAAATTCTTCCAGGCCTTTATCTTCAGTTGATAAATGGTAAGTCCATATACCAGAAGCTATATATCTATAACTTCCTATTGTAGCTAAGTTTCCTCTTTTGCTTTTATCCATTGAATAGTTTTCCCAAAAAACATGCTTATTTTGTTTTTTTATATGTAAAGTATTGGAAAACTTGCCGAATAAAAATTCTTCACCTCTTTCTATCCTTCCCACACTTAAAAATTCAAGATATCCAAACCTTGCTTCAGATGCTATGTTTACATCCACAGTTTGTCTAAACATGCTGTTAGGGAAGGGTATAATTAGACCTGAGTAGAACTCTAAAACAGAATTTGTTCCAAGGTTGACACTAATCTTATTTTCTCCGTAATTTCCATTAGTACTCTTTAGGATTTTTGTAGCACTTTGGTTTATTAATATTACCTTACATCCTTCATCAGCCTCAATTTTAATCTGAAATATGTCATCAGAAGATATGCCTGCTCCTAGGGAAATGACCTGGAGTATAAGCGTATCCTGTATATAGAAAGGCTTAACTACTCTGAGAGCTCCTGTATTGAAATTCCTATGCAACCTTGTTAGACCCTCTGATTTTCTAAACGCCAACTCTAATATATGCCTATACTTCATTCGAGGAATAGCACCTCTTTTTCAATCCACAAGACTATGGGGTCAACGCTTGAGTCATCCTTTAGGCTTACAAAGAAGAACGGTCTAGATCCTCTTTTCTCTTCTGCATACTTTTTCATGGTTTCTAGATTAACACCTACGTAAGGAGCTAAG
NZ_CP117180.1_gap15	995754	998303	2549	AAGATACGGAGTGCTTACAGAAATAGACCTTGAGCTTAAAGAATTAGAGAAAGGTAAAAAAGAGAACCTTGACCTTATTATAGAAAATTGCTTACAAGGAACCTCTGAGGAAGAGCTCGCAAATTTCCTTGAAAGAATAGAGCTTATAGTCATAAATAAGCTTCTTGAAAAGTTTGAAGGGAACAAAAGCAAAGTAGCTCGGATACTTGGAATATCCAGAAACACGCTAACATCTAAGCTAAAAGGAAAATAACGGTAGTGTTTCAAACTCACGAATAAAGCAGTCCAAATAAAACTCTTGCACCGGCTTCTTTGGCACTATAAAGCCTTCTTGCCTCAGAAAAATCCTAATCTTTGAAACCACTTCAAGCTCGTCCATCTCTAAACCTCCTTTGTAAGACTATCAAGCCTATGGCAAGCAACACCAGAGGTAAAAGCCATAAATAACCATCTCCTTTGGCTGGCGGTATCTGGTCAATGAAGGTTATAAGCTCGTCCACATCCTTAGAATATATTTTCCCTTCTATCAGAGCCATTTCGGGAACATACTTAGATGGATATAGAAAAAATTCGTAAGGGTCAACCTTATACTTTCTTTCTATATAAGCAACGAAGCCTCCTTCCTTCTTGGCTTTATAGGCTATCTCAGAAAGGTCAGGTGCGGAGCGTCCCTGTTTAAGATTTAAAGTTTTTACCGAGTGACAGCTTGAGCAAACCTGGTAATAAACTTCTGGCACTTTAATCAAGGGTAAAACCTCCATCTGCATACTGTCCAGTATCCCATTTCAGGCTTCGGCATGCCTTTTTCTTAGCCTTTTCATTCCCAAAAGGCTTGTGCTCTACTCTCCTTTCAAAACTACCACAAAAGATAATGAAAAGGAGGGCAAAAACCGCCCCCTCTTTAACCAAGCTATAGATATGTTATGCTTTAACAACCTTTACATTACCGCTGTAGAAGGCTACACCACCACCAAACCACTCCATCTGCGGATAGACCACCCCAGTAGGTAGTTTTGCATTAGGATACATGGCTATGTATGGAGCACCTTTGTCTCTCCTGGGGTCTGAAAGTATTCTGTTGCCGTCCGCTATCTTCATAGTTCCATGAAGTGCCTTTATTCTCCACTCTGGGAAATCTTTGAACTTTGCAAGACCCAGCAGAACCTTTTCTGGGTTCTGTATTTCAAGGGGAACTCTATACGTGCCAGAATAACACCAGTGACCGAAGGTTGTGGATATGGCTACTACGCCCTGCCTTATCCTGTTGGTTACATACGCCTTGATCTTATACTCCACCCTTTTACCGTTAACATCAACCGCCCAATCCTCATAACCGGGTGCAAGAACCTTTACATAGTCACCCTGTTTAATGCCGAGCCTCTGAGCATCAACAGGATTTATCCAAAGCATGTTTTCGGGCTCAGATTCAAGTGCCCATATGTAGTTTATGGTTCTGGACTGGGTGTGTAAGGCAGGTTTGTAGGTTGTGAGTTTTAAGGGATATTCTTGCTCTATCTTGTCTGGGTCAAAGCCCTGATACTGACCTGCTTCTCTCAAGGATACATATCTCGGATGTCCGGGCATGAATTTGCCTGTTATAGGGTTGTGTCTTAGTGCAAGCCCTTCGAAATAGAACCTTACTATATTGTCCTTATTAAGCGGGAATTTGTATAGACCCTCGCTAAAGTGATCCTCATAGCCTATGAAAAAGCCTCCTCTTGAAAGCAGGAAGGCAACCTTTGGCCATTCTTCTGGAGAAACCGCATCCTTATACTTGGCTATTGGATAGTTCTTTTCCACAAACTCCACATCTTCCTTCTTGGGGTTTATCTTATATCCCTTTGACTCAAGGTCGTGGACAAGATTTGCTATTTGTTTAAGGTGGTAGTCTTCCGCTCTCATGAGAGGATAGGTTTTGCCTTCATTGGGTCCCATTCCCTTTATAGCCTTTTCTCCCCAGATGGGAGAGCCAATCTTTCTGCCTACATCTACGAGGAAGGTCTCAAGTTGCATAGGTCTTCCATCGGGTGTCTTGTCTGTGAGAGGCTCTATTATGGGGCATCTTATCGCATTGAAGAAAAAGTAGTGGTAGAGCGAATGCACACCTGTAAATCCTTCCGCATAGGTTATGTCTGGCACTATGTAGTCCGCAGCAAGATAGGAGGTATCGTCAATAACCGTAGTTATGTGTATCCATAAGCCAACCTTCTTTGTATCGTTAAGTATATCTTTGTAATGTAGCTGTGCTGGGTAAGTAAAGAGCGGATCGGACATATACTGGATAACCGCATAGGGGACACCAGCCTTTTTCTGGTCATAGGGATAATCATGAGCCATGGAGGGGAACATGCCCGTGCAGTGATATTTCGAAGCTATAAACTTAAACCAGGGCATTTTTGCGGGATAGGGGTTTTTACCTTCCATCTTTGCCCTATAGTAGAAGGCGGTCTCTTCGTAGTTTTTCTGAGTTCTATGGAGCTTTAGACCCCATGGCTTTCTTCCCCCACCAAGGTCATACCTGCCCTTACCCCTCTCACCAGTTCCCACTC
NZ_CP117180.1_gap16	1003153	1004849	1696	AACTCCAAAAGAGGGTTATGCTCTAGGACTGTTTGGACTATTAGCCTTTTCTTGCTTACGCTCAGAGCCTTCCACATATAGGAGAAATACTCCTCCGCAGAGTCATACCATGGGACAGAGAGAATATTGTCCGCATGTAGCACAAGCACGTTATCGTAGGTCTTACCGAGCTCTGGCTTTGTTTGAAAGGTTATGTTTTCCCTTAGTCCTATGAGTCTTTCCACCTCTTCCACCGCTTTGTCTATGCCAAAGCCAAGTTCTTGAAGTTCTCTTCCACACTCAGGACAACTTGCCAATCCCTTATATCCACAGGAAGTGCAAAAGACCGTGCTTTTGTCCTTACTAAGGGTTAAAAAGCTACCGCACCTTGGGCACTCCACTATATAGCCACAAGCCTTGCAGTAGGCATAGGCATAACCCACCTTGTTTACAAGGATAAGGCTCTCTTCTTTTGTGTTTTCCTTTAGGAGTTTTAGTGCGGTATCTGTAAGAACCTCTTCTGGCTTTCTCTTTATTACTGTTACCTCCGCAGAGGGTATAAACACCTCACGTTGCCAGCCCTCTCTAAGACACAGGCTAAGAGGTGGCAGTGGACTTGCCACACAAAAGTTAGCACCATAATAGCGAGAAAGCTCAAAGAGAAAATGCCTTAGGTCCGTCCCATCTTGAAGCCTTGAGGCTCTGTCTCCAAGAACAACCACAAGCCTTAGGTCTTTTATAGGAGATAGCAAGGCTATCCTGCTTCCCAGCACCACAAGACCCTTCTCTTCGTAAACTCTGAACCAGTTTTTCACAAAGTCCTTTTCCCTCTGAAAGGAGCTAAGAAGCACAAGCCTATCGCCAAAAACAGCATACATCTCCTCGTAAAGGTTTCTGAGTAGCTCACCTTGGTCGCAAAAGATAAAGAGAGATTCCCCTCTATCTATGTGAGCCATAAACTCCTCAAAGAGCCTCTCTTTTATCTCCCGCCAGCTACCCATCAAAATGCTTTTACTTCCAAGAGGTCTAAACAAGGGCTTTTTTTCCTGTCTTAGCTTAGTAAGATTTGGGTTTGTGTAGGGTATGACCTCTTCTGCTTGTGAAATTATACCCTTGTTTAAGAGAGTCCTTATCTGTGCAGAACTAAAGCCTTGCTCTTTTAGCTCCTCTAAGCTCGCATAACGTTTCTCAAGCAAAAAGTAAACAAGTTTAGAGACTTCCTCCTTATTTTTTAACCTTTTGAGCCTTTGCAGAGCTTCCTCCAAAGGGACACATAGCCTATAAAACTTCTCCACAAGTTTTGGACTTTTCCATTCTCTCTTTTTTGTGAGAAACCCAAGCTCCAAAAGATACTTTACTGGCTCGTTTCCAAAACGCTTTTTTAAGTTCTCCTCCCTTACTTTGCCTCTTGCTTTTACCCAGCTTAGTATTTCAAGGCTTTTTTTATCCAGAAAGGCTATTGGTTTTTCAGAAAGGCTTATATACTCTTCCAACCTCCAATCAAAGACAGAGGGTAAGAGCTTATACAAAAGATGCCAAGGTATAAGTCCGTAATAGTTTGCGGTATCAATAAGAGCCCTTATGTGCTTTTCTGTTGTAAAGGGTTTTGTATCTGGAAACTCAAGACCTACCTCCTGCCCTTCGTTGGCAAGACCTACCACTATTGCGGTCTTTCCCGAGAATAAGACCCTGTAGCCTACAGGACTGTCTTCATAAG
NZ_CP117180.1_gap17	1030712	1032466	1754	AGAATTTGAGCTAAACCCATGGGATGTGGTTGCCGGCTCTCTTATAGCCAAAGAGGCAGGTGCCAAAGTGGCACTAACCAAAGGCTTCTCTATGGGAACGGATGTTTATGCGGGGAACGACCTATGCTTTCCCTTTATACAGGGAGTGCTTAAATTAAACCTCGAGGAGTTTCATGAGCTTAGCCTATAAGTATAGACCACACTATACGGTGGAAGATTATCTTAGATGGCAAGGGGACTGGGAGTTAATAGAGGGCATTCCATATGCTATGGCTTCGCCAAGACCTATAAACCAATACCTTCTTAACGAACTTGGTGCTTTTTTAAGGAATGTTTTTTTGCAGGAAGAATGTAGCACTTGCAAAGTTTACGTGGAGCTTGATTGGTATGTATCCTTTGACACGGTCATAAGACCAGACTTAATGGTATTGTGTGGAGAAATTCCAGAGAGGGTGGAAAGCCCGCCACAGATGGTGGTGGAGATAGTTTCTCCAAGTAGTAGGCAGATGGATGAAGGTCTTAAGTTTGAGCTGTGTGAGATGCAAGGCGTGAAATACTTTGTCCTTGTTTATCCTGATGAGAAGATGGTAAAGGTCTTTGAGTTTGTGGATGGGAAATACAGAGAAAAGTTAGATAGGGTTTTTAAACTAGATGGATGTGAAGTGAGTGTAGACTTCTTAGAGCTTTTTAGTAATTTTGAAGGGAGGAGATGAAGATGAAATTCCTTGCACCAGTTGACTTTACGGAGATAACAAACCCGCTTATTAGAGTAGTGAAACTCTTTGCCCAAGCCCACAATGCCAAGGTCCATCTTCTTCATACAGTGTCTCCCGTGCTTTACCTTCCCTATCCAGAGAGCTTTGGTATGAGCACAGTAGACCTTGAGCTACTGGCAGAGCTTCAGGAGAGAAAGAAGGAAGAGGCAAAGGAGAGGTTAAAAGGTCTCGTGGAATTTTTAAAGCCTCTGGAAGTGGAAATTCTCGTAGAAATAGGAGAGCCTGCGGAGGTGGTGTTAGAGAAAGAAGAGGCATACGACCTTGTCTTTATGGGAAGTCACAAAAAGGGTCTTGTGGAAAGGATATTAGTTGGCTCAACAACAGAAAAGGTTGTGAAGTATTCAAAAAAGCCTGTTTTTGTGCTAAAGGGAAAGGAACCAGAGGGTATAAAAAAGGTCCTTATAGGATATGACCTCTCGGAGCATGCAAAAAAAGCCCTTGAATTTGCTGTAAACCTACTAAAGCCCTTTTCTCCTCATATAGTTCTTCTACATGTGGAAGAAACTATTGAACTGCCACTCGTTGAAGGAATAAGGGATGTTCTAAGTGAAAAATACAGGGAAGAAAAGTTAAAACATATTGAAAAAATTAAGGACTGGCTTAGAGAATCCGGCTTTACAGCCTCAGCCTATATACTTGAGGATAGGTCTCCTGCAGATGGTATAAGGAACTTTTTGAAGGAAGACCCAGACATAGACATAGTGGTATTGGGAAGTAGAGGTCTTTCTGGCTTAAAGAGGGTGCTTCTTGGAAGCACATCCTCGGAGCTTCTGAGGTCTTTGGAAGTTTCTCTTATTATACATAGGAGTTTAGAATGAGAGTGCTTTTTTTCCTTTTGCTCTTTGGTGTATCCTTAGCTTACAATCCATACACCGATTATGTTTTCTGCAGGCTCTATCAAGAGAAAGAACCACTCAAAGCTGAAAGCTATTGCCTGAGAGCCCTTGGAAGAGCACCAACGCCATCCTTGTATGTGGA
NZ_CP117180.1_gap18	1036508	1038417	1909	GCCTATAGCTTGAGAGAAGAGCTTTAGGTTTACTTGCTCCTTTAGCTCCTTTGAAAATATGTCTTTGAGCTGAGTCCTTACCTCAAGGTTAAGAAGCATTTTCTACCTCCTTCAGGTCCTTATTATATCCTTAAAATATAAACCATGAGAGACAAGAGAGCCATAATAACTGGTGGAAGCAAAGGTATAGGAAGGGCAATAGTAGAAAGACTTATAAAGGAGGGTTGGCAAGTTTGCACCTGTTCAAGAAAAGAAGAAGACCTAAGAAGATTAAAAGAAGAGCTGGGAAACCCTCAAAGTCTATACATAAGAGCCTGTGATGTGGGAGATAGGGTTTCTGTTATGGAATTTGTCCGCTTTTGCGTTCAGAATATGGGACGCATTGACCTTTTGGTAAACAACGCAAGCCTTCTGGGTGAAAGAGTTTCTATTGAGAACTATCCCGAAGATGTGTGGGAAGAGGTTATAAGGGTTAATGTAAATGGAGTTTTCTACATGACAAAATATGCAATTCCTCACATGAACTCTGGCTCGGTTATAGTTAATATGTCTTCTGGTGCTGGCAAAAGACCTGCACCCTACTGGGGAGCTTATGCGGTCTCCAAGTTTGGTATAGAAGGTTTTAGTCTACTCTTGGCAGAGGAGCTAAAAGATAAGAACATAAGGGTTTACGCCTTTAACCCCGGTGCCACCAAAACACAGATGAGAGCAAAAGCATATCCACATGAAGACCCAACGACCCTAAAGCCTCCAGAAAAAGTAGCGGACTTTATCCTAAGACTAATAAGCTCTAAAGTTCCAAGTGGTTCTTACGATTATAATGAGTAGAATATAAGTTATGACTAAATATTTAGGCTACTTAATCTTAAGCGTAGGCTTTATAATATCTCTTATAGCCTATATCTTTCAAGATAATCTTGTCCTTACGAAGCAAGCCTTTGCGGTAAGTATATCTATCTTTAGAATAAGCACCTTTTTTCTTCTCTTATACTTGAGCCTTACGCTAATTTCGCTTGGTCAAAGAGTTGTAAGTAGAAGGCTATACTTACTGGGAATTTTCCTAATACCCGCTTTAATTCCAGACCTTTTTCATATACTATCCTTTTCCTTTTTTCCTGATTTTATAACGGAAAACAAGAGACATAAAACCGCCTACCTTTATCTTTTTTCAAGAACTATGGTTATAGTAGCTCTTTATCTAAGCATATTTAGTGAAAAATTTTTCTCAAGAGAGGTGAACCAGAAGGTGCTTCCAGTAATTCTTACACTATTTTCCCTTTTTACCTCCTTAGGAATTGTCCTATATTACTCCCATCTTCCTCCCATATTCCTACAGATGGATAGTGTCAAGCCAACTTGGTATAAGACTGCCTACGATGTTATAAGTTTTGTGCTTTTATCCTTTATTGCGGTTTACATATACAGAAAAAAGGTCTTTGGAGAAAGGGTATCGCCCTATGTAAGTCTTTCTGTAGGTTTTCTCGCCCTTTCGGTTTTTACCTTTTCTCTTGCTCTCCACAAGCACGTGTTTGACTTCATGGTTCCTCTTGCCTCCTTTTATAGAGCGGTGGGTTATGGACTCTTTACCTTTAGCGTGCTCTATCTAAGCGTAAGAAAAGAGTCAAAGGCTATAATGGAATCTACAAGAAAGCTCTTGTTTCTCCTAATGAAGGAAAAGCCTTTCAAGGAAGGAGATATTTTCTACATAAAGTTGGGAAAAGGCACAACCTATGGTATTTCTAACCTTTTTATTTACGACCTCAAAGATAAAAAATGGCTTGCTCAGGCTTATGAAGAGGAAAAGAAGGATATGCCTGCTATAGAGCCTATGGAAATGGGTAAGTTTTTGCAGAATCTTGGTAAGACTTATCTGGATAGAGAATATCACTATAGCCTTTATGAAGATTAT
NZ_CP117180.1_gap19	1202602	1205522	2920	GCATAGAGACACCAAGGTCAAAGAGAAAGCCGTCCACCTGCGAAAGTCCTTCCATTTTGAGGACTTGGTCAAGGTCTGAAAAGTTTGCATGATAAAGGCTGTATCTACCTTCAAAGTCTTTGAGGCTTTCCTGTGCCATCTCAAGTGCGTAAGGGTCTCTGTCTATGCCTATCACAAAGGCTTGTGGGTTTTTCTCCAATATCCTACGCGTATGCCCACCAAGACCTATGGTGCAATCCACATAAAGTTTTCCTCCATTACCTAACAGTAGGTCTGTGGACTCCTCAAGAAGAACAGGGATATGCATTAATCTCCAAAAAGGTTTGACTGTCTTATTGGAGAAAAGCTCCTCCTGTGTATTGGGCTTTCTCTATAAAGTCTTATGGCACTTATATGCTCCCTTGTTGCGTAGCCCTTATGTTTTGAGAAGTTATACTGAGGGTAGAGTTTATGATAATGCTCCATTATTCTGTCTCTGAGAACCTTTGCCACAACGCTGGCACAGGCACAGCTAAGGCTCTTTTCATCACCCTTCACAAGAGGAACACATTCATAACCTTCCACAGGCAAGTAGTCGCTTATAACCACATGAAACTTGTGCTTTAGGTCTTCCAAAGCCCTTTTAAAGGCAATGAGATTGGCTTTTAAGATGCCCACCTTGTCTATTAGAAAAGAGTCCACAACCGCAGTGCCTATAGCGAGGGCTTTGGACTTTATCAGCTCATAGGCTAAATCCCTCTCCCTCTGGCTCATGGACTTGGAGTCGCCTTCTATAAAAGGTTCTATAAAGGGTGGAAGTATAACCGCACAGGCAACGAGAGGTCCAGCCAAAGGACCCCTTCCCGCTTCGTCAACACCTGCCACTAAAAGACCCTTTTCCCAATGGGGCCTTTCGTATTCTATCATGCCTTTTTCCTGAGCTCCCAGGGCTTTATCTCCCTTATCTTACCCATAGCCTCCTTGCCCTTGTATTTACGCAGGAAGTAAAGCCTTGACCTTCTGACCTTTCCATACTTGACCAGCTCAATTTTCTCTATGTTTGGGCTATAAAAGGGAAATGTCCTTTCTATACCCACTCCATAGGACTCCTTCCTTACAGTAAAGGTCTTACCTATGCCACCACCCTTTATCCTTATAACCACGCCCTCAAAGGGCTGTATCCTTTCTTTTTCTCCTTCCACTATTTTGTAGTGAACCTTTACCGTATCACCCACCTTAAAGGCTGGGTATTGTTTTTTTGGAAGATATAGCTCCTCAATTTTCTGAAGCAAGCTCATAGCTAAGACCTCCTTTTATACTTAAGACATACAATTATAGCACAGTTTGGGTTATAATAACGCAAGTTGCAAGCTATAAAAAATTGATAACCTTGAGCCCGTCATGAGGGATAGGAGGAGAAAGTTGTTTGATGATATAATCCTTTTGTGTCTTCAAAAGATATAACTCTCAAAGACATCTTTGAGGAAGTCCCACACAGGCTTAGCAAAATCCTCTCTCCAGCCCCCATTAAAGAGCTGTTGCCAACATCTCTGCCATCCACTGAGCTAAGAGTGGACTTCTTGGCAAGACTTGAGGATGAAAGCATCCTACATATGGAGTTCCAATCCTTTAACGATACAAACATGCCTTGGAGGATGCTTCGCTACTATACCGCCATAGCAGAAAAATACAAAACACACAACATAAAACAGCTCCTCGTGTATGTGGGAAATGAAAAGCTCAGGATGAAGCCCTCTCTCAAGATTAAGAACTTAGTCTTTAGGTATGAAATACTTGACATAAGACAGATAGACTGCAAGATACTACTTGAGAGCCAAGACCCTGTAGATAGGATAATGGCATGTTTGTGCAAAGTAGAGGATGAAAGATATTTGATAGAGAAACTTGTGGAGACGCTGGAAGGCATGGAAGAGGAACAAAGGAAAGACTACATCATGAAGCTATTGACATTGACAGAGCTAAGACCTAACTTAAGGATAAGGCTAACAGAGGAGGTCAAGCACATGCCTATAGTGGTTAGACCTGAGGATATAAAACTGCCAAAGAGGAAGTTGAGAAAGGACATCTTATACAGGCTTGGTCTTGAGGAAGGGTTCATAAAAGCATTGCAAGATACAGTGTTGACTCTTATAAGGGGCAAGATTGGAAGAGTTCCTGAAGGTGTAGAAGTAAAGGTGAAGGGCATAAGGGACAGGGAATATTTAAATGCTTTGATAGAGAAGTTAATAAACTCTGGAGATGTTTTGGAGCTTTTGAAGGAGGAGAGGCTTTTGAGTTGTAATTGACAGGAAAGCACTATATAATAACTTGCAATTTGGTTTATAATGGAAAAATCTCTGGGTTTTTGCTAATGGACTACTCCGCACTTGACCTTATAGCTGAGCCAATTCTGATAGTGGATAAAGAGCATCGCGTTCTCTTTGCTAACAAAAAGGCAAGAGAGGTATACGGTAATAGGGCGGAAACCTGTTATGGGCTTTCTCATTCCTTCTCAAAACCATGTTATGAATACGAGGGGCATCCATGTCCAGTTAGAAACATAAGAGAGCTGGGAATAGAAAAGTCTGGCGTCCTACATGTTCACAAAACGCAAGAGGGTGAAAGGTATTTTTATGTGTTAGCTCACTACCTTCCGGAAAAGGGCTTTTATGTGGAGTTTCATATAGACCTCTTTGACCTTATGGAAAATCTAAAGCTCAGTGGTCAGAGGACGGAGCTTTTTCTCTCTGGAGGTCCTGTGGTCTTTTTCCAATGGAAAAGGGCAGAGGGCTGGCCTGTGGAGTTTGTTTCACCCAATGTGTCTGAGTTTCTTGGATATACAGCAGAGGACTTTATATCGGGAAGAATAAGGTATTCAGAGCTTATACATCCAGAAGACTTGGAAAGGGTAGCCCAAGAGGTAATGTATCACACAGAGAAG
NZ_CP117180.1_gap20	1208987	1211523	2536	CAAAGGGCAAGAGCATGTAAGCACGGAAGAGGAGCTTGTAAGGGCACTAAAGGTCAACTCCTTCCCTCAACTCTTCTTCTATGATAAGGAAGGCAATATAGTGCTTCATCTACCAGGCTACCAGCCACCCAAAACCCTTGCTTGCACTATTAGGTTTGTAAAAGAGGGAAAATATAAAGACACCAAGTATATGGACTACCTCAAGGCGGAAGAATGCATCTAAAAGCCATACTCTTTGACTTAGACGGGACGCTCATAGACTCTTACAGAGACATAGCCATACATCTCAACAAAACTCTAAAGGACTTTAACAAACCTCAGGTTGAGATACAAGAAGTCAGATACATGGTGGGAGGCGGTGCAAAAGAGCTTCTAAAAAGGTTCTTCCAAGATGGCATCCTTGAAGAGGCTCTAAAAGTTTTCAGAGAGTATTATCTCAAAGAGCCTGTTATTCACACAAAGCCCTTTGATGGCATAATGGAAGTTCTTGAAAGAGCAAGAAGCAAGGGTATAGAGCTTGCGGTGGTTACTAATAAGATGGAAAGCCTTTCTAAGGTCATACTTCAGGAGCTTGGTATGGCAGAGTATTTTTCAGTGGTGATTGGGGGAGACACGCTTTCTGAGAAAAAGCCTTCACCCTTGCCTGTGCTGGAAGCCCTAAGACATGTTGGTGCCTTGCCTTCAGAGGCTATCATAGTGGGAGATACGGAAGCGGACCTAAAGGCAGGCAGGCTCGCAGGTGTAAAAAGGGGTCTTGCCCTGTGGGGTTATGTTAAAGTTCAAGAAGAAGTTCCAGATTTTGAACTCCATAGCCCTTTGGATTTAGCCAATTTTTTTAATCCTTGATAACCTCAAAAACCTTAAGCCTTGAGGTAGAACCTCTTAGAAGTTGGACCTTTGACTTTGAAACTCCAAAGTGCTTTGCCAAAAGCTCTATGATTCTCTCATTGGCTCTACCATCTTCTGGTGGTTCTTTTACCGCAACCTCATATATGCCTTCCTCTACTTCTTTTACCCACTCCACCTTTGATTTAGGCTTAGCTCTTACTCTCAGTATCATTCTTCGGGCAGTTCTCTAATAGCCTTGTATTTTATCGTATATAACACCACAAAACCGTCTATGCCATGCTCTCTTGCAAGGCTTGTCTCCACCTCAAGCACTTGACCGCCTTCCTGCTCTATTGTGGATAAAACCTCGTTGAGCTTTTCGGTAATCTCTCTATCATTGCCCTCAAGGGAAATTACCATGCACCTGTATGCCATGCTTAAAAGTATATCTCATCAAGGCTATTAATTCCCTTATAAACCATAAAAAGCCTCTCAAGTCCTATGGAACAGCCCGCACAGGGAGGAAAGTCTCTGTAGGACTCAAGAAGCTCCTCGTCAAAGGGTAAATCCCTACCCCTTGCGAAGTTTTCCATCCTTCTTCTTATCTCCTCAGGGTTTGTTTCTTCACTCCAGCCGTTGGCTATCTCTATGCCCTTTATATATAGCTCAAACCTCTCCGCATAACCATCTACCACTTTGGCGTAAGAGCTTAATCTTTGAGGAAAATGGGTTATAAACTCAGGCTTTTCTCTGCCAAGATTTCTTTCCACATCCACATATATTCTGAAAAAGAGACTTTCCCAGTCTTCTTTGTCGTCAAATTCGTAGCCGTAGGCAAGTAGGTTGTTTTTGAATATTTCCTCATCCTCCGAAAGCACCACACCCGCATACTCCTCAAAGGCATGCTCAAGCCTTGTAGTCTTGTATTCCTTTGAAATTCCCAAAAACTCAAGCAAGTCAGCTATTTCTCTTATGAGATAACTGTAGTCCGCCCCAATCTTATACCACTCAAGCATGGTAAACTCTATCTTGTTGAGCCTTCCGCACTCATTGTTTCTGAAGACCTTTGCCACTTGAAATATGTCCTTTTTGTGCTTTGAGAGTAGCTTTTTCATAGAAAACTCTGGCGAGGTCTGAAGCCACAGAATCTTTTCCTTACCGCACTCCACAACCTTAAGCCCGATAGGCTCTACATTCAAGTCAACGTTGGGAAACTCAAGAAGCACGGGTGTATGGACTTCAAGATAACCTCTTTCTCTGAAGAATTCCCTTACTTTCTGAATAAACTCAGACCACTCAAAGACCATCTAAAGGATTATAACATGGGGAGAGCGACGGGAGTCGAACCCGCGACCCGTGGATCCACAGTCCACTGCTCTGCCAACTGAGCTACGCTCTCCTAATCTTTTTATTATAATCCCCTTAGCTCTTTCCTGCAAGGTTCATTATAAGGGCAGTTGCCACTGCACCAGCCATCTCCATTCTCAGCACATAAGGTCTTAGAAAAAGAGGCTTAAAACCTTTGCTTTTTAGAGTCTCCACCTCTTCAATAGACAGACCACCCTCAGGACCCACCAGAACACCGTAGCTTCTCTTAGTGAGGTCAAGGCTCTTTATATCAGCCTCTGCGGAGAAGTTATCAAGCACAAGAGAAACCTCTTCTTTGGCTTCCAACTCATATAGCCTTATAGGTCTACCTATCTCCATA
NZ_CP117180.1_gap21	1214803	1215552	749	TCAAGACCTGTTGCGCGGTTTGCACCCTTTAGGAGACCACTTATCTGTGGTATCTGGCTTATAAGGGCACTGCCTACTGGTATTAGTCCTTCCGCTTCTCCACCACCGAGGACCAGCGCGGTGAGCACCTCTCTTATATCTCTGGGTGGCTCAGACCTGACTATCACCTTTGGATATTGAGGGTTTCCCTTAAGGTCAATTATTATGCTGTAGTCTGGTGTAGGGGTCAATATGGTAAGGTCCATCTGACTGTCCTTATTTGTAAGAGTTAGCTCGCCCCTTCTAACATAGAACTCCCTTTCAAAGTATCTCAAAGCACCTCCCTTAAGGTAAGCCTTTACCGTATAGTTGGGCTCATAAAAAGTGCCTCTTATCTTTGCAGAAAGGTCCGTATACACATAGCCCTCTGGAAGATTAAGTCTTAAAGGTTCAGAAGAGACAATAGATAGGTCAAGATTGACTCTCTTATAGCCTTCAGGACTTGCTCCAGCCCCTCTGTTGATTCTTTGCACATTAAGGACTCCAGAGGTATAAAACTCACCCTTTATATTTAAGTTCCTATAATCGGAGCTTAAAAGTCCCTTTCCAGAAACAAACATATTTGCTCTTATGGCATCACTTCTGTAGAGAATAGGTAGTTGTGTAGCTTCAAAGCTAAGCTGTGCGGTTTTTTCATCTCCCTGCAAGCCCAGAAGAATAGAAGCCCTTTCGTTTCCGCTTAGCCTTGCAAAGCCAGAGAGTTTGTTATC
NZ_CP117180.1_gap22	1369201	1373642	4441	ACATGCCTATAGTGGTTAGACCTGAGGATATAAAACTGCCAAAGAGGAAGTTGAAAAAGGACCTTTTATACAGGCTTGGGCTTGAGGAGGGTAAACAGATTGGTATTGAAGAAGGTAAGCAGATTGGTATCGAGGAAGGTAGAAAAGAAGGTGAGGTTATTGGTATTAAAAAGGGACTTTTGAAATCCGCACAGGAAATGGTTATAGCTATAATTGAGGCTAAACTTGGTTATGTACCAGAAGAGATAGCAAATAGGATAAGGGAAATAAAAGATGTGGAGTTTCTGAGGTCTTTAGCCAAGAAGTTGGTTTCTGCTTCTGAAGATTTCATGCAGGTTTTGGCTATTGAACTGAAAATTTCATAACATAATTCAAAAACTCATAATGATAAGGCTAACAGAGAAGGTCAGGCACATGCCTATGGTGTTAGACCTGAGGATATAAGACTGCCAAAGAGGATATGGTTATAACTCTCGTAGAGGGTAAACTTGGCTATATGCAAGAGGGGTTGGAGAAAAGGGTAAGAGAGATAAAAGATAGAGAGTTTCAATATGCCTTGATTAAAAGGCTTATAGGTTATGAAGATGTCTTAGAAGTGCTTAAAAAAGAGCTAAATTTAACTATTCCTTCTTAGGCTTTAGTTTTTCTCAAGCTAATTGCCTTTTCCTTTAGCTCCGCCAATTTTATAAGCGCTTGCAAGGGTGTTAGGTTTGCTATGTCAAGTTCTATAAGCTCTTCCAAAAGTTGCCTTTCTTCTTCTCTTTGGCTTTCTTCGTAAACTCTTTCCAATACAGGCAGGGTCTTTGAGGCTTCAAGTTCCAATAAAACCTCTTCCGCCCTTTTTATAACCTTCTCTGGTAGTCCCGCCTTTTTTGCCACTCTAACACCAAAGCTCCCCTCCGCCCTACCGGGCTTCAAAAGATACAAGAAATTTATATCTTCCCCCTCTTTGCTTACCGCCATGTGATAGTTTTTTACGCCCCTTTTGTTTATCTCAGTAAGCTCCAAGTAGTGGGTTGCTATAAGGGTTCTCGCCCTTATGTTTTCCAATATATACTCCACTATAGCCTTGCTTATGGCTATGCCATCATAAGTGGATGTGCCCCTTCCTACTTCGTCAAGGACTATTAAACTCCTTTCATCCGCATTGTGGAGTATGCTCGAAACCTCAAGCATCTCATTCATAAAGGTAGAAACTCCCAAAGCCAGAATATCCCCAGAGCCTATGCGTGCATGAATAGAAGATACCAAGCCTATCCTTGCGGACTTGCAAGGAATAAAAGAACCCATATGAGCCAAGAGGGTAAGAATGGCAGTTTGCCTTATGTAGCTGGATTTTCCTGCCATGTTTGGACCAGTTATTATGTATATGAGGCTTTCCTCATCCATATGCGTGTCGTTAGGACAGTAGGTTTTTACATGCTCTTCTATCACAGGATGCCTACCCTCTTGGATATGCAGGACCTTTTCTTCAACTATTTGAGGTCTTACCCATCCCTTCTCTAAGGCTATACTTGAAAGGGACTGAAGATAGTCAAGCCAACCTATAAGCCTTGCGTTATGGGCAAGCTCTTCAAGCCTTTTTATAACCCTCTCCCTCAAAGCTATGAAAAGCTCATACTCAAGATTGTTTATCTTGCTCTGAGCGGAAAGTATTTTCTCTTCAAGCTCTTGCAGATAGTCTGTGGTGAACCTTTCTGCGTTTGAGAGTGTCTGACGCCTACGAAAGTAAGAAGGCACATACTTGAGGTTTGGCTTTGTCACTTCTATGTAATAGCCCATAACACGGTTAAAGCCTATCTTTAGGCTTTGTATTCCAGTTTCCTTTCTTAGCTTAGCTTCGTATTGGTCTATTAGGCTTTGCGCGTTGTCTCTGTAGTATCTAAGCTGGTCCAACTGTGGGTCTACGCCCTCCTTTATAAGACCTCCTTCCTTTACGTGCAAGGGTGGGTCTTCCACGAGGGTCTTTTCTATATCCTCTCTTAGGTCGCTAAGCTCTAACAGTCCTTCGTAAATTTCTCTAAGGGAAGCAGAGTCCATGTCCCTTAAAAGCTCCTTTATTCTCTCCAAGGCTTCAAGAGATCTTCTTACCTGCAGAAGGTCCTTTGGAGTAGAGATACCACCGCTTATCCTACTTACGAGCCTTTCAAGGTCTGGCATATTCCTTAGCTCTTGCCTTAGGGCTTCCAAGAGCTGTCTTTTTTCCATAAGCTCCTGAACTGCGGACTGCACCTTTTGAATGGCACTTTTTTCCCTAAAGGGATGTAGGATATGAAACCTAAGCCTTCTTCTTCCCATACCCGTTAGGGTCCTGTTTATTACTCCAAAAAGAGAATACCTTTCTGAACCCTCATAGGATTCTAAGAGCTCAAGCCCTCTCCGTGTCCTGTAGTCTATGCGAACATAACCCTCTTCTGTGTATGGCTTTGGCTTTTCTACAAAGGGTAAAAAGGACTTTTGTGTGCTTTTGAGGTAAAGGTATAAGCCACCAAAGGGCAAAAGCTCCTCCTCCTTTTCAAAACCAAGCCCTCTGGCACTGTAGAGCTTCATATCCTCAAAAAGCACTTTTAGACCCTCATGAAAGTATTCCTCTTCCACGGTGCTCACAAAGAGGTCAAACTCCTTTAGGTCAAAGGAAAGACCTTGAGGTATCAAAAGCTCTTTTGGAGAAAACTTAAGGATAAACTCCTTTGCATTCACTGGGTCAAAGGAGCCTCCCAAAAACTCACCTGTCGCTGGGTTTAAGTAGGCACAAAGATAGAGGCTTCCCCTTTTCAAGAGGCTGGCAAGCCCGCAGGTTTCCTTCTCAAAGTATGTGCCGGGAGTGATGACCCTTATAACATCCCTCTTTACAAGACCTCTGGATTGACTTGCATCCTCTAACTGCTCACATATGGCTACCTTATAGCCCTTGGAGACTAACTTTGAGATGTAGGAGTTTGCAGAGTGGTAGGGAACTCCACACATGGGAATTCTCTCTTTCCCTTTTCCTGCAGGTCTTGAAGTGAGCACAAGACCGAGCTCCCTTGAACCTATCTCCGCATCCTCGTAGAAGAGCTCATAAAAGTCTCCAAGGCGAAAAAAGAGCAGGCAGTCTCTGTAGAGCTTTTTAAAGTGGTGGTATTGAGAAAGCATAGGAGTTAGGTCTTGATTACTTGGCGTATTCCACATGTCTTGTCTCCCTTATTACCACCACCTTTATCTGTCCGGGAAACTGCATCTCTTCTTCTATTTTCCTTGCTATGTTTTTGGAAAGCATGTAGGCTTCCTCGTCGCTTATCTCCTCTGGGCTCACTATAACTCTTACCTCTCTTCCTGCCTGCACCGCATAGGCGTTTTGCACACCCTTAAAGGACTTGACTATTTCCTCTAACTTTTCAAGTCTCTTGAGATAGGCTTCAAGGCTCTCTCTTCTTGCACCAGGTCTTGCTGCGGAGAGGGCATCCGCAGCACACACAAGGGCAACCTCTGGATATCTTACCGGCTCTTCGTTGTGGTGTGCCTTTATGGCGTTTAGGACTGGGTCTGGCTCTCCATAGCGTTTGCAGAGCTCTATGCCTATGTCCGTGTGAGAACCTCCCAGTTCGTGGGATATGGCTTTACCTATATCGTGCAAAAGTCCAGCCCTCCTTGCCATTTTAGCATCCAGCCCGAGCTCCTCCGCCATCATACCTGCAAGGTAGGCAACTTCCTTTGAGTGTAAAAGCACGTTCTGAGAATAGCTTGTCCTGTAGTAGAGCTTACCTATGTAGTAATAAAGCCCAGGGTTTATGTCGTATAGACCAAGCTCCATGCATGTCTCTTCTCCCATCTTCCTTATCTTCTCATCCATTTCCTTTTTGACCTCTGCTACCACCTCCTCTATCCTGGCGGGGTGTATTCTCCCATCTTCTATAAGCCTTTCCAAGGCATCCTTTGCGAGCTCTCTCCTCATGGGGTCAAAGGAAGATATGGTTACAATATCAGGCGTATCGTCAATTATAAGGTCTACGCCTGTGAGAAGCTCAAAGGTTCTTATGTTTCTCCCCTCTCTTCCTATTATTCTTCCTTTAAATTCGTTGCTGGGAAGTTCCACTGTGGTGGTGGTGTAGTTTATGGCTATCTCAGAAGAGAGCCTCTGGACTGCTGTGGTTATTATCTTCTTTGCTTCAAACTCTGCCCTTTCCCTTGCCTCCTCCTCTATACGCTTTGCCACTCTTATGGCTTCTATCTTTGCCTCCTCTTCCACTCTCCTGAGGAGCTCCGCTCTTGCCTCCTCAAGGGACATACTGGCTATTCTCTGGAGTTCAAGAATCTCCCTATGTCTGAGAGCTTCTATCTCCTTTTTTCTCTCGTCAATCTCCCTAATTTTGAGCTGTAAGTCCCTCTGGGCTTGGTCTACTTGCTTTTCCATCTCCCTTACTTCCTTTTCTCTCCTGTATAGCTCTTCCTCTCGCCTTTC
NZ_CP117180.1_gap23	1376773	1380066	3293	GGTCTTCAAGACCCAGCTCCCTTGCGGACAACAGCATACCTTGAGAAGCTACTCCCTCAAAATCCCTTTGGGTTATACACATGCTTCCCACCTTGGCGTTGGGAAGGGCAAGAAGCACTCCCTTTCCTACCTGTAAATTGGCATCTGCGGACACCACCTGAAGGTATAGACTCTCACCAGCCTGAACTCTGTAAATATATAACCTTCTCGTAGGATGAGGCTTTTTCTCTACCACCTTGGCAAAGACAACACCCTCAAGGTCAAAGTCCCACCTGCTTATAGAAGTCTCAACGCTCTTCAGGGTTAACTCTTCCGCAACTCTACTGGGGTCAAGACCTTCTACTTGTATAAACTCCGAAAGCCACGAGAAGGGAACTTTCATGGAAATATTTTAAACAATATCTCTATAGGGTGCAGTGGTGAGATACTTTTCTCCGCCATCAGGGAATATTACAACTATAACTCCTTCTTCAAGCTCCTTTGCAAGCTCAAGCCCTGCATAGAGTGCAGCACCGCATGATTGTCCCGCAAGTATGCCCTCTTCTCTGGCAAGCCTTTTTGTCATCTCATAAGCTGGCTCAGTTTCCACGAATATGGTTCTGTCCAGAAAAGTCTCGTCAAAGATGCCAGGCTTTATGGAGCTCTCTATGTGCTTTAGACCCTCTATTCCATGAAAGGGATAGGCAGGCTGGACGCCAATTATTTGAATGTCTGGGTTATAGACCTTTAGCCTTCTTCCCGTGCCCATTATAGTTCCACCAGTGCCTATACCTGCAACAAGATGGGTTATCCTGCCACCCGTTTGGTTCCATATCTCTATGCCCGTAGAATAAAAGTGTGCTTTCCAGTTGGCTGGGTTGTTATACTGGTCAAGGTAGAGGTATTTCTCTGGCTCTTTGCTAACCTTCTCTCTCACGAATAGTATGGCACCATCCGTGCCCTCAAGGGGGTCAGTAAGGTATACCTTTGCACCATAAGCCCTTATTATCCTTTTCCTCTCCTCGCTCACATTGGCAGGCATGGCAAGCTCCACAGGAACTCCAAGACAGGCACTCACCATGGCAAGTGCTATGCCCGTGTTTCCAGAAGTGGCATCTATAACTACCTTACCCTCCCTGAGAAGTCCTCTTTCTATGGCATCCAAAAACATACTAAGTGCTGGTCTGTCCTTTACAGAACCACCTGGATTGAAACTCTCCAACTTGGCGTATATCTCCACCTTTGGAGAGACCTCCGGTGGAATAATCTTTCTAAGCCTCACAAGAGGCGTGTTGCCCACAAGGTTAAGTATAGAGTTTCTTATCTTCCTATAAGGCTCGTCGTGCTGACCAAGGACCCACACAGAAAGATTATAAGCCATTTAACTTTTTTCCTCACCCTTATGTTATAATACAAAATGATGTTAAGTAATTACCCTAAAATTCAAAAAGTATTTTCTCAGCGTGATGTTAAGCATGGTCTTTCACTTTTTTCTGAAGAAGAATTAAACCATGTTGAAAAATTAATAACCGAAATAGATGGAAAGTTTTTCATTAAGTGTCAAATTAAAGATAAATACAAACTTGCTAAACCAGAAGAGATAGTAAGACAGCTATTTATTTACAAACTAATTTCAGAGTATGGCTATTCTAAAAACCGTATTGATGTTGAAAAAGTTGTCTATTTTGGTTCAAGGGATTCTGGATTTGTTGATATTGTAGTAATGCACGAAGATGGAGAACATCCTTTTATACTTTTTGAAGTTAAAAGACCAAACAGAAGAGACGGTTTAGAACAATTAAAAAGCTATTGTAACGCTGAAGGTGCACCTATTGGCGTTTGGTCTAATGGGAATGAAATAATTCGGCTTCATAGAGAAGAACCTAATATTTTCACTTCCATCCCTCGTATACCAAGAGCATCAGAAACATTAAGAGACGTTCTTGCAGAACGATGGAATATTCAATGGTTAGAGAAAAATGATGAATTGAAGAAAGGAAAAACAACTTTAAAAAAGATTCTTTTAGATTTAGAGGAGTTAGTTTTAGGGAATGCTGGTGTTGATGTATTTGAAGAAATTTTCAAACTTATATATGCAAAACTTTATGATGAATGGAAAGGCACGATTGATCCTAACTATAAATTGGAGTTTTTCGTTGGTGGACGGAGTCCAAGAGATGTAAAAAGGGCAATTGAAAACCTATTTGATGGTGCTAAAAGACAGTGGCGTGGAGTATTTGAACCAACGGATAGAATTGAGTTAAGAGATGAGCATCTTAAAGTTTGTGTTTCATTTCTTGAAAAGGTGAAATTATTCAACTCTAATCTTCAGATAATTGATGAAGCATTTGAATATTTAGTTCCACAAGTATCAAAGAAGAAGGAAGGTCAGTTTTTCACGCCAAGACCTGTAGTTGATATGATAGTGAAAATGCTCAATCCAAAATATGATGAAACGATGATTGACCCTGCTTGTGGCTCTTGTGGCTTCACACTCCATGCTATATTATGGATTGCTGGTGGAAAACTTACCGCTAATGGTTTGCCAGAAAAAGCTAAAGATTTTGCACAAAATAGAGCATTTGGGATAGATTTTTCAAAAAAGGCTGTGAAAATTGCAAAAGCAATAAATCTAATCGCTGGAGATGGCAAATCAAATGTTTATAAAGCTAATTCATTGGCTCCTTTTACTTGGGATGATGAAGTTAAATCAGGTTTAAGATCAATGCTTTTAAGATTTTCTGATGATACAGAAAAGGATAGGGAAAATCAGGAAAAATTTTTATATTTCGATTTTGATGTTTTGATGACAAATCCACCGTTTGCTGGGACAGTAAAAGAACGAGAAATACTAAAACTCTATAAATTAGCAGAAAAAGGTGGTAGGTTCGTAAATAAAATAGGCAGACACATTCTATTTTTGGAAAGATGTTTACAATTTTTAAAACCTGGTGGGAGAATGGCAATAATTCTACCACAGGGCATATTTAATAATGCAAGTGCTGAATATATTCGTAGGTTCATCATGGAAGAGGCAAGGATTTTAGCAGTTATTGGCCTACATGAAAATACTTTTAAACCGCATACTGGAACGAAAACAAGTGCTTTATTTTTGCAAAAATATACTGATGAGGAGAAAGAAAGAATTAGACAAATTAAGGTTAAATATGAAAGCGAATTCGAAGAATACTTCAAAAACTTAGAAAATACTTATGGTAACTGTAATTGGGACACTTCCATAGACGAGGAGAACTTACCAGACGAAGTTAAAGCATTTTTAGAAAGCTACTTTGGAGAAGCGGAAAAAATAGAAG
NZ_CP117180.1_gap24	1386652	1388476	1824	CTTCCAATAGAGACTTTGAAGTCCCTGTTGAACCTCTTTTCTTGATGGAGTTTGAAAAGATATTCATGAACGTCGTAGACCCTCTCTGAGACCGCCTTTACATCTGGGTCGTCAGGCAGAAGTAAAGGATACTCATACTTTATCTGAAGGGCACATGTAGGCACTGGCACTACTATGTCAAAGCCTGCGTCCACATAGTGCTTTAGCCTCTGGACATTAAACCTTGCCCTCTCTGTAGCTGAGTCTATATCTCCAATATCAAAGAAAGGTATACCACAGCACTGTTGTTCTGGAAGCTCCACATATATATCGTTCTTCTCAAAAACCTTAAGAAGAGCTTTGCCTCTCTCAAGGTAGTTGTAGTTAAGAAGGCAGGTGTAAAACAGGGCAACTTTTCCATTTTGACCTTTGACTGGCTTTCTGTTTTTCTTAAACCAGCTCGTAAAGGTCTCAGAGTTTATGGGTGGTAGTTTTGCTCTTCTGTCCACACCCATAACTCCTTCCATGATAACTCTAAAGGTTGGGACGGTGTTTAGCTTATTGACTATGGGAGCAAAAGGCACAGAGAGCTTGCCTACAAGGTCTGTATTTAGCATCAGCTTATCGGTGAGCTTTGCTCCCTTGTTTTTGAACTTCCAAACCTTATATCTAAGAGAAAGATGAGGAAAGTCTATCCTCCATTCGTGGGGTGGCGTATAAGGACATTTAAAGTAGCACTGTTTACAGTGAAAGCACAGCTCTAAGGGAAGGGCAAGCTCCTCCTTAGAGAGCTTTTCAAGGTCATCTTCATTTCTGTCTACTGCATCAAAAAGTGCTGGAAAAGAAGGACAATAGGTGACACACATTCTACAGTCTTTACATTTAGAATAGACTCTCTTTGCCTCTTCCCATAAAGCCTGTTCGTTGAGAAAATTGGGATCCTTTATGTTAAACTCAAAATCCTTTACTCCACCAAGGGCAAGCTCTTGCATGTTAAACTCCTTCTATTTTTAACTTAGGTGGGGGCGAACGCCCCCTGAGTTTTTTAGATTATCCTTTGAGAGACTCTAAAGCCTTTTGGAACCTTCCTGCGTGGGACTTTTCTGCCCTTGCAAGGGTCTCAAACCACTCCGCTATATCGTCAAAGCCCTCTTCTCTCGCCACTCTTGCAAAGCCAGGATACATCTCTGTGTATTCGTAGGTCTCTCCAGCTATGGCCGCCTCAAGGTTCTGCTCCATGGTCCCTATGGGCATGTCAGTGGCAGGGTCTCCACCGCCATACTTTTCCATGAACTCAATGTGTCCAAAGGCGTGTCCTGTTTCACCTTCTGCAGTTTCTCTGAAGACGTTGGCTATGTCTGGGTAGCCCTCTATATCTGCCTTTCTGGCAAAGTAGAGATACCTTCTGTTTGCCTGGGATTCCCCAGCAAAGGCATGCTTGAGGTTCTCAAGGGTCTTTGTGCCTTGCAGGCTCTTGCTCATGGTTAGTACCTCCTATTGGTTTTTGGTTATATGTATTATATGCAAACTTTTTTCATTTGTCAAGGGGTATTTAATAGCCTATATAAGTATCCACTGGTAGGTGCTTAAGCATATGTTATAGCTACAATTTTTCCCTCTGTGAATATAATTATTCACTAATGGCTAAACGCATAAGATACGAAGACAGAAACCCGGAGCCACTCATGTCTCCCGCTGAGAGGGTAAAGACTTTTAGAGAATACGCCTTTGGCTATTCGGTAAGCCTTGCCCTCGACGAAGCACAAAGATGCCTCTTTTGCAAAGATGCAGACCAAAGGTGTATAAAGGGCTGTCCTATAAACGTTGACATACCAGGCTTTATAA
NZ_CP117180.1_gap25	1416784	1418668	1884	AACATGCTCTGTATATAACGAAATCAAGGGGTGGGCATGGAGCAGTAAGGGATGCCATAGAGTTTATCTTAAAGCTAAGAGGACAGTGGGAAGAGGTAATAAGCCAATACTATGCTTAGGAGTTTAGTCTTTAGTTTACTGATAATATTTCTTGCTTTCACTGTTAGGATGTATATAGACAGCTTTGCAACAGATAGTGGACAAGAAGAGATGGTAAACCTCCTTGAGGGCGTAACAATAAAAGCCTATAGTAGGACTGGTATTGAGTGGACTATAAGGGGTAAGAGCCTTGAGGTGGTTGGCAAGGACGTTAAGCTCTACGAGGCGGAGCTCTTTTCAACGGAGGCTAACATAAAGGCTGTTCAGGCTTATATAGACAGGTCTACAGGAGAAGGAATGCTCACAGAAGGGGTGGAGGTTAAGTCTGAAGACATTACCGCAAAGACACAAAGCGCATACATAAACCTAAATGAGGGTAAAATATGGGGAGAAGGGAACGTCCAAATATTGCAGGGAGAAAATCTCATAAGGGGTAAGGGCTTTGAGATAACCCTAAAGCCTCTAAAAGTTATAATTAATAGAGCGAGGACGGACATAAGATGAGAAAGGTTGTAATTCTTTTGTTCTTAATACCTACGCTTATGTTTGCACAGCCCATAGTAGGCGAAGCGGACAATCTCACCTATGAGAAGGATAAGGTGGTGTATTCAGGAAATGTGAGAATCACAAGAGGGGACATGCTGCTTACTGCAAACAGAGTAGTTATAAACTTGGACGAAAACAGAAGGGCAAGGCTCATAGAAGCGGAGGGAAATGCAAGATATACGGAGGGAAACAGAAGAGCCTCTGCTAACAAAATGGTCTACGACATGCAGAACGAGGTTATAACCCTTATAGGAAAAGCAAGAGTGGAGGAAGGACAGAATTTCCTTGAAGCGGACGAGATAGTTTACTACAGAAAAGAAGATAGGGCGGTTGCGGTCAGTAAAAATTCACGGGTAAGAACCTTCTATGTGGAGGAAAAGGATGAAAAAAACAGACCTAATAGAAAGCCTTAGGAAGGAGTTTAATATAAAAAACAGGGCGGACGCTAAGCTCTTTGTGGACAGTTTTTTTGAAGAGATAGTTAACCTTGTTCTTGAAAAGGGTAGGCTTGAGCTCAGAGGCTTTGGCGTTTTTAAGATAAGGAGGCTGAGCGGAAGGTTTATAAAGAACCCCAAGACTGGCATAGAGATGTATGTGGAAGAAAGGTATAGCATAGGCTTTAAACCCTCAAGTCTTTTCAATAAAGAGCATGATAAGGTTTGATGTTTTAATAGTTGGAGGAGGTCCAGCAGGCTCTTCTTGTGCCTATAGGCTTGCAAAGGCTGGTAAAAGGGTTTTGGTGGTTGACATAAAAAGAAGTATAGGAAAGCCTGTGCAATGTGCGGAGTTTGTCCCTATTCAGCTATACCATCAGTTTAAGGAGTTCTTTCCAGAAGAAGCTATAGCTCAGAGGGTAAAGAATATGGTTCATTTTACACCTTGGGGAGAGGTGGTAAGTATGTGGTCGGAGGGCTTTGTATTAAACAGAGAGGTCTTTGACGCTCAGATAGCCAAGCTGGCACAGGAGCAGGGTGCGGTATATATGCTTAGAACACAATTTTTGGGCTTTGAAGATGGTTTTGCATGGCTTGAAGAGATTGACACGAGAGAAAAGTTTCCAGTAAAGGCGGACTTTGTAGTGGGTGCGGACGGACCAAGGTCAAAGGTGGCAAGGCTCACTGGTGAAAAAACCCAGACATTTCTCACCACTGCACAAAGCACATTGGAGCTGACAAAGGAGCTTGAAGACCTTCTTATATACTTTAGAGACTACATACCTGGAGGATACGGCTGGGTCTT
NZ_CP117180.1_gap26	1507235	1511959	4724	CTACTAAAAGCCAGGGCAATCTGTAGACTACCCTCTTTTTCATGGGTGCACCTGAGTAGGAGACTGCGGTGCTATCCGGCCCAAGTATACCAGCCATTCTTGAAAGGTCTTCTTCGTGTTCCTGAAGTAGAACCTTAAGCAAGGTATAAGGCGGAATAAGCCCAAGGAAGTATCCATAATGATCCACAACAGGCATGGCGTATTCGCCCCTTTGCACTGCTTGCCAGGCTACCACTTCTTGGTCTGTGTCAGGGCTCGCCCTCGGGGGGTCCTTATCCATTATATGACCTATTCTGTCCTCTGGGTTTGCACTAAATAGGTCTTCTGCGGTTACTATCCCCACGAGCTTTCCTCCCTCAAGCACCACTATATGAGAGGCGGATGCATACTTTTTGCCCAGTATCCTTTCAATGGTCTCTTTCACAGTGTTCTCAGGGTGTGCCACTGGCACATCAACAACAGCAAGGGACTTTGCAGTCTCGTAGAAGCTTTCTCTTTCCATAAGCAAAGTTTAATAGTCTATTGTTAACTTTTTGTTAAAACTCAGCCCAAAATTTCCAAGGCTTTTATTACCCTATGTAAAACTCTCTCTTTTGGAAGCACATCGCACATAATGTCCACACCTATACCCTCTAACTCTCCAGTAAGACATGCCCTAAGTGCGTGCCATATCTCCTTTGCCTTTAGATTAAGCTCCTTTTGTATCTCTTTGGCTATTTCCTTTACCCTTTGAGCGTTTATGTCTCCCTCTTGCACCTTTTGTAAGAAAAGCTCAAGAACTCTTCTTGAAGGCTCATTTTCAAGGACAGCCATAGCTTCCTCTGAATAGCTCACCTCTTGGACAAAAAAGGGCTTAAGCCTTTCCACACCTTCTGTTAAGGTCTCAAAGGAGTCCCTGGTCTTTTCCAAGACTTTTCTTACAAAGTCCTTGTCCGCTTTGTATCCTGCCTTCTCAAGGAAAGGCATAAACTCCTCCACAAGCCTGTCAAGAGAAAGCACCTCTCTTATATAAACTCCGTTCATCCACCTTAGCTTTTCCTTGTTAAAGACCGCAGGTGCGGAGTTTACCCCTTCCAAAGTAAACAAGTCTATAAGCTCCTTTTTGGAGAATATCTCCCTTCCTTCTTCTGGTGGAGACCAGCCAAGAAGACATAGAAAGTTAAAAAGTGCAGGAGACAGATAGCCCTCTTCCCTGTAGTTTCTCACAGAAACCGCACCATGACGCTTTGAAAGTTTGCTTCTGTCCTCTCCCAGTATAACAGGCAGGTGGGCAAACTTAGGAACCTCAAAGCCAAGGGCTTCGTATATGAGTATCTGCTTGGGTGTGTTAGGAATGTGGTCTTCCCCTCTTACCACGTGTGTGACCCCCATGAGGGCATCGTCCACAACCACCACAAAATTGTAAGTGGGCGTTCCATCGCTCCTCACTATAACAAAATCTCCAAAATCATCCACATTTATAGCTATATGACCCTTTATAAGGTCTTGAAAGACCACAACCCTGCCATCTGGCACTCTAAAGCGTATAGTATAGGGTTTGCCTTGTCTTTTGAACTCTTCCACTTCTTCTTTGCTTAGGGCTCTACACTTGCCAGAGTATCTATAAGGCACTCCCTTTTCTTCTGCCTTCTTCCTTTCTTCTTCAAGCTCTTCCACAGTGCAAAAACAGGGATAGGCATGTCTGCTTTGCACGAGCTTTTCCGCATATTCTCTGTATATGTCAAACCTCTCTGACTGTCTGTAGAATTCATCCCATTCTATGCCAAGCCACTTAAGGTCCTCAAGGAGCATTTCCTCAAACTCCTTTGTAGACCTTTCTCTGTCTGTATCTTCTACCCTGAGGATAAACTTCCCGCGGTGGTGTTTGGCAAAAAGGTAGCTAAATATAGCAGTCCTTGCGTTTCCAAGATGCAAATATCCCGTAGGACTTGGTGCAAAGCGTGAAACTACCATGAGAAACTATTATAACTTTTTAAGCCTCTTGTTCCAAAGCCCTTTCTTTTTCCTCTCCTCAAAGGTGAGGCTAACCTCATGAAGGGAAAGCTCATAAAGGACTCTATGCCTTTCCTTATCTGCGGATTCAAGCCTCTTTATAGCATAAGCCACATATTCTTCAGAAATATCTATTCCTACATATGCCTTACCCAACAGCTTTGCAGATACCAGTGTAGTTCCCGTGCCACAGAATGGGTCTATGACTACACCGTATCTGTCTTCAAGAATAGAGTGGATTATCCTTGTAGGAAGCTCTATGGGAAAAACCGCAGGATGGCTTTTGTGTCCTTGTTCTGGTCTTATGTCCCATATGGATGTGAGTTTTGCATGCTGTGGTTTTAGTTCCGCAGGTTTGCCCTTTACGAGCCAATATATTCTTTCCTCAACCTGCCAAAACCTCCATCCTCTAATGTTCCCTGCTATTTTTCTGTTCCAAATAATCTCCTGCCATATATTCCACTTGGTTTTTGTAAGCCACTCAAGAGGATGTATCATCTTTCCGTTTTCGTATCTAACCTTGTGGTTGTAGAAAAAACTGCCTCCTTCTTTTATCACTCTGTGTAGTTCATCTAAAACGTCTATCTGCCATCTTTGATAGTCTTCCTCCTTCATAGCGTCTTTGTAAGTTTTGTATATCACTTTTGGCACAAGCCAACCGCCATGTTTTTCCTTCTTGTTATAAGGCGGTGAAGTTATCCCAAGGTCTATGGAATCAGAAGGCATGTCCCTAAGAACTTCTAAAACATCTCCGCATATAACTCTGTTGAGAAACTCTTCTATGCTATGCATTGCACTTTTTATTTACCGAGACTACTATAATAACCACACCACTTGCTTATTGGACATTCTCCGCACTTTGGCTTTATAGGTTTGCATATGGTTTGACCAAAGGCTACCAAAAGTCTGTTGTAGTCTCTCCAATACTCTCTTGGCAGTATTTCCATCAAAGCCTCTTCTGTATCTTCTGGAGTTTTTGTCTTTACAAACCCCCACCTGTTGCTTATGCGATGCACATGCACGTCTACTGCTATGGCTGGCTTTCCAAAACCCTCAGAAAGCACGATGTTTGCCACCTTTCTTCCCACACCCTTTAGCTTTAAAAGGTTTTCAAGGTTGTCTGGAACTTTACCATTAAAGTCTTCTACAAGCTGTTTTGCAAGCTCCTTTAATTGTCTTGCCTTGTTTCTATAAAAGCCTACGGGGTATATGAGTTTTTCAAGCTCCTCTTGGTCTATCTCCAAAAGGTCTTGTGGGTCTTTGACCCTTTGTAAAAATCTTTTGCAGACCTCTGCGGTTGTTTCGTCTCTTGTCCTTGTGGAAAGGAGAGCACAAAGAAGTGCACTAAGAGGGTCTTTCCTCTTTTGTGCTATGAGTTTTACTATTGGTGCATGCCACTTTGGAAACTCCCTTTTCATTATCTCAAGCACTTCAGGAAGGTCTTCCCTGGTCATTGGGTTTTATATTTTACGACAGCAAGAAGAAGTCCAATAGCTAAAAGATGTAGCCCTACAGAGTAGATTACGAGAAAAAAGTGGGAAAACTGGTAAAGCAAACCCATCAGAGCACCGCCCAAGAAGGCAGAAAGCCCCATAAAGAAGTGGAAAAGACCATAAGCCTTTCCTCTTGCATCTTCTGAGGAAAGTTTAGCAACCGCAGACCTCATTATAGATTCTTGAACTCCAAGGCTTATACCCCAGAAGACCACTGCAAAAAGTGGCTGGCTTATAAGAAGGAGAAAGAGGGTAGAAAACATACCAATAGAAAGTCCAGCAATCAAAGACATAAAACCAACCCTATCGTAAAGAACACCAAAAAGAAGTGCGGACAGGGCATCCACTCCCATAGCAAGTGCAAAGAAGAGGGCTACCTGCCAACCCTCAAAGTTTAGTTTTTGAGTTAGATGAAAACCTATAAGTGGAAACTGCAAAAAGCCAAGAGAAACAAGACAGGAAGCAATAAGATATAGATAGAAAACTTTGCCAAGAGAAGCCTCTGACCCTCGTCTTTCCTTCTGCAAGTCTTTTACTTCCAAGCCTTTTGCCAGCAAGAGAAAGAGCATGGCAAAGACCGCAGGCACAAAAAGCAGTGCAAAGGCAAGCCTATAACCAAAACCAAGATAAAGCACAAGGGCAACCACAGAAGGACCAAGAACCGCACCAATTTGGTCAATAAACTCATGAAGACCAAAACCTTTTCCATGACCCACTACCTGAGTAGCCTTTGAAAGAAGGGCATCCCTTGAAGGAGTCCTTAGTCCCTTTCCCGTCCTCTCAAGAAACAAAAGAAGGCTTGCGGTCTGCCAACTGCTTGCAAGAGAGAGAAGAGGAACCGCAAAAAGGTTTAGGGCATACCCACTTAGGGTAAAAGCCCAGTAGCTCCTTAGTTTATCAGAAAGAAAACCAGAGAGAAGCCTAACCCAGTATCCCAGAAGCTCTGCCAGACCAGACACAAGGCTAACCCAAAGAGCGGAAGCTCCGAGAAAGGCAAGGTAAGGACCTATAATACCCTTTGCACCCTCGTAGGTAAAGTCCGCAAAGAGACTAACTACCCCCATAAGGACTATAAACCTGTATGCTCTTTTTTTATCCCACATCTATGCTTTCTACCTCACCCACAAGATTAAGCTCGGGAAGGAAAGACCTGACCCCCTCAAGAACCTCTAAAAGTCCAGAAAAGGTGTCTGGCGTGGCTATAAGATAAACCTCTTCTGAGGATTTTTCCCTTGTCCT
NZ_CP117180.1_gap27	1527771	1532015	4244	CACCTTAACGCCAAGTTCAGAAAGTATCTCATAAACAAGACCTATAAGCTCCGCATCCACCACAGGCTCAAGGCTTCCAAAAACCTCCGCACCCAGTTGATGAAACTGTCTGTATCTGCCAGCCTGTGGACGCTCGTAGCGAAACATGGGACCCTCATAGAAAAGTTTCACATAAGGCTTTAAGGCATATAGCCTGTTTTGAACATAGGCTCTAACCGCGCCCGCAGTGCCCTCAGGTCTAAGGGCAAGCCATCTATCCTTTCTATCCTGAAAGGTAAACATCTCCTTTTGGACTATGTCCGTTGCCTCTCCTATGCTCCTTTGGAATACCTCCACATATTCCACCACAGGAAGAACTATCTCTTCAAAGTTATAAAGCCTTAGCTTTTCTCTTATGAGGTTAGAGAGGTATCTGAACTTTTTTAGCTCCTCTCCGTAAATATCGTGAAAGCCTCTTACACTTTGAAACTCAGGCATAGAGAATAATTATAGTCCTCTGAGTTGACACTTTCCCAATTCTGCATAGAATATAAGTAAGGATTTACATAGAATATAAGTAAGGATTTACTATGAAAGAGCTTGTGCTTTTCCTCCATATTGTCCTTGCCTCCCTATGGGTGGGAGGCATGCTATTTCTTGTTTTTGTCCTTGCCCCCTTTGTAAGAAAACTGCCAATTAGAGACCGAGCCTTTCAGGAAGTGGGGAAACGCTTTAGCTTCTATGGAACTCTTGGTTCACTCTCTTTACTTTTCTTGACAGGGCTTTTGAACATACACTACATAGTTGGTTTTTCAAGCCTCCTTGACCTCTCAAATCCTTATACTAAAACCCTTATGCATAAATTGGGCGTTTTTATATTAGTAGTCTTTGTTTCTCTGGTTCATGACCTTTACTTTGGACCGAAGTCTGTAAGTTCATCCCTTCATAGAAATATGGCAAGGATTCTTGGATTTTTGAACTTGCTCCTTAGTCTTTTAATCGTCTATCTTGCAGTAAAACTTAGGTTTGGAGGTTAGAAAATGGCAAAAATCTTAAAGGCAGAGGGTAGTTTTTCAGATTTTATGCCAGTGAAAAAAGCTATTCATGTAGAGGAAGGCTTAAGGTGTATCGCCTTTTATCTGAAGGCTGGTCAGAAGATAAACTTACACACATCCCCCCACAGGGTTATAACCATCGTCCTACATGGTGAAGGGGACTTTTTTGTGGGCTCAGAAGAAAACAGGGAGAGGCTAAGGGCGGGCGAAGCCCTTCTCTACGAACCCAACGAGCCCCATGGTTTTCAAGCGGTAGAGGACATGGCGGTCATGGCTATTGTAGTGTGATATATTTATATATGATGTATCACATATTTGTATGGGGTATGAACTTCAAAACCGCCCCAGTAGAACAGAGGGAGCTTTTGGCTTGTAGCAGGGAGGATGCTTATTATCTTTTACCACCCCTTAAAACCATAAGGGGTATAGTAGAGATAATGCTACTGTCTACCTGTAATAGGGTGGAAGTTTACACTGTTGCGGAAGACTACGAGCCTATGAACAGGCTAATCCTTGAGCTTCTACAACTAAAGGGTGTAGATACAAGGCTTAGGAGAAACTCCTTCTTTTTGGAGGACAGTTTTGCGGTCGCTCATGTCTTTAGGGTTGCGAGCGGGCTTGAGTCTATGGTGGTGGGAGAAACGCAGATAGTAAGCCAATTTAAAGAGGCATACAGAATAGCGAGGGAACTCCAATGCACTGGTAAGATTCTCAATAGACTATACGAGAAGGCTCTCAGAACTGCCAAGAGGGTTCGTACAGAAACTGGCATAAGCAGGAATGCGGTCTCAGTAAGCTATGTGGCCGTAGAGCTTGCTAAAAGGATATTCGGGAGCCTTGCAAAGACAAAGGTTCTCCTTGTAGGTGCTGGTGAGATGGCTGAACTCTCTGCAAAATATCTCAAAAAACTCCAAGCACACCTTTTTATAACTAACAGAACATACGAAAGAGCAGTGGAGTTGGCGAGAGAGCTTGAGGGACACGTGCTAAGGTTTGAAGAGCTTTCTGAACATCTCCATGACTTTGACATAGTAATAGTCTCAACAGGGAGCAAGAAGTTTATCATAGACACTCCTATGGTCAAAAAGGCGATAAAGAAAAGAAACTACAAACCTATATTTTTCATTGATATATCTGTTCCCAGAAATGTGGACCCTGAGGTGAACGAGGTTGACGAGGTGTTTCTCTACGATATAGATGACCTACAAGAAGTTGCGGAAAAGAACCTAAAGGAGAGGTTAAAGGAAAAGGAAAAGGGAGAGATAATAGTATGGGATGAGGTAAGTAAGTTTATGAAATGGTTGGAGTTTCTTGAGGTTGAAAGATACATAGTAAGCATAAAAAGGGCATGGAGAAAGGTGGAAGAAAGAGAACCAATGGTTAGAAAGCTGATTCACAATGCGGTGGAAGAGATAAGAAAAGACCCTTCCCTTGCAGAGAAGTTAGTTAAAATATTCTTGCAGGAGGTGGAATATGCAGACACAGAGCGAAGGTTACCCTATGTCTATAACAGAGCTCATGGAACTTGAGAGCGAGTATTCAATAAAGGCTTACGTGCTTATAAAAGCAGACCCCAGAGAAATTCCTTCCATAATGCTTGCTTTGTCAACCTTTGAAGGAATAAAAACTGCGGATGTAGTAACAGGTCCCTATGACATAATCGTATTTGCAGAGGTTAGGAATCAGGATGAACTCGGTAGGCTCGTAATAAGCAAAATACATTCCTTAGAGGGAGTAAAGGAAGCCCTTACCTGTGTGGTGGTAAGAATATGAACGATTTTCCTCAAGTGGTGGAGGAAGCCGAGAGAATACTGGTTATATACTCTAACGAACCAGCGGTTAATAAAGAAGAGGATAATGGTGTTGAAATTTTCTATTCAAAAAGTGGAGAAGTTGTGAAAATAATAATAAACAAGGATGATAAGCACTACATCATATACTTCTGACTATCTTGTGATAGAAGGAGGCAAACCTCTAAAGGGAAAGGTAAATATCTCTGGCTCAAAAAACGCCTCACTACCCATACTCATAGCCAGCATACTTACAAAAGAACCTTGCCAAGTAGAAAATGTGCCGGATCTTCTTGATACAAGAACGACCATTGAACTTCTTAGACACTTAGGTGCTGGCGTTGAGTTTAAAGAGGAAAAGATAAGCATTTATCCGAGCTCTATAAACCTTCACACTGCGCCAGATGAAATTGTGAGGCGTATGAGAGCTTCTGTCCTTGTGATGGGTCCACTGCTTGCAAGGTTTGGAAGGGCAGTTGTTTCCATGCCAGGAGGCTGTTCCATCGGTGTAAGGTCCATAGACCAGCATCTTAAGGTGTTTGAGAAAGCTGGTGCTCATATCAGGGTAAGGCACGGCTACATAGATATGGAGTTAAAAAAGGTCAACCCTGTAGAGTATACCTTTGAAGTTATAACAGTAACAGGAACTGAGAATGCCCTCATGCTTCTTAGTAGTTGTGAAAAGAGAAGTATTCTGAGGAATATAGCCTTGGAGCCAGAAGTTATGGACCTTGTGGAAGTGCTCAGGAAGATGGGTGCGGATATATGTATAGAAGACAGAACCGCTATAATAAGAGGGAGCAAAGAGCTTAGAGGATTTAGTCATAGAGTTATTCCAGACAGAATAGAAGCAGGAACCTTTATGGTAGCTGGTTTTTTAACAGGTGGTGATGTTCTACTTGAAGATGTGAGGGTAGAGCATTTGGGTAGCGTCATAGAAAAGCTAAAAGAAGCAGGTGCTAATATTGATATTTTAAGCCTTAACAGTCTCAGGGTAAGAGGAGGTAATGGTATTAAGCCTCTTTGTATATCCACAGCGGAGTATCCGGGTTTTCCCACGGATATGCAAGCTCAATTTATGGTGCTTTGCTGTCTTGCGGATGGAGTGTCAGAGATAAGGGAAAACATCTTTGAAAACCGCTTTCAGCATGTGGCAGAGCTTCAGAGAATGGGTGCGGACATACACGTGAGGGGTAGGACCGCAATTATAAGAGGGGTCAAAAAGCTCTACGGTGCGGATGTTTATTCTACCGACCTAAGGGCATCTGCCAGTCTTGTGTTGGCGGGGCTTGTGGCAGAAGGAAAGACGGTAGTAAAAGATATATACCATCTTGACAGAGGATATGAGAGACTTGAGGAAAAATTCAAAGGTTTGGGAGCTGTCGTAGAAAGACAGCCCCCCAGAGAAGTTTAGGTTATT
NZ_CP117180.1_gap28	1619925	1620602	677	GTATAAGACCCTCTTCCGCTTTTTGAAGAATCTCTTCTGCGTAAGGCATACCTCTTTTGAGAGTGTTTATAAACCTCTCCTCCTCTGCCTTGACTACAGACTTTACAAAGGACTTTAACTGAAGAAGTTCAGGATAAGGCTCTTTCATTATGTCCACCACAAGGTCAATACCCTTATAGAGAAAAGGCTCTTCTATTCCCAGCTTGTAGCCATATCTCATGGCACGTCTTAGAATTCTTCTTATCACATATCCCCTGCCTGCATTGGAAGGAAGAACACCATCACTTATGGCAAAGGTCAAAGCCCTAAGATGGTCCGCTATTACCCTTAAGGCACTATCTGTTTCAAAGTTTTCCCCATAAACCCTTCCAGAAAGCTCTTCACCAAAGGCTATAAGAGGTCTTATAAGGTCTATTTCAAAGTTGGTCTTTGTCCCCTGTAGCACGCTGGCAACTCTTTCAAGGCCCATACCCGTGTCTATGTTAGGCTTTGGCAAAGGAGTCAGGTTTCCCCTTTCATCCCTGTTGTATTGCATAAAGACCAAGTTCCATATTTCAAGGTATCTCTCCGGTTCGTATTCTGGACCCCTATCCACATATATCTCAGAAGAGGGACCGCAGGGACCCGTATCACCCATCTGCCAAAAGTTGTCCTCCTCTCCCATTTTCCATATGCGG
NZ_CP117180.1_gap29	1692450	1692950	500	GATAGGTAGTATATTAGGTAATGCAGGCGTAAATATAGCAGGCTTTAGGCTTGGAAGAGAAAAGAAAGGTGGCATAGCCTTAGGAATACTTAACCTTGACGACCCAATACCAGAGGAGGTCATACAAGAGCTGAGAAAAATACCCCAAATACTCTTTGCCAAGCAAGTGGTGGTGTAATAGATTTAAGTTTATGCAGTCCAAAACAAAGCTAACCGCGGAGGAATTTTTCAAGCTATATCCAGAGGAGTCCAGACTTGAGCTAATTGATGGGGAGGTCTATGAGATGCCTGCACCGAGTTTTAAACATCAACTCGTGATAGTAAGGATGCTATCTGCTTTATTAAGACATCCAGAAACTAAAGATAGAACAGTGGTATCACCAGTTGACCTTGTTCTTTCAGAAAATGTAGTCTTACAACCAGATATAGTATACCTTTCAGACCTTTCAAAAGTAAAGGATAAAATATACGGTGCACCAGACCTCGTGGTGGAGGTAGTT
