gap_id	start	end	length	sequence
NZ_CP047593.1_gap1	96697	99113	2416	AACTGCACCTGCTGCACATCAGCACCGCCGACGAACTGAACCTGTTCGACTCCTCCATCGTCCGAGTCGGCACCGCCCGCGAAAACGAATGCTTTATTGAAGAACAGGGCAAAAACATTACCGGGGAAGCCTGTGTGCACCACCTCTTCTTCGACGACTCCGCCTACGACCGCAAAGGCGCGCTGATCAAATGCAATCCCGCTATCAAAACCGCCGCAGACCGCGAAGCCCTGCTCAAAGCTCTTGTCACCGACCGGCTCGACACCATCGGCACCGACCACGCTCCCCACACCCTGGAAGAAAAGCAGAGACCCTACTGGACCGCCCCCTCCGGCATTCCGGTCATCCAGTCCGCCTTACCTTCCGTGCTGGAACATTTCTACAACGGCATCCTCTCTCTGGAACTGATCGCAGAGAAAACCGCCCATAACCCGGCCCGTATTTTCAACCTTGAAGACCGCGGTTTTATTCGAGAAGGCGGCTGGGCCGACCTGACTCTGATCGATCTCAACCGCCCGCATACTGTCACAAAAGACAACATTCTGTACAAATGCGGCTGGTCACCATTCGAAGGAACCACCTTCCACTCCTCCGTCGACACCACGATTGTCTCCGGACAAATCGCATGGCAAAAGAACGCTCCCCGCGCCACCTGTCGCGGCCACCGTTTAGTATTCAACCGATAGCATCGGTCGCGTGCATCGATTTTTTCGCACTTCCATCATCAGCCAACACACCGCCTCCGGGCCATCCATTGACCGCGAAAACCAGAATATCTGTCTTCGATAGCATAAAACGGAGCCCCGGCAGAAGCCGGAATCGAAGCACAAACCGTACTTGGTTGATTATAAACCCAGAGCTGTAGAGAAATCGATTCCGACATCATCACTGCAATCCAATCCAAAGCGGATTTTACAAAACCACATAAGACTCATTCCGCAAGAAGGAGTCCAATTACCCGCAATCGGTAATTATCAATTCACATGAATCATCACGGCTCCGTGGCAGACTACGGAATGAATATCGACGCCGGGACCGACCAACCCTACCTTGTCTTCTGGGTACAGTAACCTCCTTTACTTACTCCAACTGCAGCTTAGCAATAGAAGATCACTCCCGTTCTTGTTTTTGTAAAAACGACCCAGAAACATTTACAGTCCAAGGCCTCAGCAATTAAAAAATCTCAGCTTACACTTCAAAGAAAGGTGCGGCGTCTGGATAGACACGCAGCTCGATCACGCGAGCAGTTTTCCCTCCGTGGGTCGCATTCACCGTCAGCCGCACCTTGTCAGCAACGACCGGTTTAAATGAATGACGCCGGAAACGCTGAAAATTATCATTCACACGAGCGACGCTTTGCCACTGCCCGTTCACCCGGCATTCGAGCGTATAATCGCGCACACACTCCTTCGGAAGCCGATTATAGCGCTGGGCCGGCATGGAAAGCGTCAGGTCGGTGTCAAATACACACTGGACGGCCCCAACCTTTGATGGGTTTTCAAGCACCAACTCGATACTTTGCGGCAGAGCCTGTTTCGGATCGGATTCCCATGTATTGGTTTTCCCGTCAAGAGTCGGACGCGCGATGCCGTTGATGACATTGTCCGCAGCCCACAGCTCTTCGATCCCGACATTAGGACTGAAGCGTGCATGCATACTGCTCCCGTCCACTTTTTCCCATTCACTCGCCCCGTTATAGATACGAAAACTGCCTGCGCGCCCGACATCCCCTGACCGCCACTGGACATCAACGGTTCGGTCCAGAACAACCCACGCATAAGAGGAATTCAGCACGGTCTTAACCGGAATCTCCACCCATCCAGCTGTTCCGGCTGGAATGGAATGACTTACGGTAGCCACATTACGTACGGAAGAAAGATCTCCTTCGGCATTGGCTTCACGAAGATGCATCGTAATCGTTCCACCGCGCTTCGCTTCGAGATAGAGCTGGATGGATTCAAGTTTTTCTCCAGCTTCCCAGGCAAAAAACTCGCCGCGTTCCACACTCAGAGGCAGCCAGCGATCGTTTTCTGTGTTCACTTCGGACATCAACTCGCGGGTGCTGCTTGCTCTCACATGGGCGGTGCGCGCCAGGTCCGCGGGATCCCGGTTCAAAATTCCCGGCACATACTGGTCATTCTTCAACAAGAGTTGCTGCAGTTCGGTCATATGCTTCTGGTAAACCCCGCGCGGCGTGGTGCCCCGGTAGAGCGCCAGCGCGGCGGCGGTACCGGCCGCCTGACCGGTCGCAGCGCAGGACGCTTCGATACGCACCGTACCGAGAGCCAGGTGGGTAACACTGGCACAGCGGCCCGCCATCAGCAGATTCTCGATATTACGCGAATAAAGGCTCCGGTAGGGAATCTGTCCGATCGGAATGTGCGTATCTATCGTAAACGGGCCTTCGGTGGAAAGA
NZ_CP047593.1_gap2	101922	105194	3272	CGTTCCACACTCAGAGGCAGCCAGCGATCGTTTTCTGTGTTCACTTCGGACATCAACTCGCGGGTGCTGCTTGCTCTCACATGGGCGGTGCGCGCCAGGTCCGCAGGATCCCGGTTCAAAATTCCCGGCACATACTGGTCATTCTTCAACAAGAGTTGCTGCAGTTCGGTCATATGCTTCTGGTAAACCCCGCGCGGCGTGGTGCCCCGGTAGAGCGCCAGCGCGGCGGCGGTACCGGCCGCCTGACCGGTCGCAGCGCAGGACGCTTCGATACGCACCGTACCGAGAGCCAGGTGGGTAACACTGGCACAGCGGCCCGCCATCAGCAGATTCTCGATATTACGCGAATAAAGGCTCCGGTAGGGAATCTGTCCGATCGGAATGTGCGTATCGATCGTAAACAGGCCTTCGGTGGAAAGAATTCCCCTGTGATGATGCACATCCAGTGTCCAGCCGGTATGGGCGATCGCATCGTCGAACTGTCGGTTTTCAATGGCGTCGTTTGCGGTGAGCACCAGATCTCCCATCAGGCGACGGCTCTCGCGCTTACCCGCCATAAAGGGGATATACTCCAGGCTGTAATTTGCCAGGCGTTTGCGCTCGGACCAGTGGTTCTTAAAATAGTCCCACAGCGTATAGTTCACCCGAAACAGTTCATCACGGGCAAACTCGGGATCCCAAAGATCATCGACAATTCCGGGATGTTCATACCACCAGGTTCCACCCAATGCCCACGATGTCAGACGCTTGCGTTGACTTTCTTCAGAACCGCCGACGACACGGCCGAACAGCCATCCCTCCGGGAGATCGTACAGCCACGGCGGCGGTGTATAAGTCTGCGGCGTGCTGTGTTCCGCACACTTATGAAAAAAGCACCTGTTCATATCCCGACTACCGCCCCGCAAACAGGCACTCATGGTATTCCCGTCGGCCACGGTCGGCGCACCATCCTCTTTATACTCGCTGTAGGCTTCGCGACCGACGCGCTCATCGGCACCGGCGTGATGACCGAGCCACGCATCGCCGGTGCAATCGATAAACATTTTTCCGGCAAGCGATTTGCGCTCTCCCGTCAAGGTGTCAACGAGGATCACCTCAGTAATGCGATCGCCCTCTTTCTTTACGCCTTCGAGCCACCAGTTTTCGTGCAGCTCCAGCAGAGGTTCTTCCTCGACAAGGGTTTTAAAGGGGCGGCTCATCAGAATACACAACTTCTGCCTGGTCAGCTGGTCTTCGGTCATTCTGTGGAGCTCGAGCCGTCCAGCCTCCTCGATAATGCCGGTTTCACGCACCGGCTTGCCGGAATGTTTCCTGGCCGCACCTTGCACCGGCACGCCGATTTCGGCACTGGCATTCCCTCCCAGCACGGGACGGCTGGAAACCAGTGCCGTTTTCGCCCCCATGCGTGCGGCGGCAATCGCCGCCGGAACGCCGGCCGGTCCGGCACCGACCACAATCGTATCATATCGTCCGCCCCGTTTAATGGCATTCGTTACCCCGGTCAACCGGGCGCGCTCATTGGTAAAGGCATTCACATCCACTGGAGGCCGATAGTTGAGGTCGCGCGTCAGAAGAATGGAAGAACAGCGGCCGAACTGACCGGTTTTGTCCTGCAGAGCCAGCAGGGCGGAACCCGCCAGCTCATATACCCCGCCATCCTGCCAAACCCAGCCTTTCTCCTGCTGCGCTCCGAATGTACATCCTGAATCCCTCCCGTTGACTGCGATCCCGAATGTGCCGGGGGCATGTTCCGGGATCCAGTTGCGCGAGCGCACCCACAGGCGATATTTCCCGGGTTTTACCGCCTTTAGCTTCAACGTTGCATCCGTCACCGTTTTACTGGTGCCATGCGCAATGAGATAAGAGGATCCCATGAAGCCGACATGCTGGGTGTCCAGGGCCCACCCTCCATAATGCTGAAAATCGGCCGCATCCGCCCACAAAAAGCCGGGAATCACCTCCAGGACATTGCGCGGCTTTTTACGAAACGGTATCGAGTGATTGAACTCGCCACCCTGAATTTCTGACGGATCGAACGAAACCGCCCATCCCGATCCCGCCAGACAAGTCAGCCCCAATGTTCCCGTTTTTACAAAATCACGTCTATTTAACATGCAACACATCCTCTTCTATAAATTAAATTTTAATATAGCAAATAACCGGAAAACCGCCCGACCATCTGGTTCTAAATTCTGATCATGGAGTCCAACAAAAAGAAAACTCACTCGATTTCCCATCCTTCAAAACTTTTCAAACCAGATGCTCCAACGTTTTAAAACAGTACGCACATCCCGTGCGGGAACTTCACCTAACCATTGGATAATTTATCCTTAAATGTCCTGTTCCCCCAAAACAGGCCGAGAAACAAAACCGTCGTTAGAATTCCAACCGGATAGGCAATCACCGTTGAGAGCCTGAATCCTTCGGGAGCAATCAAAATATAAGTGGCGCAGGTTGCCGTCATAAAGGCCGCGGGAAGCAGCACAACCCAGAAGTTCTTCCGACACGTTTTCATGTAGATTGCCGCCGTCCACAGCACGAGAGCCGCAAGCAGCTGGTTGGAAAAACTGAAGTAGCGCCAAATCACTCCGAAATTGAGACGCGTGACGAGAAAGGCGACCGCGAAAAGCGGAATACTGATCATCAGGCGTTTGCGGACTGACTTTTGGCAGAGCCTGGTGAAATCGGCAATAATTAAACGCGCGCTGCGAAACGCAGTATCTCCCGAGGTGATTGGACAAACCACCACTCCGAGAATCGCCAGGATGCCTCCCGTTTTCCCAAGCCACGAGTTGCAGATTTCCTGAACGACCCAGGCGGCATTGTTTCCCTGCTCCGCCATCGTTTTGTTCAGCTCGCCAACACCGCCGAAAAAGCTCATCGCGGCTGCAGCCCAGATCAGTGCCACAACGCCTTCGGTAATCATTGCGCCATAGAAGATGCGACGCCCCTGCCTCTCGTTCGTCATGCAGCGTGCCATCAGCGGGGACTGGGTCGAATGGAACCCGGAGACCGCGCCACAGGCTATGGTGATGAAGAGCATCGGAAAGAGCGGATGCGACCCCGGCTCTGCGTGCATGTTTCGCAGGGAAGACAATGAGACCTCCGGAATTGGGGCCTTCATGCAGACCATGGCACCCAAAAGGCCGATGGCCATCACAAGAAGCACGGCACCGAAAACCGGATAGAACCTTCCGATGATCTTGTCGATCGGCAACATGGTGGCTGCGATGTAATAGACAAAAATCACCATCAGCCAAATATCCTCGGTT
NZ_CP047593.1_gap3	206181	209824	3643	CCCTGATCCTGATTCTGGCGCTCACCCTGTCCACACTGCAGGTCATCATCAACCAGGCCCGCTATGAAGCGCCGGATGTCAAAACCATCCGCATCTGCCACTTCCAGCTCGAGGCGGGATTCCGCCAGGCGCTCCAGCAGCTGATCGATGAATATGAAGAGCATTACGCCAAAACCCGCGGCGAAAAGCTGCGGATTGTTCAGCTCCCGATCAGCCAGCGCGGCTACGAGCAGTTTGTGAACACATCGCTCATCGGCCAGACGGCTCCGGATATCATCGAAACCGACCCGCTGGTGCGCACCACCCAGGATGCGGCCTATGTATCCCGCTTTTTTCTTCCGCTCGGGGAGTATGTCAGCACTCCCAACCCCTACACCGCGGGAACCGCCCTGGAACAGCTCCCCTGGAAGGAAACCTTCTTTGACGGCCTGCAGAGCGCATTCAAGAAGAGGCTGCTGGACTACTACCACATCCCCTTCTCCATCTTCACCATCCGCATGTATTACAACATCGACCTGTACGAGGAGCTGACCGGAAAGACCGAACCGCCGGCCTCCTACCAAGAGTTTCAGGACGTCTGCGGCCAGATCCTTGAAAAAGGCCGCCACTCCCCCGAGCTGCTGGTCCCGATTGCCGGCAGCAAATATCAGGCCGCGGTGCTCGGCTCCCGCTACGAACGCCCGTTTTTTGTCGACCTGTCGCAGAAGATCGACACCAACCTCGACGGCGAGGTTTCCGAAGCCGAGGCCTGGCTGGGCTATCAGGAAGGCGCCTACCTCCTGAACGATCCGGTATTCATCGCCTCGTGGAACTGCTCGGTTGAAATCTCCAAAAACTTCCAGAAGGGCTGGATCTCCTCCCAGCGGGACGACGCCACCTTCCTGTTCCTCCAGCAGAACGCGGTCATGCTGGCGTCGGGCTCGTGGGATGCCGCGAGCATCCTCAAGCAGGCCGAAGGCAAATTCCGCGTCGGCATCTTCGACTTCCCAATGCCCATCGACCACCCGGCCTACAGCCGGTTTGTCAAGGGGCCGCTCGGCGAAGGCAACATCCAGGGCGGCATTCCCTGGGCAGTCACCAAACAGTCCGCCCACCCGGAAATCTGCCTGGACTTCCTGCGCTTCTGCACCACACCGGAGCGCAACGAGGCCTTTAACAAACAGATCACCTGGCTGCCGGTCGTCAACGGAGCCCAGCCCAAAGACATCCTGAAGCCCTTCACGCCCCGGCTGGCCGGCTTCCAGACCGAATTCCGCTACCAGAACCTCAGCACCGCGCTGCGCATGATTGAAAAAGGAGCCCGCTGGCAGCTGCTGTCCGGGCAGATCACGCCCGAAGAGTATGCCGCCAGGCTCTCCCAGACACTGGAGCGCTCCGGCGAACAGGGATTCCTCAAGAATATGGAAAAAGACGAGCTGACCCAGCGGGACACCAACCGGATGCTGGCCGCCAAGCTGGCCCTGGCCTCCCGCAGCGCATCAGCTCCTCCGAAAAAAACCGAACAGCAGATCCAGCAGCTGACCGAATTCAGGCTGGACAGCTGCCATCAGTCCGCCGTCAGCCGGCACCGCTATGAAATCATCAAACAGGGAGAGGCCGAGTGAAACCCGCAAAAATCAACATCTTTGACCTGCGGAAGAACTGGGTTCTGCTGGCGCTGCTGCTTCCGTCCCTCGGCCTGATTGCCCTGTTCAGCTACCTGCCGGCAATCGACGCCATCAAGCACAGCTTCTACAAATGGGACGGCGCCTTTATCAAGCAGTTCATCGGAATGGACAACTTCCGGTCCCTGCTCGGCGACCTTACGCTCTGGACGCCCCTTCTGCTGAGCTGCCTTGCACTGGGCATCTCCGGCCTGTCAGCATCCGCAGCAACCCGGCGGCGGCTTCAGTGGATCATCTACCCGCTGGCCGCATGGACAGTAACAGTGCTTGTGCGCGACGCCATCGCAGGCGGCGCCCTGCAGCACACCCCGCAGGCAGTCGGGGCGATCCAGATCCTCTTGGGACTCAGCCTGCCCGCCGCGGCCGGCATGCTGTGGCTGAAGCCAAAGCCGCGGCTGCGGACAGCCTGCCGCGTGTTCTTCTGGCTGCTGGCGGTCGCGGCCGGCATGACCTATCTGATCGGCGTCAAGCAGAGCGGCGACCAGCTGCTCTGGATGAGCTTCCGCCTGATTTTCATCATGATCGCAGCCAACCTGCTGAAAATGTGGCCCAGCATTTTCACGGCCGTCTGCATCCACCGCCTCAAATCCGACCGGGCGCAATACATCTACCGGGTCCTGTTTGTCATCCCGATGATCATCCCCCAGATTGTCATGCTGCTGGTCTGGAAATTCTTCTACGACCCCAACATCGGCATCCTCAACCGCGTGATCACCGGGCTGCACATCGACCGGATCCTGATCTGGCTCGACACCTGGGTCTTTCACCTCGGCGTCTTCACCGACCCGTTCAACCCGGCCTGGCTGGGCAACCCGCACCTGATCATCCCGGCGCTGGTCTTCTGGGGATTCCCGTGGGTCGGGGTCGTCGGCGTGCTGATCTACCTCTCCGGCCTGCAGAACATCGGCAACGATGTGTATGAAGCCGCCCAGATTGACGGCATCGGCTGGTGGGGAAAATTCTGGCGCATTGAACTGCCGCTGATCATGACCCAGGTGCGGCTCAACCTGATCCTGATGATTGTCGCCACCTTCCAGGCCTACTCGTTCCAGTACATTCTGCTCGGAGCCGAGGGCGGCCCGCAGAACCGGGGCCTCACGCCGGGCCTCTACATGTTCTACCGCGCATTTATGGAACAGGACTACGGGTATGCGTGTGCGATCGGGCTGATCCTGTTCATCATCATCCTCACCCTGACCGCCATTAACCAACGCTTTGTAAAAGTTGACAAATAGGATCCCGAATGAAGACTACCAACCGACTCCATGAACGGACCAAACACCTGCTGATTCTGCTGGTGATGCTCTTCGCATTCTTCCCGCTGTACGTCATGCTGACGATCAGCCTGAAAGACAACGCGCAGTTTGTTCAGTCACCGTTTCTGCCGACCTTTCCCCTGCACTGGGAAAACTGGTCGAAGGGATGGTCGCTGGTCAGCAGCTACATCTCCAACAGCATTTTCGTCACAACGCTGGGAGTCTGCACCTGCCTGGTCACCACCCTGATGAGCGCCTTCGTGTTTGCCCGCTACGACTTTTTCGGCAAACGGATTCTGTGGCACCTGCTGCTGATCCTGCTGTTCATGCCCGGCATCATGAACCTGGTTCCGCTGTTCATCCTGATGAAAAACCTGAACCTGCTCAACTCGCTGCTGGGCCTGGCCCTGCTCTACTCGGTCGGGGGGCAGGTGTTCTGCATGTTCGTTTTGCGCAACTTTATCGAGGAAATCCCCAACGATCTCTTTGAGGCCGCCCAGGTGGACGGCGCCGGACCGCTGCAGCAGATTGTCTCCATCGTCATCCCGATGAGCGGAAGCATTCTGGCGACCCTCGCGATCCTGCGCTTCCTGGCCGACTGGAACAACTTCATCGCCCCGCTGGTCTTCATCTCCGATGAATACAAGCAGCTGCTGCCGGTCGGCATGATGCGGCTGGACGGAGAATACGTGAAACAATGGGGCGAAATGATGGCCGGATTCA
NZ_CP047593.1_gap4	215002	216344	1342	AGGCGGCAACTCTTTCGGCAAAAACCCTTTCGAACAAAAATCTAATGCGGGGATTGGCGTTGATGGTTTTTTACTCATTGTCTCCCTTCCCAAGTTGGAATCTTAAGCATTTTATCCTGCCATTTTAATCAAATCCTGGTTCTTAGCCTCACATTGCTACTTCAACGCCTCTGGCACCGCCCAGCTTTCCGCCGCCTTCTTCGCCATCAAAATTTTCCTTATTTTCCAATGTTTTGGAAATTGGCTCACAGAGCCGACTCTATATTTCCAATCCCGCAGGAAACAATATACCGAACAACTTACAGGGATTTGGGGAAACCCGAAAGAATAGACAGCAAAAAAGACTTGTAGTGAGTTTCTCTACATTTTGACCGCAAAAGGGTTCAATCATCGATAAAAGTTCGCATGGTGTCCGGTCAAGATGCACAGGGGAGGAAGGAATGCCAACTTCTGGACTAATGGTTCGCATTGCCATCAAGAAAGGCAACCATTCGAGATGCAACAGGGGATGAACTCTGTAGAGAACGGAGACCCGAGCCTTTGGCGAGCTGGACTGGCGACTTTCGACGGCAACAAAGTGCAATCGGAGGCCAAAATTCGGCAAGAAGACCACGAAATCAGCTCACGCTGCGGATGGAGATTTGGGAACGTCCTATTATTGACGAAAACAGGCAGTAAAATGAAAAAAGCGAACCCAGGAAGAGTTACCGTTCCCGCTGGTCTCTTCTTTTCGGGAATACGAAAAGCACTTTCGCCTGCGGCTCAGGTCGCTGTAAGAAAACTTGGTCGGGGTGACTGGATTGCTTCGGGCTTTGCCCTTGCCCTTCGGGGCCGCCGCTTCGCGTCAGCCTCGCTCTCAGGTTCGCGTCAAACCAGCAGGCTGGTTCTCATTTCACCGGCTCATCCTCAAAGGAGGGGGCAAGAGCGATCCCCGACTGCTAAGGTAGCAGTTGGATAAAAAAGGAGATCGCTATGCCCGATGAAAAAATAGACCTGATTGCCCCGGCATCAAGGTACATTCTGTGAAGCGTCATGGAGCCTGCTTCATTCAAGCGGAAGATCTGGGTCCGGTTGAGTGTCCGGCGTGCAGCTCTCAGCAGCTCTGGACACTACCCAACTGAGAAACGCAGCTTATTGAGGAAGATCGTCAAGCCAAAGTACCATCATACCCCGGCACAAAGTCAGGATAAGGTTTTAAATGGCCAGCAACCCGGTCAACTGCAAGGCAAAAAGCAACACGCAGATCATACAAAGCCCGATCGACCACAAAGGCAAGGGACTCTGATCTTCTGACCGCCGCATGAATTTTGCCCAGGTTGCCAGAACTGCCAGCAGCAAGGTA
NZ_CP047593.1_gap5	256177	258798	2621	TCTGTTTAACGTCTGCTTTCTGCAGAAGCATAGCGTGCCGGTCATCATGATGAATCACAACTACCCGCCGGTTGTGTTCGACCGCCTCAAAAAGAAATCCAAATTACGGCAGCGCATATACAAAGAACTGATCGAAGAAGCCGATGTGCTGCAAGTGCTCAATAAAAGCTTTGAGAGCACCATTTCGCCTTACTATGACGTCAAAAAAATTGTCACTATCGGCAATGCAGTTGTCCAAATTCCACCCAAAAAAAGGGCCCAGCTTGATCAGCCGAAAAATAAAATCATTTACGTAGGGCGAATCGCAAAGAAAGGCAAACGTCAGCACCTTATGATCGAAGCTTTTGCAAAAGTAGCCGACAAGTTTCCAGACTGGACCGTAGAGTTTTGGGGGCTCGAAAAATACGGTTCCTACAAACAGGAACTACTCGACCTAATCACAAAATACGGTCTGGAAAAAAATGTATTCATTAAAGGCTACAGCCAGAATATCGAAAACGAATACCGCAATGCAGACATCAATGCCTTCCCAAGCCTGCATGAAGGGTTCGGGCTCGGTCTGGCTGACGGAATGGCCATGGGGCTGCCCAGCATCGGATTTAACTATACGCCGTCGGTTAACGAGCTGATCCGTGATGGCGAAAACGGCTATCTGGTCAGCGACGCCGATGAATTTTCAGAGAAACTGGAACTGCTTATGAGCGATAAAGAACTGCGCAAAAAACTGGGAGCACAAGCTGCCGAAGATATGAAAAAGTTTGCTCCTGAAAAAATCATAGCTCAGTGGGATCAGCTGATTTCTGATACCACTCGCGCATTCCGCACGGATTTCTGAAAACAACAACCGGTCTACTATTTAGGCGCATCTTCCGATACCGCAGACTTCAACCCCAATAACAGCAAAAGACGCGTTATAAATTTCCCCAAATGCTCCGTTCGGCTCAGAACAACAGCCCGATAGAGCATTGTTTTCGCTGTGAATAAAATCCTGTTCCAATCGTGCTCAGAATAAAGTTCGGGTGATTTCTTTTTCAAGTACAGCACATCCCGGACCAGCACCGCTTTTGCAAACAGCGATCGCTGGGCAAAGATTGGCCGGTCAACCCCAGCGCAAATATTCGATCCATGTACCCGATAATACACCATTCCACTGGATACAGCCCCCACCCCCATTCCGCTGATAAGCGCGCGATAGCCCAAAATGATATCTTCAACCATTACTCCTTCAGGAATCGGCGGAAAATCAGTAAACAGTTTCTTATTCCACATCGCAGTGCAACCAGGCCCGACAACAAATCGCCCTTTCTTTGAACGCCGAATCCATTGATTCGGCCCTCCTGCCACTACATGATCTTCTTTAAATGTTCGTGGCTTCCAGTTTCCTGAATCCTGGAATGTGCCGGAAAATTCATGATACATCCCAAAGACTCCGCCCAGCTCGCCATTTCTGAAAATGATCTCCATGGATCTATTCACGCGCTCCGGAACTGAAACATCATCCCCGCCGGCCAAAACCAGATAATCACCCTTCGCCATGGCCGCCACACGGTCCACATGCGCGCCGAGTCCCAAATTCTTTTGGTTTCTGTTTAAAATAATTTTATGAGGACCTTTATACCCCTCGACCACGTCGCACATCATCGCAAATGTCTTATCGGCAGAGCAATCATCAGAAAGAATAATCTCCAGCGGCTGATACGTCTGCGCCAATGCAGCCTCAACCGCCTCCTTCACAAATCGCTCTTGATTGTAAGCAAGCACAACAAATGAAACCAACGGTCGCTCTATATTAAAATTGTCCATTGAACATCTCTCGATTACCTTACCCACACTTACTTTGAATATATACAATCTTTTAGTTTTAAAGAAAAACATTCACCTATAAAATGATATTGTATCCCCCGATCGGAAAGCTTAAAAATCATCTCCCACACGCAATGTCACCGAACCTTCCTTACCTGAAGAGGAAAACATACAAATGGGAATCGATAATGCAACACAAACTCTCAGACATACAAAGCAATAACGTGGGAATGCACACAAACATCTGGCAATATTGCGTTGTCTTGCCTGGCGCGGTTATTGGAGACAACTGCAACATTTGCTCCCACTGCTTTATTGAAAATGACGTCATTATTGGGAACCGCGTCACAATCAAGTGTGGCGTTCATCTTTGGGACGGCATTACGATTGAAGATGATGCCTTTGTTGGCCCGAATGTCGCATTCACGAATGACAAATACCCTAAATCTAAACAGCATCTGAGCTCATTCCCCGCAACCATAGTCAAAAAAGGAGCTTCTATTGGAGCAAATGCCACAATTCTTCCCGGCATAAGCATTGGCACAAATGCTATGATTGGAGCTGGTGCTGTTGTTACAAAAGATGTCCCCCCCTATGCAATTGTTAAGGGAAATCCATCCAAAATCACCGGATATACAAACACACAACTGAATGAAAGCGAACAACCTGCCGTCTCCCCTCATGATTTTGACAATGATTCAGTTCTATTCCAATTAACTACAGCCAGTGATATCCGGGGAGACCTCATCGCTGGAGAATTTCCGAAGCACCTTCCTTTTGAGCCTAAACGAATATTTCTGGTGCATGGCGTACCCACA
NZ_CP047593.1_gap6	309515	312614	3099	CTTTTACTTTGCCGGCGGTCTCTTCGAGCCATTCTGCTTTCAGGTCGCACAGGGCAAGATCTGCCCCTTCTCCGGCAAGTTTCAGTGCAATGGCCTGGCCGATACCGCGCGCGGCTCCAGTTACCAAAGCGATTTTTCCGTCAAACTGTCCCATGGGGATTCTCCCTTTAATAGTTTTGTGTTAATCGGTTCGAGGCGAAAAGGCGACTTATACTAAAGATCCCCGCCTTCTTGTCAATATCGGGATTCCGGGAATCAGAGTCTCAAATTCCCCTCAAATTCCGGCCGGATTTCAGAACCGGAATCGCCCTCATAATCCATTCGATTTTTATATGTTTAAGTTGCGGAATCGTCCCGCTAAAATTACAATCTTCTTTTTTAATATCTGTCCATTTCGGGCAGTAATACAAGGACCTCAATGAAACGATTCTGGATCTGTATTCTGGTGTCTCTGACGGCTGTCTGTGCTATCGCAGAGAAAAAAGGCACCCCAGATAAAGATCCACTGGTTTTCAACCGTCCGGAGGTGGCAAACAACGCGCTGAAAACCCTTCTGCAACCGCAAATCAACAAGCAAATCGGCAGGAAGCCGATCATGACGTTTGAAGACGCCCTGGACGAAGCGATTGAAAAAAGCACTTCCCTGAAAACCGCCCGTCTGGAATTGAAAAGCATGATTGAAAACGTCAATCGCGCCCAATATCAGTACATTCCCGCGTTTTCCATCGAAGTCGATCCGGCCTATACAGAGCGCACCTACGAAACCACCTCTACCAGGGAGAAAAACGGACTGGAATGGAAAGGTAATGCCACTTTAAAACAGCACCTTCCCTCCAATATTGATATTACCGGCAGAGTTCAGAAAAGTTATAATGACAACGGATATGAGGTGGAAACCCTGAGTCTGGTCATTGAAAAAGAAATGCTCCGTCCGGATCCGATCAGCCGTACACAGAGCCTTGCGCGACTTCAGCTGGATCTTGAACACATCTCTGAAGAGCAAACCCGTCGCAATTTTATCTATGAGTTCAAATCCGCCTACTACGCCTATCTGAGGGAATGGCTGGTCTACCTGAATACCCGTCTCAAATTTCAGGACAACCGCCGCCTGAACGATGAAAGTCAGCGAAAATACGATGCGGGGATTATTGCCCAGTATCAGCTGCTCGACTACGACCGCGACTTCACCGAGTCCGAACTGGCTCTGGCCTCCGATGAACGCAGCTGGAAAACCGCCCGCAACCGCCTTCTCACCCTGCTGCATCGCCCTCTGAATGATTCGATTCAGTTTCGACCGTTGGAAGATGCGCCCACCGGCATGGAATGGGATGCGGCGGCCATGCTTGATGTCGCCATGCACAGCTCGCTGGATGTGGCACGCTTCAACACAGCGCTTTTAAGCAGCGAAATCAACGCCGACTACTACCGGCGCCATCTGCGCCCGTCTGTTTCCGTATTCGCAAGCGGAAGCCGGGAAAACTCTGATCTGGCGAGCACGACAGACCGGGAAGAAACCATGTGGTCAACCGGCCTGAAAGTGATCATGCCGCTGTTCCAGTCCCGCTTTATCGACCGCTCCCAGGTCCGCACCCAGCAGAACAACATCGACATCAACACCCTCGAACTGGAAGAACGCTTCCGCTATTACCAGCGACAGGTGGCGGATGACCTGCTGCAGCTGCGCGACCTTCACCAGCGCTACGAACTCTCTAAAAAGCAGTTCCGCATCGCTTTCGCCGATTATGAGCTCGGAAAGCTGCGGTTTGAAAACGGAACCATCGGCTCATGGGATATGATCCGCAACAAAAATAATTTCTTCCGCGCCAACGAAACCTGTATCCAGCTGCAATACCAGCTGCTGCTTCAAATCGCCAAACTGGAGCGTGACTATCCAACCAAACCAGCCGAACCGGGAGATTCAGAAAATGAGTGATTCTCTGGTTCAGGTGATTGATCTCGAAAAAGCCTATTATCTGGGCGACGAGGAAATTCTGGTGCTCAAAAAGGTGAACCTGGATGTCATGCGCGGCGATTTCATGTCGATCATGGGCACATCGGGATCGGGCAAATCGACACTCATGAATATTATCGGATTTCTCGACCGCCCGACCCGCGGAACCTACCTGCTGAAAGGGCGGGACGTCACCGACCTGACGGACGACGAGGAGGCTCACATCCGTAACCGCGAAATCGGCTTTGTCTATCAGAACTTCAATCTGCTGCCGCGCTGCAGTGCCTATGAAAATGTGGCTCTGCCCCTCTTTTACCGCGAAAAATCATCGGATGAGCATGATCAGGTGATGCACGCACTCGAGATTGTCGGACTGGCCGACCGCGCCCGCCACAAGCCGAACGAAATGTCCGGAGGGCAGCGCCAGCGGGTGGCGATCGCCCGTGCACTGGTCACCAGACCGGCGATCCTCCTGGCGGACGAACCGACCGGCGCACTCGACACACGCACCAGCGCCGAAATCATGGAGCTGTTCGCCCGGCTGCATCAGGACGGCTGCACGATCATTGTTGTCACTCACGAGCCCGAAGTCGCAGAAAAAACCAGACGCATCATCCATATCCGTGACGGGAAAATTGAAACCGGATCCTACCAATGAAAAAAACCACCTCGAAAAAACTTTTGATTGCGCAGGGCGTCGCGGTGCTGGGAATCATCGCGACTCTGCGCTACGCCGACCGGTCGCGAACCGTCTACACCCTCACCACGGTGCAAGCTCTTCCGCGCGATATCACCGTAACCGTGAACGCCAGCGGGGATCTTGAATCGGAAGGCGCCGTCAATATTTCTGCACCGGACATCAAATACACGAAAAAAATCACCTTCCTCCTGCCGGAAGGCACCATTGTGAAAGAAGGCGATATCGTTGCCGTCTTCGACACAATCCAGCTTGAAGAACGGCTCGAAAGCCTGCTGCGCGCCGGACTTTACGCCCGGCTTCAGGACACAGAAATTGCGCGCACCATTGCCGTCGACGACTGCAAAGCCAACCTGGCCAGCAAACAGGAAAACGAGAATATCGCCCGGCTGACCTACGAAACCATGGCCTACGCCCCTAAACTCGAGCAGCAGAAATCGGAAATCCAGCT
NZ_CP047593.1_gap7	327396	329294	1898	GCGGTCAGGTTGCCGCCGCAGAGATGCAGGATTCCGTCACCCATTTTTTCAAAGACATGATTATGCTCAAGAGCGGAGATCATCATGAAGAGCCCGGCAAAGAAAAGAATCGTATTCCACTCCACATGCATCAGGCAGTGGTGAATATCTTTTTTACAGACCAGCACCATCAGCATAGCTCCAGCAATGGCAATAATGCCGGGCTCGATGTTCAAAGCCCGGCTCGCAAAGAATCCGGCCAGAATCAGACCGAACACCACCAGCGCTTTTTTAAGGATCAGCGGCTGAAGAATGGCTTTCTCGGGGCGTGACTGGGAAATTCGCTTGCGGGTCTGTTCGGTGGTCTGAATCTGTTTGCGGAACATCAGAGCCATAACGCCCAGCAGAAGCACCATCATAACCAGCACCGGCGGACTGAGGTTGACCAGAAAGTCGTTGAACGACAGGTGTGTCTGCGAACCAATCAGGATGTTGGGAGGGTCACCCACCAGCGTGGCCGTACCGCCGATATTGGAAAACACGGCCTCCATAATCAGCACCGGAACCGCCGGCATTTCCAGCAGCTGGCAAAGCAGAATGGTAATCGGAGCCATCAGGATCACGGTGGTCACGTTGTCGAGAAAGGCAGACAAGACAGCCGTCAGCACCATAAAAAAAACAGTGATTAACAGGCCGTTTCCCCTGGCAAGGCGAGCCAGTCGAATTGCCAACCATTCGAACACTCCGGTGTCCGTCAGTGTGTTCACCACCATCATCATTCCGACCAAAAGAAAAATCACATTCAGATCAACGGCAGACAGCGCGTCTTCATAATGAACCAGATGAAGCCCGATCATCAGACCGGCACCGATCAGCGCGGCAATGGTTTTGTCAATCAGTTCAGTGGCAATGAAAAAATAGACCACCAGAAATATTATAATAGGAATCAACATCAGAAAACCTCACTGCTTAGTAGTTAATGACGTTATTGAGCACGGTTCCCTGATCAATGGCTCCAACCCAATGACCGTCCGCGTCTGTCACATACAGTTTATTAAAACGAAGAATTGCCAGATCGAACACGATCTCCATCAGCGTGTAGTCCAACGGAACCGTGCGAAACCTGTCTGACATCACATCCACAGAAGGAATGTTCCGTTCGTCCTCAAAATATTTTTCGAAGGGATCGAATTCCGCGATAAATGAGACACTCTTGAGCTTGGCAAAAAAATCCGGAAGGCCATAGCGGAACAGGCTCTCCGAAGTGATTTCCCCAACGATTCGTTTCTGGGAATCCAGCACAGGCACCGCACGCAGATGGTCACGGGCCATCATATAAGCACATTCAGAGATCAAGGTATCCTCTTTCACACTCCAGCGCGGCAGCCGCATAATATCGCGCGCGCAGACCGGACCGTCGATTCGCAGTTCGCTTCGACGGAACAGATTCCGAAGCATATCCGAATTCTCTGCATTAAAGACGCTCTCCCGCATCGCGACATCGGATAACTTTCGGGAAAGCTGCGCCATGATTTTCAACGAAATAGACGGATCAATGGTCGGAACGAGAATCAGGCAGACAATCCGCACCGGCTCGTCCTCAAACAGAACCGGTTCCGGCAAAACCCCCAAAGCAAAGAAAGCCCGGTTTAAATTCTCCAGTCGGGCGTGCGGAAAGGCTATTTCCTTGCCGACAGCGGTTGTCCGTTGATGTTCACGCTCAATCAGAGCGTTTAAAATATCTGCTTCGCTCAGTTCAGGGTTTGCATCCATGAACTCTCGAGTGCAGAAGGTTTTCAGCATTTCCTCAAACACTTCATCGCGTGTTCGAGATGTCAAACCGGTCTGCCAAGAAATCAGGTTGACGGTATAATCCAACACATTCATCTCATATCTCCATTTATAAAGCAGCAGCCTTA
NZ_CP047593.1_gap8	330450	333193	2743	ACCCCTTCCCCATCCGCAACCACAGCCATAGCCACAAAATCACGCCGTCCGGCGGCAATCGCAGAAAAGACCGCCGTACGCTCCGCGCAGTTGGTCAGCCCATAGGATGCGTTTTCAATGTTGCATCCAGTAAAAACAGTTCCGTCAGCACAAAGCAGTGCTGCCCCCACTTTGAAACCGGAATACGGCGCATAGGCTTGACGCGCGGCGGCGCGAGCCGTTTCCAGCAGTTCCGGAGGTTTCATTCGGCGGCTCCGAGCTCTTTGGCAATAGCGGTTTTGTAGATCGAGGAGAGTTCTTCCGGCGCACGAACGCAAATATTGAGATCGTGCAGCAGCCCGTTTTCGAGGCTGTAGACCCAGCCGTGCACCGCCAGCTCCTGTCCGCGCTTCCAGGCATCCTGAATGATGGTGCTGCCGCAGACGTTGGCGACCTGCTCAATCACATTCAGCTCACAGAGCTTGTTGCGGCGGTCTTCGAATTTCTCGATGCCGTCGAGAGCATCTTCGTGTTTTTTGTACACGTCGCGCACGTGACCGAGCCAGTTATCAACCAGCCCTTTCGGGCTGTCGTTCATGGCGCCTTCGACTCCGCCGCATCCATAGTGACCGCAAACAATGATGTGTTTGACCTTCAGAAAGTCGACGGCGTACTGGATCACAGACAGACAGTTCATATCCGTATGGACCACAACATTGGCTATGTTGCGGTGAACAAACACCTCCCCCGGCGGAAGATTGATGATCTGATTGGCCGGCACCCGGCTGTCGGAACAGCCGATCCATAGATATTCCGGATTCTGCTGATTCGAGAGTTCCTTGAAGAACTCCGGATCCTCCGCGCTGATTTTATCCGCCCACTCCCGATTGTTTTCAAACAAATGACCTAATATTCTCATTGGACCTCTTTCACAAAATGTTCAATTGCTGCACGCATCCTCGGCATCGCCTCTCCGGCCGTCCGGATAACATCTTCGCCGCTGAGCGTTTCGTGCCCCAGTCCCGCGGCCCAGTTACAAACGCAGGACAGGCCTGCCACCTGCAACCCCAGCGCATTGGCAAAAATCGCCTCCGGCACAGTGGACATACCGACCGCATCGGCTCCAAGCGCACGAAACGCCCTGATTTCTGCCGGCGTTTCAAAAGTCGGCCCGGATGTGGCCAGATATACCCCGGAGGACGCGCCCGCATCTTCGAGAACCGACCGGAGCGCGGGAGTATATACCGAGCTCTGATCCGGAAACCGATCCCCGAATGCAGGCTTGTGCGGACCGGCGAGCGGATTGCCGCCCAGCATGTTGATGTGGTCGCTCATCGCCATCAGCGATCCGGGCCCCAGATCCTCGCGAATGCCGCCGGATGCATTGGTGAGCAGAACCGTCTGCACACCGAACTGTTTGAGGATCCAGACCGGCAGAACCACCGGTGCCCAGCCTTCTCCCTCATACAGGTGACGCCGCCCCTGAAAAACAAACACCTCTTTGTCGTTGAATTCAGCATGGATCAGCTGACCTGCGTGACCCGGCGCTCCGGTTTTTCCAAGGTTTGGAATCTCTGAATAGGAAAGAGAGGCCTTCACCGCAAACCCTGAAACGGCGTCTCTCCAGCCGGAGCCGAGAATAATCCCGAATGCCGGTTTAGCATTCGGCCAGACGGCTTTCACCGCAGAAACCGCTTCATCCAATACCGTCTGATTGATCGCATGCATGGGCTTGATAGTAAATAGCCGCCGGCGTAGCATCAAGCTCATGAACGAAGCATTTATGCGGGAAGCCATCGCCCTCTCCACCGCAAATATGGAAACCGGCGAAGGCGGACCCTTCGGCGCCGTCGTTGTCAAAAACGGCGAAATTATCGGCCGCGGCTGGAACCGGGTCACCTCATCCAACGACCCGACCGCCCATGCCGAAGTGATCGCCATCCGCGACGCCTGCGCAAAATTCGGAACCTTCGACCTATCGGGCTGCGAAATCTATGCGAGCTGTGAACCCTGCCCCATGTGCCTGTCCGCCATTTACTGGGCGCGGCTGGATAAACTCTATTTTGCTGCCGGACGCGAAGACGCCGCCCGTGCCGGCTTCGACGACGAATGGATCTACCGCGAAGTTTCCAAACCCTGGAACAACCGCGAACTGCCCGCCGAACAAATGCTCGCCGACGAAGCCCGCAAGGCATTCGACATATGGAAAGACAAAAAAGACCGCACCGACTACTGAGGAGTCTCAATGAAAAAGCAATTCGCCGCTCTAAAAAATCGGCTGACCTCTATCAGCAGGGAGGAACCGCTCAACAAGCTGTCTCTGACCGCAATCATCATTCTGGATATTATCATCCTCCACATTCTGTTCATCGGGCTGGAAGACCATACCCGGCAATTAACCTCTGCCTCGGAATATATGCCGCACACCGCCCGGGAGATGGTTATTCAGCAGTCATGGACTCCGGCCAACCGGATTTCAAAACTGCAACCGCTTGTTCTGGCTGACCGCAACAACCTCCGTTACCGCTATGAAAGCCCGTTTGATGAACAGAAAATCAAAGTCATGCACCCGGACGCCCAGCGTTTTTACAGCCAGGCCAAGATCCTCTCAGAAGACAAAGCACTTCATTCGCTCTTCCTGAATCGCAAGAAAGCCGCTGAAGAACGCAGCAGAACCGAGAACGCCTTTGAAAAGGCAAAAAAATCCTACGACACGCAGCTGCTCGAAAACATCGCCAACGCCGCCCGAACCGGAGCGAATGCC
NZ_CP047593.1_gap9	357299	358084	785	CGCATTTCAGGCCTGCCTGGATGTAACCGAACAAACCGAGATTCAGCAACGGGCACTGTCCGGCAAAGCATGGAGCCTCTGGGGCCAAAACCGATTTGAAGAATCCGCGACGGTTTTTGAACAGACGGTTGCAAAAAGCACGGGCTCGAATGAACAGATTGAGGCGTACATCAAAGCCGGCGATGCCTGGCTGAAGGCCAAAAAGTACGAACAGGCGTATGAAGACTACCGCCGGGCCAGCGAAATCGACCTGCGCCATCCGCTCGCGGCGCAGGCGGCGTATCAAAGCGGCATCGCCCTGCTTAAAAACGGAGCGTCCGACAAGGCCTTCCGGTATTTCCAAACGGTGGAAATCAACTTTCCGGAAAGTGAGTTCGCCCGGCAGGCCGCATTGCGGCGGGCCGAAATTCTTCAGAGCCAGAACAATCCGGAAGGCACGCTTGAGGAGTATGTCCGCATTGTCGAACAATACACCAATGCGCCGGTCCGGTCCGCCGCGATGCATCGGGAAGGTCTTGTCCTGTTCGAGATGAACCGCTACGATGAAGCACTGGCCGTGTTTAATGCCGTTTTAAAAGATTATCCGGATTCCACTCAGGCCCCGCAGGCATTCTATATGCGCGGTTTCTGCCGCTACCTGCAGGGGAATGCGGCGGAGGCGCTGCAAATTTTCCGAGAATTTATCGAAACGTATCCCGGATCCAACTGGGCTCCGGAAGTCCTCTTTCTGCTGGCGGAACATGCCTATAACACGGGCGACTATCCGCAGGCGCACCGCGCCTTCC
NZ_CP047593.1_gap10	359352	360743	1391	TGGAACAGATCAGCAGCGAAATTATCTTTTTCCTGACACAGTCAATCCCCGGAGACTCCAATGAGCCGCAATGATTGTGAAGCCGTGCTTTATCTGCACCGGTCCTTTCGACCGCGACGGCGAACCGGCCGCGGATTCCTGACCGGCACCGTATTTCTGGATGCCGCCCTGCTGATCACCGCCTTTGTTCTGGCCGTCTCGCCGTTCGTGGGGAAACCGGGAATCCGGCTCGACCTGCCGGTCGCCGGACAAACCGAAAGCATCCGCCCGAACGACATGGTCCTCAGCATCAGCAACGACCAGCTCTTCTTCTTTAATGATCAGCCGGTGCAGATGGACCGGCTGCTGCCCGTCCTGCGTGCGGCCGCACAGAAGCATCCCGACGCAGCGCTGATTCTTGAAGCCGACCAGACCCTTCCGCAATCCTCCGCGATTGCTGTCTATGATGCCGCGTCTGAAGCGGGCTTCCGGCAGGTATTCATTGCAACCCGACCCAATCCGTGAAATTCAGCGTCCAGTTTACTCCGGCCCTTGGCGGCGCACTGATCTGCACACTGCTGTGGTACGCCTTCTGGCTTGTCGCGTTCCAGCCGAATGCTGATCATCCGGTGCTGTCTGCCGTACAGGGCAACGCCTCCCTGCAAATGGCCAATGCCTCTCAGATCCCGGATTTCAGCAATCCCACCCTGTTCGCGCTGCCTTCACAGCAGGGCTTCAGCGAAGGATTCCCCAGCGATCGGGTCAGCCTCACTCTCCGGTTCGACTCCCCGAAACAGCCGCTGTTTGATCTGCCTCCCGGCGATATCCGCAAAGGCGATCCCAATCCGGCGCCTCTGATGGAAGCCGTCGCCGCGCCGGGAAGCAAGATTCATCTTCCCGGCTCCACCCGGATTGTCCGGGTCCGGCAGGGCCAGCGGGTGGAACTCTTTCTATCGCCGGAACTTCGCACCCGAATGGATCAGCCTCCTGAAATCGACCCGCCGGGCGAGCTTCCGGAGTCGGTCCGGGTTCACCTCAACGTTCGCCCGAACGGCACTGTTGCAAACATCTTTTTCGACACCCCGGTCCAGAATCCTCATCTGATCGCCGCCGTCATGCGGCTGCGCTTTGCTCCGGCGTCAAAACAGACGACCGGCTGGCTGGAACTGCGCTGCAAAGGAGAAACATCCTGATGCCTGTTGATGTCATCCATCTACTGCCGCTCCCCCTGATCCTGACGCTGGCCGCCCTGCTGGGCCTGGCGGTGCTGTATGATTTACGAACCTTCAAACATCACAAGAAGAAGGAAGACGCCATCTATCGCTGCGCAAGCTGTCGCCGGGTCTATACCACCCCCCGCCAGACACCGCTCGCCCGTTGCCCGGCATGCGGCAAACAAAATCCGGCGGCCC
NZ_CP047593.1_gap11	362916	366110	3194	GTTTTGCCGGTCACCGTCAGGCAGTCGCCGTCGAGCAGTCCGGCGGCCAGCAGCCGTTTCATCAGCGGCGCCACGCCGCCGATGGCAGCCAGATCCGCCATCACGTATTTTCCGCTCGGTTTGAGGTCGGCCAGCACCGGCGTCTTTTTTCCAATCCTTGTAAAATCGTCAATCGACAGTTTCACATTGGCGGCATGTGCCATCGCCAGCAGATGCAGCACCGCATTGGTTGAGCCGCCCAGCGCGGTCACTACCGTGATTGCGTTGAGGAATGCCTTGCGCGTCAGAATATCGGACGGACGAATCCCTTTTCTGATCAGCTCCAGCACCGCGGCTCCGGCGGCGACGCATTCCTTTTCCTTGTCCGCGGATGCGGCAATGCGCGACGAACTGTTGGGCAGACTCATCCCAAGCGCTTCGATGGCTGACGCCATTGTGTTGGCCGTATACATTCCTCCGCACGATCCCTCACCGGGAATCGCCGTCTTTTCAATCTGTGCGAGCTCGCGATCGCCGATTTCGCCGCGCGCGTGACGGCCCACCGCCTCGAACACCGAAACGATGTCCACATCCCTGCCGTGATGGCAGCCGGGCAGAATCGTACCGCCGTAGACAAAGATCGACGGACGGTTGAGCCGCGCCAGCGCAATCAGGCAGCCCGGCATATTTTTATCGCATCCGCCGATGGCAACGAGGCCGTCAAATCCTTCGCACCCGGCGACGGTTTCAATGGAATCCGCAATTACCTCGCGCGAAACGAGCGAATATTTCATTCCCTCGGTGCCCATCGAAATCCCGTCGGAAATTGTAATCGTGTTGAAAATAACCGACTTGCCGCCGGCCTGATCCGCACCGACCCCGGCGGCTTCCGCCAGCTTGTTGATGTGCATGTTGCACGGCGTCACCATACTCCAGGTGGAAGCGATCCCGACCTGCGGCTTGGAAAAATCACTGCGCTTAAAGCCGACCGCATGGAGCATCGCTCGCGACGCGGCGCGCTCAACACCGTCAACCACTTTGGAAGAATACGGACGCAGGTTGCAGTTCGGGTTCATGACAGCCTCCTTAATGAGATTGCATATAAACTACCACGCCTCCCTGATCAGCACAACCGCGGATCCTTTTCCGCCCTCATCGGAAGCGGCTGCATTTAAAATTCAGTATTCGAGCTGTAACCGATGAGATCTACAAGGATCGGCCGCTGGATTTTCAAAAAAACTTCAGTTTTATAAGGAACGGGTTCAAGGCGCTTTTTTCCGTGTATTTTTGATGTTCTGCGGTTATGTTCTCTCTCTTTGCTTTCAGGAGAAATTATGATCAACACCGTTTTAAAGAAGATTTTCGGGTCGAAAGCCGATCGCGACATGAAAAAGATGCGCCCGCTGATCGACCAGATCAACGCGCTTGAAGAGGAATATCAGAAGCTGAGTGAAGAGCAGCTGATCGGCAAAACCGCCGAATTCAGAGCGCGTCTCGAAAAAGGCGAAACGCTTGACGATATGATGGTCGAGGCGTTTGCGACCGTTAAAAATGCCTGCCGCCGCCTGTGCGGAACCAATGTTCACGTTTCCGGCCACGACCTGACGTGGGACATGGTCCCGTTTGATGTGCAGCTGATCGGGGGCATTACGCTCCATCAGGGAAAAATTGCCGAAATGATGACCGGGGAAGGAAAAACTCTCGTTGCCACCCTGCCGGTCTACCTGAATGCTCTGTCCGGCAAAGGCGTGCACGTGGTCACCACCAACGACTTCCTCGCCGGACGCGACAGCGAATGGATGGGCCATGTCTATCAATATCTCGGCCTGACCGTCGGCTGCCTGAAAGGCCAGATGCCGCCACCGCTGCGCCGCGAACAGTACAACTGCGATATCACTTACGGAACAAATTCAGAGTTCGGGTTTGACTACCTGCGCGACAACATGGCCATGCGCCCCGAAGACATGGTACAGCAGCGCGGCCACAACTACGCTATCATCGACGAAATCGACTCGATCCTGATCGACGAAGCGCGCACCCCGCTGATCATCTCCGGGCCGGCGCCCTACTCGGCCGACGAGCAGTACCGCTCGCTCAACGGCGTCGTTAAACGTCTCGCCTTGCGCCAGAAAGAACTCTGCACCCGCCTGATGAGCGAAGCGCAGGAACTGCTGGAGTCAAATGACACCGACGAAGCCATGCTTCGCCTCTATCAGGTTCATCAGGGAATGCCGAAAAACAAGCAGCTCGCCAAACTGATGGAAGAGCCCGCCCGGCGGCGCCTGATTGAAAAAGTGAACAACATGATGATCACGGACAGCTACAAGGAACAGGCCCGCGAGCTGCGCGAGGAACTGTTCTTTACGGTTGATGAAAAAGGCCATGACGCAAACCTGACCGATAAGGGCTGCGAAACCCTCAACCCGGACGACCCTGAGCATTTCGTGATGCCGGACCTCGCCACGGCCCTCTCCGAACTCGACGGAAAAACCGGAATGGCTCCGGAGGAGAAGATTGTCCAGCGCCAGAAACTGCAGGACGAATTTGCACACCGCAGCGAACGCATTCATGCCGTCAACCAGCTGATCCGCGCCCACTGCATCTATGAAAAAGACGTTGAATACGTTGTGCAGGAAAACCAGGTGCAGATCGTTGACACCTTCACCGGCCGCCTGATGCCGGGCCGCCGCTGGTCCGATGGACTGCATCAGGCCATCGAAGCGAAGGAAGGCGTTAAGATCGAACGCGAAACCCAGACGCTGGCCACCATTACCATTCAGAACTATTTCCGCATGTACGACAAACTCTCCGGAATGACCGGAACCGCGGAAACTGAAGCCTCCGAGTTCGATGAAATCTACGGACTCGATGTGGTGGTGATCCCGACCAACCGCCCGATCCGCCGCGTCGACATCAACGACCAGATCTATAAAACCAAGCGCGAAAAATACAGCGCCCTGATCGACGAAATCAAAAAAGCACACGTCCGCAAGCAGCCGGTACTGGTCGGAACCGCGACCGTCGATACGTCAGAAGTCATCAGTCGCCTGCTCGATCGCCAGGGCATTCCGCACAACGTGCTCAACGCTAAAAACCATGCCCGCGAAGCGGAGATTGTCGCGCAGGCCGGCCAGCCCGGCGCCATCACGATCGCCACCAACATGGCCGGTCGCGGAACCGACATCAAACTCGGCGAAGGCGTCATCTGGATGAAT
NZ_CP047593.1_gap12	399641	403450	3809	TGGCACTGACGCATAAACCCGCGGCAGTGGTGGATCTGGCAACATTAACCGGCGCAGTCATTGTCGCGCTCGGCCACACCGCATCGGCGGTTATCGGCAACAACAGCAACCTCACTGAAAAGCTGACGCAATCCGCCGAAGCCGCAGGCGAACGCCTCTGGGAACTGCCGCTGTGGCAGGAGTACAAAGACCAAATGAAGGGCACTTTCGCCGATCTGCAGAATATCGGAAAAGACGGCACCGCCGGCACCATTACCGCCGGAGCATTCCTGAGTGAGTTTGTGCCCGAAAATATTCCGTGGGCGCACATCGACATTGCCGGAACCGCATGGGTGGAAAGCCCGAAACCATGGATGGCTCCCGGAGCCACGCTCTACGGCGCACGCACGCTGATTGAATGGATTAAAAATCTCTGATGGATCTTAACGGAAAACGAGCGTTAGTTACCGGAGGTGCAGTCCGGATCGGTCGCGCAATTTCTGAAGCACTGGCCGATGCGGGCGCAGAGGTGATTGTGCATTTCCGAAGTTCAGAAAAAGCAGCGAAGGCTTTGGGGCCGAATGTGATCCAGGCTGATCTGGATGATCCGGCGCAATGCGAGAACCTGATCCAGAAGGCTTCTGAGCGGTTCGGTCCACTGGACATCCTCGTTAATAACGCAGCCGTGTTTCACCAGTGCAGCCTGAGGGAATCCACTCAGGAGGCGGTGCTTAAAGAACTCCAGCCGAACCTGTTTGCGCCGCTGACGCTCATCCGTGAATTTGCAAAACAGAAGCGGCCCGGAAAAATCATCAATCTGCTTGATCGACGCATCACCAGTCATGACACCGCATATGTACCTTATATGCTGAGCAAGAAAAGTCTCGAAGAACTGACCAAGCTGGCTGCACTGGAGCTGGCCCCCGAAACTACAGTGAATGCAATTGCTCCCGGCGCAGTCCTTCCACCGCCTGACAAAAAGGATGACACCACCTGGGAACCCGCAGGCGTAATCCCGCTCGATAAGCGTCCTGCGCCAAAAGACATTGCAAATGCGGTTGTTTATCTTCTGGAAACCGACATCATCACCGGCCAGACGCTTTTCATCGATGGCGGCCAGCATTTGACAGGCTGAGGCTACCCAGAAAACCAGTCAAACCCCTTTTCTTCAGCATGATTCCGGGCAAAATGCAGTCCTTGTTTAACCTGCATTTTTGTCATTCTGGTCAACAGCCCGTCGGCCTGAGCTCCAGCAGATCGATGGCCTCGGGCCGCGGCAAGCATATAGAAGCCATATGCCTTGGGAAGAAAAGAAGGAACCCCGGCTCCCGACTCATAACATTGACCAGCAAAATATAATCCGCCGGACTCTCCCTGGTCTGCGGCCTTCAAATACCACTCGGCAGCTTTAACTCGATTCTGCTGAACAATAATACCATCGCGATAATAATGCCCCACTTCGACCTGAGCTGGAGAGAATCCAGATTCAGCAGATTGCATTAACATGTTAAGTGCTCTTGCACGCTCCTTCAACACCCCGCGCCCGGTCTTATACCGGAGGGCTGCTTTGTACAGCGCAATCGGATCACCGGATCCTGCCATTTTACAAACCAGCCATCCTCGATTCCTTAAAATACAACATAGACTTTTCAACACAATAACCGCCGCCAGCACCACGGAGAAAACCCAAAAGGCCGGTTTCAAAAGCATCCGGAACAGAAAGGCAGCAATCGCCTTGCGATACAGCCCGAAAGCTTCTTTAGTGGATCGCTCAACTCCACTGCCAGAAAGATAAAGAGAGCCCAAACGAACCGTGGCCATTATATGGCCCTCTTTAGAAGCAGACTGAAGCAACTCAACCGGATCAGATGAATCAAGACATAACTCAGGACGGTGAAGCCAACGCACAGCCAGTTCGTATTTTTGGGCAGCGGATCCCGAAACCAAACAGTCTTCAACAGACGAATTCGGCGAAGCAAAAGAAGTCCCGAAAGAAAAGAGCAGGCACCCTAAAACATATTTGAAGAAAAAACGATTGACCATACCTCTACAGGAGCCGAGATCCGGCACCTGTCCTCATAAATTAACAAATCCCCTAAAACAAAACCCATTAGGACTGGCGCCAGATGTTAATCACGAAGAAATAGTCATCAATCATTTTCTGTTAAAAAATTTCCAGATACAGAAAAGAAAAATCAGCAATGCTCACCCAAAACGATTCATTCGCAGACAGCTTTGCTTAGCGACGAGTCGATCGTTTTTTACGACCCACATAAAGCTTCCGCGCTCCTTTCGTCGCCGGGGCTGTCGGTTCCTGCTGTGATTTCAGCTCATACAACTCGTCACGAAGAAGTGCCGCCCGCTCAAACTCCAGCTTGGCAGCTGCATCGAGCATCTCCTGCTCAATTTCCCGGATTGCCTGATTGACGTCATAGCTTTCCCCCGTCTCACAAACAACCATCTCCTCGACTTCTTCCGCACCTTGCTTCAGCGTTTTCAGACTGTCCGCAATCTCTTTCTGAATGGCCTGCGGCACAACACCGTGCTCCTCATTATAAGCCATCTGTCTCTCACGTCTGCGGTTCGTGACATCAATCATTCGCTGCATCGAGCCGGTGATGTTATCGGCATACATAATCACTCGGCCCTCAATATGGCGAGCGGCACGGCCTGCAGTCTGTACCAACGCGGTTTCGGAACGCAGAAAGCCTTCCTTATCCGCATCGAGAATGGCGACCAATGATACCTCCGGCAGGTCGAGGCCTTCGCGAAGCAGGTTGATCCCAATCAGGCAGTCAAACTCCGCCTTGCGCAATCCGCGCAGAATCTCGACCCGCTCAATGGCATCAATGTCCGAATGCAGATACTGCACGCGCAAATCGACTTTCTTCAGGTAATCAGTCAAATCCTCGGCCGTCCGTTTCGTCAACGTGGTCACCAGCGTCCGCTCGCCACGCTCGGCGCGCGAGCGGATTTCCTCCATGACATCGTCAATCTGCCCAGAAAGCGGACGAACTTCAACCGGCGGGTCGATAATGCCGGTCGGACGAATCACCTGCTCTACCGGAGTCCCGGATTTCTGAACCTCGAACGGACCTGGCGTCGCCGTCGTAAAGATCATCTGCCCGGTGATATCCATAAATTCATTAAATTCAAGCGGACGGTTATCCAGCGCAGACGGAAGACGAAACCCGTGTTCAACCAAGGTCCGCTTGCGAGCCTGGTCTCCGTTAAACATGCCTCGAACCTGAGGAAGCGTCACATGGGACTCATCGATAACGGTCAGGAAATTATCTGGGAAATAGTCGATCAGGCAGGCGGGCCGATCGCCCGCCTGCCGGCCGCCGAGGTGGCGGGAATAGTTTTCGATGCCTCCGCAATAGCCGATCTCACGCATCATTTCGATATCGTACGCCGTGCGCATCCGGATGCGCTGGGCCTCAATCAGCTTGTCGCGCTGCTCAAACCATTTCACCCGTTCCTCCAGCTCTGCCTCAATTCGAGCGATTGCCGGCTCCAGTTTTTCGGCGGGCATCACAAAATGCTTCGCCGGAGAAATCGTGATGCGATCCATGTTTTCCTCGATCTCTCCAGTCAAAGGATCAATCCGTTTAATCGAATCCACTTCATCTCCGAAGAACTCCACCCGAATTCCATGCGTCGCGTAGGAAGGGAAAATATCAACCGTATCGCCGCGCACCCGAAAGGTTCCCGGCTGCGGTTCATAGTCGTTGCGGTCATACTGAATGCTGACCAGCTTTTCGAGCACATCATCCCGCCCAAAGGTCTCTCCGGCATGCGCCGAAAGCACCATTTCGCGGTAATCTTCC
NZ_CP047593.1_gap13	541278	545089	3811	GCACGCCCGGCGGCCCGAGAGTCCGTATGCATCACATGCCCCCTCGGCCAGTTCGCGCTTCCGTGCAGGCTTCAGAGCTTTTTTGCAATGACCTCCTGCAAGATGTGCTTGTCCAGACTCAGGTCGGCTACGAGCTGCTTCAACTTGCGGTTTTCATCACGTAACATGCGTAACTCCCGCACCTCGCTTACTCCAAGCCCCTTGTACTTCTTGCGCCAGTTGTAAAACGTGGCCTCACTGACTCCCATCGACCGGCATAGTTCGGCTATCTTCTCGCCGTTCTCCGCCTGCTTCAGGGCATATACGATCTGTTCCTCTGTGTATCTCTTCCGCTTCATTCGTCCTCCTTATCATGAGGTTAAACGAAGCCGAATCCTAAAGTATCAACTGGTCCAGTTTTCGGGGTGAACGTCAATTAACCCTTGCTCCGCGAGCCAGTCGTTTCCCATCCCCATGCGTGCGCGCCAGCTTCCAATAGCCTTTACGGCTGCTGACAACAAGGCATGCGCATGATAAGAAGGATGCAGATGCAAAAACCGGAAGGTGACACTGCGGAAATCCACCTCGTTCGCAAAGCGACATCATTTTGCGAAGCAAAGTAACGACCTCCGGACACGGCTCACCTTCCGGCCCGACACACATGCGCCAAAATCGCCGTATCGAACTTTAATTGCCGGCGCGCCCGCCGACCCCCTTGGTGCCTTTGGCGATTTCTTTCTTTTTACCTTTTGGGCGCAGAGCGCGCGAAGCGGCTCCGGCCTGCCACATCTCGGAGTCGTGGATCGCTTTAAGCTCTTTATCCAGACGCTCCTTGTAGTTTTTGGCGCCGCAGATGCGCAGAACACGTTTTGCCTCGTCCTTGGTTTTGACTGCTTTGTAAAGGTCCCTGAAAACCGGCATCGTGGCTTTCTTAAACTTCGGAGCCCAATCGAGTGCGCCGCGCTGGGCGGTGGCGGAACAGTTGGAGAACATCCAGTCCATGCCCTTTTCATCGACGAGACGAATCAGGCTCTGGGTCAGTTCTTCAACGGTTTCGTTGAAGGCTTCAGACGGGCTGTGACCGTTTTTGCGGAGCACGTCGTACTGCGCTTCCATCACGCCGGCCAGTGCGCCCATCAGGATTCCGCGCTCCCCGACGAGGTCGGATGTCACCTCTTTTTCAAAGGTGGTCGGAAACAGGTAGCCGGAACCGATTCCGATTCCGATCGCCATACAGCGCTCTTCGGCCCGGCCGGTGGCATCCTGATACACGGCAAAGCTGGAGTTGATCCCCGCGCCGCTCAGGAAGTTGCGACGTACGTTGAGTCCGGAGCCTTTCGGCGCAACCATAATCACGTCGACATCTTCCGGCGGAACCACTTTGGTCAGGTCGTTGTACACAATCGAAAATCCATGACTGAAATACAGCGCATCTCCAGCGCTGAGATTCTTTTTGATCATCGGCCAGCAGGCTTTCTGCGCGGCGTCGGACAACAGATACTGAATAATGGTTCCCTTCTGAACGGCCTCTTCAATTTCAAACAGGGTCTCGCCGGGCTTGAAGCCGTCTCTTTTCGCGCGGTTCCAGTCCGTCATGAATTTTTTGGACTGGCCGACAATCACATTGAAGCCGTTATCGCGCAGGTTGAGTGCCTGGGCAGGCCCCTGCACGCCGTAACCGATGATGGCGATGGTTTCCTTTTTAAGGGTTTTGCGGGCTTTCGCCAGAGTGAACTCTTTGCGCATTACGACGGTTTCTTTGGTGCCGCCGAAGTCAATGACTGCCATACCTATCTCCTTCTTTCTGTACTGCTCCGTTCCAAACCCTGGAACCATCCAGGGCCGGATTTTCCAAGGTTTGGAAAATCCTAAAAAGCAGAACAGGCTTCCGCCTGCCTGAGACGTAAAGAGCCGATGACCGGAAAACAGACGGGACGCCTGTTTATTTCTGCATCAGAAACTTCACGCCGTTCTCAAAAAGTTTGAGTCCCAGCCCCTGGGAAGGAAGAGTACCGTCGAGTTTCTGTTTGTCCCAGTTGGGGTGGTTTTCGGGGAAAAGATAGGCCTCGGGATGCGGCATCATGCCGAAGATACGACCGGTCGGGTCGCACAGTCCGGCGATCGCGTTGAGCGATCCGTTCGGGTTGGCCGGGAAATCCATGGCTGGATCTCCGGCTTCGTCCGCATAGCGAACGGCTGCACAGCCGAGTTGTTCAATTTTTTCGATGACGGATGCTTCGGTAGTGAAAATTTTTCCTTCGCCGTGGCGAATCGGCATCGGCATCTGGGAGAGCCCCTTCGTGAAGATACACGGAGAACCGGTTTCAAACTTCAGGTTCACCCAGAAATTCTGGAAATGACCGCAGTCGTTCTGCATGAGCGCCACTTTCGGCTCAAAATATTCGTTATCAAACCCCGGCAGCAGACCGATCTTGGTCATGGTCTGGAACCCGTTGCAGACGCCCATGATGATTTTTTCGTCATCGATAAACTTCTGAAGCTCTGTGCGCAGATGGTGTTTGACGCGCAAGGCAAACACATGGCCGCTGGTCATGTGGTCGCCGTAAGAAAAGCCGCCGATGAACATCATGCCCTGGAAATCGCGCATCTGTTCGGGCTGATCGATCAGGTCGTTAATGTGAACCTGTACGGCCTCAGCGCCTGCCAGCTCCCATGCGTGGGCCGACTCCGCTTCGCAGTTCACTCCATATCCGGTAATAATCAAAATTTTTGGTTTCATAACAGGCCACCGAGTAAAACAGAAAAAGCCGCACGATTGAACGCTTATTTTTGCGAATGTTTTGCGCAGGCCGACCTGACCGACCTGCGATAAGGCACAGGGGACCATTCAACCCGGAATCGCAGCACGGAGGTTTGCACGAACCCTGAAAAAACATACAGCAGCAGGGAAGCAACGCTCCCGGAGTAATCTGTCAAACGCTCCTCCACACAGCCGTCAAACCATTCCGCTGTTGCGAACAGCTCTCTAATGATGTCTGCCGGCCGGCATGCCTTTGGAACAGGCCGTGCAGCACAGACTGACCAGATATCCCGCTCCGGCCAGCAAAACAATGACCGGGCCGCTCGGCAGATCGAGCTGATAACTCAAAGCCAGCCCTGCCAGTACACAGACAGCACAGATCGCTGAGGACAACAGCATGACGTGCCATAAGCGGTTCATAAACCGCAGAGCGGTCATCACCGGCAGCGTCAGCAGCGCGATCACCAGCACGATTCCAATCACCTGCATCATCGTGACAATCGTTATCGCCACCATCGAGAGCAGCAGCACAAACCAGAATTCAACCCGAATACCGCGCAACCGCGCAAATTCTTCATCAAAACAGATCATCTGCAGGCGCCTATAGAAAACGACACCGGTCAGAATCACCAGCAGATTGAACACCCCGACCAGCCCGGCATCGGATCGACTGACGAGCAGAATATCGCCGAACAGCACGCTCATCGGCTCAAAATAGCCGGGCGTCTTCGCCAGAAACAGCAGACCGCCGGACATGCCCATCACCATGACGGCGCTGATCACAGAGTCGGCCCGGTGCGAAGCGTACAGGGTGGAAGATCCAATAATCCACGCCGCCGCCAATGCAACCAGAACCGCTCCGGCGACCGGCGAAAAGCTCCATCCGAAAAAATGGTTCAAAAACAGGGTTCCGCCGATTCCCAGCAAAACGGCATGGGAGATTCCGTGCGCGGCATAGCTGACGTGCCGCACCACCGTATAGCTGCCGATGATCCCAAACGAGATACTTCCGAGCAGCCCAATCAGCAGCGGATAAAACAGAATACCGGACGGTACAAACAGTTGATGAAT
NZ_CP047593.1_gap14	546131	551129	4998	GGGTTCAGCTTCTGTTTCAATTGCGCATCCTTTTCTGTGAGCGTCTGCTGATACGCCGCGCAGTTCTGCCGGTAGATCTCTGCACCTGCCGGGTCGGTCTGTGCCAGCGACCGCTCAACGACATCAGCCATGGCTGACAGATTCGACAGCGAAAGCCAGATGTGCGGATCGGAAGCCGCATCGAGTTCGGCCGCCGCGTTGACAACGCGCAGCCCGGAATTCATTCCGGTCAGTTTCTGCGAAACGGTCTGTTCATACGGCAGTCCGACAACAAAAAACAGATCCGCATCCCGAACCCCGGCAACAGCTTTCGGTGTCGGCGACCACGTGTGCGGATCCTGGCGGTCATCCATCAGGCTGCCCACCTCCACGCGCTCGCCGCCAACCGAGCGAACCACAGAGACGAGCGGCGGGATGCCGCACCATACGTTCAGCTCGGCCGCCTGCGCCGACAGTGAGATTCCAACGATGACTGTAAACAGATTTTTTTTCATGATTAAAAATGTCCGTGGTAACTGAGCATCAGACCGATGCTCTTTTGCTGTTCGCCTTCTTCTTCTGAAAGTTTCCAACCTCCGGAAATGCCGAACCCGCAGGGCCAGACATAGCCGAGTGATCCCTGAATGTGTTCCCCGTCCGGCTCCTCCGTGTGATCCAGAACCGAATAACTGCCCCCGAACTCCCACCCTTGCCAGGACAGCTCCAGACCGGCGGTACTGATCCGCAGATCATCATCGCCATGCGTATGGTTGTTGCGAATGTTTTTAAATTCGCCGACTCCTTTGAGCTGCAGGTTTTCCGTGAGCGTTGCCGTATAGACACCGCCGATCACCCCGCGTTCTTCGTCTGCGTGGTCGGCTTCGGCATCGTATCCGGCATCCTGCCGGGCGTATGCCAATACATAGCTCAACTGATGGAGCGTATCGCCCAGCGCCGCATACAGCGGATCGCCGGACAGCGAAACCGCCCAGGACGAAAAGTCGTGCGTATTGGCAACGCCGCCCTCCTCTTTACGATCCGGTTCGCCGCCGCTGTTAATCACCGTCTGGTTCAATACGGTTGTATCCCGACAGAACCCGGACACTTCCAGTCGATGACTTCCGAATGTTCCGGCATCCGCCGTGTAGGCGGCTCCGGCACCGAGACGACCGAGAATACTGTATTCCTCTTCGATTTCGTATCCGTACCATCCGGGGATATCATGCTGATCCAGACCGACGGTCGGATTGAATTTTCCGCCGAACACCTCCCATGCACCCGGCGCATAAACCAGTTTAAGCTCCTCAAACTTCAGAATGTGATTTTCAAAATACACATCCTTTCCATCCGGAGCGGCCCCGCCGCCGTCATGATCGTGCGAATGCTTCTGTTCCAGTTTCAGCGAGCTGCGAATAAACAAATTGTCAATCGGTGAAAATTCGATGCCCACATGCGCGTGCGTTTTGAGGTCGAAAATCTCCTCGCCTGAGTCATCGGCTTCATACACCTGCTCCCCATAAACCCGCACATCCGTGTACACCGTCACATACGGAGCGTTCTGCTCATGCTGGTGACAATGCTCCTCCGCAAACCCGGTCAAGGTCAGCCCCCCAATCAGCATCAAAAATATCCGTCTGTCCATCGGTCCTTCCCCGTCTTAATTGTTATGTTATAATATAACAGTTAAAACAGAAGTCAAACACTCATGTTAAAAACAGGTGATCAGCGACAGTCCGGGCAGCTGCCCGTCGCTTCAACGCTCAGGTGTTCAATGCGAAAGCCCAGTGACTCCGCCTTATGACCGATCTTTTCTATCAGTTTTTCATCACAGATTTCCGAGACCCGTCCGCATTTAGAACAGACAAAAATCTGGCAGTCGTGTCCGCAGCCCGGATGAGTGCAGGCCGTATAGGCATTCAGGCTTTCAATGCGGTGCAGAAACCCGTGCGACGTCCAGAAATCCAGCGCGCGATATACCACCGGCGGCATCGGCCGGGCCTTATCGGCTGAAATGGTCTGAAGTACATCATACGCTTTCACCGGCGTCCGCTGCCGCACGACTTCGCGAAGCACCACCGCACGGCCGTCGGTAAACCGCAGCCCCTGCTCCATGCAATAGGCTTCCGCCCGTTTCAGAATGGCCTGAACATCCGACTTTTTTCGCATACGGATTTGGTACCACGACCCTGCGCGGTTTACGAATCAAAACGGTTTGCTCAATCAGGAAAGGGCCTGAATGGTTCCGCGGGCAAATTCCTCAAATACGCTGAGCCCCGCCTTGGCGCCCTCCCCCATGGCGATGATAATCTGCTTATAAGGAACCTGAGTCAGATCGCCGGCGGCATAAATTCCGGGCTTCGAGGTCCGGCAGCGATCGTCCACAACAATCTCGCCCCGCTCGTTCAGCTCGACCAGATCCGCAAACGGTGCGCTGTTGGGAACCAGCCCGATCTGCACAAAGATGCCGGCGGCCTGCACCGTTTCCGTTTCACCGGACACGCGGTTTTCAAACTCCATGCCGGAAACTTTATCGCCGTTGTCGAGGACTTTTGATGCCGCGGCATTCAAATGGATCGTCGCATTGTCCAGCGAATAGAGTCTATCGATCAGCACGTTGTCCGCGTTCAGCTGATCCGAAAACTCCACCAATGTGACCTGCGAACAGATACCGGCCAAATCAATTGCAGCCTCCACCCCGGAATTGCCGCCGCCAACCACAACGACCGGTTTATCTTTATAGAACGGACCATCACAATGCGGGCAGAAAGCGACCCCTCGGCCGATATTTTCCTTCTCACCCGGAATGCCGAGCTGGCGCCATTTGGCTCCGGTCGCCAGAATCAGGGCGCCAGTCGTAATGACTTCCCCGCCTTTAATATGCAGTGTCTTGCGGTCGCCGTTTTCAATCCTCTGAACCCGTCGATGCTCTAGAATTTCGATGGGGTATGCGTCAATATGCTTAAACAGATCGGCAGCCAGCTGCGGCCCTTCGGTGTATGGAATTGAAATCATGTTCTCAATTCCCTTGGTTTCATTGACCTGCCCGCCGATTCGTTCGGCAATAATTGCGGTCTTGAGTCCTTTGCGGGCGGTGTAGATGGCCGCCGCCGCGCCGGCCGGTCCTCCACCGATCACCGCCACGTCATACTCTTTCACATCAGCCGACTCTGCTTCCGCGGCACCGTAGTGCGCTTCCAGCTTATCCAGCAAATCCGTCAGATCCGCCTTCCCGGCATGAATCAGTTTGTCGCCGGCAAACACCGCAGGAACCCCCTGAATTTTGCGGGCAGAGATTTCCTCCTGGAAATGGGTCCCCTCCACCATTTCATGATGGAAGTCGGGATGGATCAACGCCATCTGATTCAGTGCCTGAACTACATCCGGACAGTTGACACAGCTCGTTGAAACATAGCTGGTCAGCCGCACCGGCCCCTTCAGCGCTTTAATTCGCTTCTGAATCCCATCGTCCGGCAGCTTGCCTTTGCCGTCGGCATTGAGAATCGCCAGAATCAGTGTTGTAAACTCATGGCCGCCCGGAAGGCCTCGAATGACAATCGGCAGAGGCGTTCCATCCCGTTCGATTGTAAAACGCAGTCCCTCGGCGTTGTTTTCAACAACCTGAATCTGATCTGCGGTTGCAGCCACATCATTCAGCAAAGTAATCAGGTCCGCTTGGGCCGGATGATTTTCGGCTTCAACAACAATATTGTAATCCGATTCCAAAGTCGCAAAAACAGATTTCAGTTGGGTTTGGGTGGCCTGATCAAGCATGGCATTTCTCTGTATTTAAAAAAGGTGCCTCCCGCCCGAGACGGGCGGGAGGGCTTTCAGGAGTGGAGTTGAGGTGAGACTAGATTTTTCCGACGAGATCAAGTCCGGGAGTCAATGTGTCACTGCCGGGATTCCAGTTGGCAGGACAGACCTGATCACCGTGTTCGTAAACAAACTTGGCTGCATTGAGCTTGCGAAGCGCTTCCGCGGCACTGCGGCCGATTCCCAGATCGTGCGTTTCAGCCGTCTTCAAAACGCCGTCGGGATCGATGATGAAGGTACCGCGCAGCGCCACGCCTTCTGTATCGATATAAACTCCGAAGAGACGACTGACTTCACCGCTCGGATCCGCGCCCATCGGGTAATCCACTTTGGCAATCGCTGTCGATGCATCGTGCCATGCTTTGTGAACGAATGCGGTATCCGTACTGACCGAAATCACTTCGGCACCGGCGGCCTGGAATTCAGCATAAAGATCCGCGACTTCTTCAAGTTCAGTCGGACAGACAAAGGTGAAGTCCGCGGGATAGAACACCACAACCACCCATTTGCCTTTGTAATCTGAAAGTTTGAGTTCTGTGATTTCGTTGTTGTGATACGCCGCCATTTTAAATTCGGGCACTTCCTGTCCTACTTTAACCATTTTGATTTCTCCTTTGTATTGGTCCTGGTCTTTTTCGCTTTCGATGGGTCCAAGATGCCGCACTCCTTGCATTTTGTAAAATTTATAGATTTTACTGGATTGATAATTAATTTTTATCAATCATTCCGGCATGAACTTGCGATCCTTTGACTATCTGCTGGCACTGGAAAAGCACGGTGGATTTCATCGCGCAGCGAAAGCATGTCATGTCAGCCAGCCCGCCCTGAGCATTCAGATCCGGAAGGTCGAAGAAGAGCTTGGGATCCAGCTGCTCGAACGCGGACATAAAGAATTCATCTTTACGCCCGCCGGCCTCGAGATCCTCAAACGGGCCCGACTGATTACACAACAGGTGGAGGAAATCGAAAAATTCGCATCCATCTGGCACGACCCGTACTCGGGGCAGATTTCCATTGGAGCCTTCCCTACGCTGGCCCCCTACTACCTGCCCAAGATTATCGACCACTTCGTTGAAGCCTACCCCGACCTGCAGATCAATCTGGTAGAAGAGAAAACACACATCCTGATCGAACGCCTCAAGTCGGGCCGGCTCGACGCAGCGTTTCTGGCACTGCCGGAAGAACATGCAGAACTCGAACACGGCA
NZ_CP047593.1_gap15	552669	553654	985	ATCGGCCGGGCGCGGATCATTCCGGAATGCAGTTCAAAAAAAAGCTCCGGCGAAGCGGAACAGATCGTAAAGTCATCCGCTTCAATATACGCCCCGAAACCACCCTGCTGCGCGGCGGCCAGATCGCAGAAGAAGGCAAACGGATCTCCGTCAAACGCTGCGTTCAGCCGAAAGGTATAGTTCACCTGGTAGCTGTCGCCCGCCGCAATGTGCTCTTTGATTCTTGCAATCGCATCGACATATTCATCGCGCGTCACCGACGGGGACCACGTCCCGAGCTGATAGGTTCCGTCCGACTCCGGGGCGTGGATCTTCTGTACGGTTTCATACAGGCCGAAACACATCAACGGCAGCTCGCCCGGCGCATGAGTCCGGTGCGCCTCGTCCAGGACACCTGCGGCCTCATACGTCACAAACCCGGCAGCCCAGCAACGGCTCTTTTCAATTTTTTCCAAGCATTGGAACACTTCATCCCGCGTGCGGGCCCTCAGGATCTCAACCGGCTCACGAAAGGCCAACCAGTCGTTTCCGCGCTGGATGATGAGCTGCATAAACTCAGCGGGTTCCAAACAGTCGATCGCCGGCGTCCCCGAGGCCGGGCAGGATGTAGGCGTCGTCATTGAGCCCTTCATCGAGCGCAGCCGCATAAATTTCGACGTCGGGATGCGCCGCGGCGAATGCCTCAACCCCTTCGGGCGCGGCGACAAGACACATAAAGCGTATGTTTTCGGCGCCGTTTTCCTTGAGCAGGTTGGCCGACTCGATGGCGGAGCCGCCGGTGGCCAGCATGGGATCGACCATGATAAAGAATTTATCGGAGGCTTGCGGCATGGGCTTGAAATAGTAGGTCACCGGATCATGGGTGTCGTGATCGCGATAGAGACCGATATGGCACACTGCGCAGTTTGGAATGAGATTCAGCACCCCGTCGACCAGCCCCAGTCCGGCACGCAGCAACGGAACGAGAACCACATTCCCGCTGTCA
NZ_CP047593.1_gap16	556042	557885	1843	TCCGTCAAACACAACAGTGGTATCGGCAACCGGAATGGTCATTTTCCAGACCGGGGTGATCTGATAGGACTCCGGCGCTTCGGCATGATCGTTGTAGCGGCGGTACACGTTGAGCTGGAAGAAGTCGAATCCCGGAATGTCGAGATCAACACCGGCACCGACCAGCACGTTTTCGTCGCTGTTTTCACCGAACTCATAGCATCCGGCCACCAGCCAGTCTTTGATAAACAGAACGGACAGATCCTGGCCGAGGATTTTGCTGAGGCTCAGGCGCGGAGCAACTTCGCCGTAGAATGTGGCCCGGTTGCGCTCGCTGTCGCGTTCTCCGTTGAAATAAATACCGTCCACAAAGATGAATAGATCCCCGTAAGCCCAGCCGCTCACGTGTTCGAACGTGATGGTCTGCTGCGTTTCCGGATCCAGTTTAAAATTCTCTCCGTACAAATACGTCAGGCTGTTGTCCTGCCATTGCAGGAAATCTCCGGCCATTCCAACACCTGCCAGCACAACGATCAGTCCGGCCAATACCTTTTTCTTCATTTACTTCTCCTTAGGGGGTTCAGGTTGATTCATTCAGTCACGGAAGATCCCTCGTCGACCGGACCGGTATAAATGCCGACATACGGGACGTTGCGGTATTTCTGCGCATAGTCCAAACCGTAGCCGCACACAAATTCATCGGGAATATCCATCCCGCAAAAGTCGATCGGCACCTCGACCTGCCGGCGCGAGGGCTTGTTCAGCAGCGTGCAGATCTTCAGCGAGGCAGGATCGCGGTTCTGCAGCATGCGGATGACTTTGCTGAACGTATTGCCGGTGTCGATGATGTCTTCGACCAGCAGCACATCGCATCCGGTGATAGTCTCATCGAGGTCCATCACCACTTTCACATCGCCGGAGCTCACGGTGCCGTCTCCGTAGCTCGAAACCGTCATGAAATCCGTCGTCATCGGAAGCTGGATCTGCCGCACCAGATCCGCCATAAACAGAAACGATCCGCGCAGAAGCCCGATCACCACCAGCTCGTTTTCGGAGTCCTTATAGGTTTCCGTAATCTCACGTCCCAGCCGGACCACGATGTCCTTCAGCTGCTCTTCCGAAAGAAGTGTTTTCCCGAGTCCTTTTTCCAGCACAGAAGCACCTTCCTCTCGTTTAATCAATGAATGGCCGAAACCGCGAGGTTCACAGCAGAAAGCAGGCCGACCACCCACATAACCACAGAAATTTTACGAATTCCGCCGCTCAGAATTCCGATCAGAAGATATGAGAGAAACCCAATCGTCAATCCTGTTGAGATGCTGAAGGTCAGCGGCATCAGGATCATCGTCAAAAACGCCGGCACAGCATCCTTCATATCTGAAAAATTGATTTCCTTGATGTTGCGGAACATAAACACACCCACAATCACCAGCGCCGGAGCCGTTGCAAAACCAGGAACCACACCGATCAGCGGTGCAAAAAACAGGGCCGCCAGAAACAAAATCCCGGTCACCACCGAAGACAGCCCCGTGCGAGCCCCATCCGCAATTCCGGAAGCGGACTCAATGTATGTGGTGGTTGTGCTCGTTCCGAGCAGTGACCCGGCAACAGTCGCTACCGCGTCCGCCTCAAGCACCCGGTCAATCTTTTTGATCGTTCCGTCCGGCTCCACATGCCCGGCTTCATACGAACAGGCGACAATCGTTCCGATCGAGTCGAACAGGTCCACAAACATGAACGAGAAAATGGCACCGACCAGCCCCCACTTCAGCGCGCCGAGAATATCCAGCTTGAATGCAATGGGCTCCAGACTTGGCGGCACAGACACGGCGGTTTCCGGAAGAGACACCTCGCCGAAAAGAGC
NZ_CP047593.1_gap17	566331	567452	1121	CCTCGCCAGGTTCATTGAAAAGTTCGACCCGCAGGCGATCGCCGTCGGCAACGGAACCGCCGGGCGCGAAACCGAGGCCTTCACCAAAAAGGTGCTCAGCCTGATGCAGAAAAAGATCAGCGTGGTTTCGGTCAGCGAAAGCGGCGCATCGGTCTACAGCGCCTCCGCCATCGCCCGCGAAGAATTCCCGGATCTCGACCTGACGATCCGCGGCGCAATCTCGATTGCCCGCCGCCTGCAGGATCCGCTGGCCGAGCTGGTGAAGGTCGATCCGAAATCCATCGGCGTCGGACAGTATCAGCACGATGTCTACCAGCAGCTTCTCAAAGACAAGCTTGATGAAGTCGTCGTCAGCTGCGTGAACCACGTCGGCGTGGAACTCAATACCGCCAGCGCGCCCCTGCTCTCGCGCGTCGCCGGCATCGGCGAAAGCCTCGCCAAAAAGATTGTCGACTACCGCAACGAGCACGGCGCATTCAAAAGCCGCCAGGAACTGATGGATGTCGCCGGTCTCGGCCCGCGTGCGTTCGAACAGGCCGCCGGCTTCCTGCGCATTCACGGCGGCACCAATCCGCTCGACGCCTCCGCCGTCCACCCCGAGCGCTACGAACTGGTCAAACAGATCGCCGCCGACCTCGGCGAACCGCTCGAAAAAATGGTCGGCAGTGTCGACATCGTCAGCAAGGTGAAGATTGAAAAATACAAAACCGAAGAGGTTGGCGAACTGACGCTCAAAGACATTATCGACGAGCTCAAAAAGCCGGGCCGCGACCCGCGTGAGCAGTTTGAGGAAGTCGGCTTCCGCGAAGATGTCATGACCATGAACGATCTCAAAGAGAGCATGGAACTCAAAGGCATCGTCACCAACGTCACCGCTTTCGGTGCCTTCATCGACATCGGAGTGCATCAGGACGGACTGGTTCACATTTCGCAGCTCGCCGACCGCTTTATCAGTGACCCGGCCGAAGTGGTCAAGACCGGCGACCGCATTACCGTTAAGGTTCTGGAGGTCGACATGGAGCGCAAACGAATTTCGCTCACTGCCCGCAAGAATCCGGAACAGGCTCCGCGCCGCGGCGGCGGAGGCCGCCCGCAGAAAAACCGGGGACCACGTCCGCAAC
NZ_CP047593.1_gap18	576614	577376	762	TTTCCAGGATGAATGTAAAGGTGTTATCACCAGATTTCAGAACACCGACCGGGAGTTCAAAGTGAACCGGTGCGAATAGATCAACGATCCCCTCCGTGTAGCCAAGGTCGACGGAGTTCGTATATCCATTCACCCCAACCGTAAGGACCGTGCCCGCCACAAAGCCTTTCGGTGCAGAGATGGAGGGAACCAGAACGGCATCCCCGGCAGCGTCCGGAATGGAGATCGTCAGCTCGGCATCCTGCTGATAAATATCCACCAGTGTCTGGTTTGAATAAAAACGTTCGCTGACCATTTTCTTCGACGGCTTTTCTGTCACCAGCGGGAACTGAACAATCGCAACTTCCTCGGCGGCCAGCGTCAGAGCCGACGGATCGACTTTTTCCAATGCCTGGAAATCCATGCGCCATCGTCCATTCGTTTTTTGCGTGTATTCCTGCGGCACCGCCCCTTCCCAGCGCATGCGGGCGATGCGCGCCTCAGGAATTCCGGCATCCAGATTCAGATCGAGCGAACGCGGCAGGGCGTTGTGCAGCAAAATCTGCAGCTCATCGCCCTTGCGAACGGCGATGGCATAAAGCCCCTGCCGCTCGGCTTCGGTCAACTGCTGCCACTCACAGACCACCCGTTCACCATCCAAGCCTTGGAAAAATTTGTAGAAACCAAGCAGCGGAGTCGCAATGACCGACGGATCTGCCGGGTCCTCGGGACGGGTATACAGGGCCTGTCCGCGTTGACGGGCATAGCCAGCGTCGCCCCACG
NZ_CP047593.1_gap19	584234	588535	4301	CGACAATGCGTGCGGCATGTCGGCAAACTGAATTCCTTGTCGAGCAAGTCGGGGATTCCGAGAAGAACATCCGAGAACACTGAGCCGACAATGCATGTAGCCCATCTCTATCTTCCGTACAACAGGCGGCTCCAACAGCAGCCGTTAAAATACTTTCAAGAATCTGATAATCATTACATGACTCCAGCTCCGACAGAAGAATCGCCATCTCTTTAGGATTCAAGCTGCCCCAAATAGCCAGTTGGGTTCTAGCGGCCCGAACACGCTTGGCAACAACAGAGGAACAACTCCACGCCAAAAGAAGAGGCATATCCCCCCAGAAAATGAACTCAATGTTGTTATAGGAGGCATCAAACTCTTCCCATCGATCCACCTGGGATTTCCCTTTGTTTCCTGCTCCTCTGGATGCTTGTAGCTCAAGAGGCATACATACAATGTATCGAGTCAAGGTTGGATGGCGTTGCGTTGCACTTTTGATCGACTTATGAAGTTGCTTAACCTGCTTATCATCAAATTTTTCACGAAACCACTTTGCCTGAAGGCCAATAACAGATCCGTCCTTATGACGCGCAAAAGCTTCCACCCCGCCATCGCCACCTTTTCCGTCAGTATAAATGATTCGCTCTATATCCTCACCATAAGTGTAGCTACACCATTTAGAGAACAAATGTCGCCCAAGTGCCTCAAATGCCTTAGTACAATCTTCGTGTCGTGTTTTAAAATCTGCCCATTCCATAAAATATCTACCTGATAATCGTCACCACTAAACTAAATTCTAATCCACCCGTACATTCAGTCCGTACCTCATCACGCACAGCTGATACCCATTACTCTCACTCCCTGACAATATGCGGGTGATGGTATAAGGTTTTTCTGGATGCTGAAAGAACAAGACCTGAAAGATTTTACAGGAATGTTCCCTGCGCGCAAAGCGATAGAAAAAGGTGCTGTCCGGCTGTTGGACTACCTGCAAGACGGCTTCCCCGGGACGGACTGCCCGCCCGTCCCGTCAAAAACGGCCCTGCACCGATCCGCGTCTTTTTGCGCTACTATCTGTCATCTTTTTGTTTTCTTGGCACGTTTTGTCTCTCGCCTGTTCGCTGTGCTCACTCAAGCCGCAAAGTCGCCAAGTTTGCTAAATGGATTCTTCGCGATCTTTGCGCCTCGGCGCCTGCGAGAAATCTCTTTTAGTTGAGGTTAGAAAATATGTTCCAAGGTTTGGAAGAAGGCTGAGCCTTCACCCCATCGAGTTTTCAAGGGTTGGAAAATCCGTCTGGCGCATATGTGCCCATTCCCTGCGCATTAAGACGTAGCCTGAATAATCGGCACCTGTTTTAATGACTCAAATACAAAAAGAACAGTCCAGCTCGACAAGCGTTACTGCTAAACTGAGCATGCCGCGAGAGGAAATTATGAATAGAAAAACCAAACTCTGCACATTCACTCTGAGCCTGTGGGCCGTCATCTGTTTCGCAATAACAGCTGAAGTCATTGAGGCCGCCTCATCGACTGTTCCTAATGGGGTACGCATGCTGACGGCGAAGGTGGATCCGTTGACTGAAGTTAGTATTCAGGTTGGCCCTCATCAGCGCAGTGTTCTGGAACGCGAAAGATATTTTGTTGTTTACCATCCTCCGGGCCATTACAGCGATGAACGGGCGGCAGAATTAAAGAGTATTAATGTGCTGCCCGCTCGCGGGACCGGCCCGTACTATCCGACGTTTGGGCTGCCTGAGCATCATGATGAAGGCGCGGACGAAAAGAGTGTCAATCAAAGCTGGGTCAAACGGTATCTCAGGGCAAAGGAGCGGTACGGAAAGACACCTCATGCCTTGGCTGGCGGCATGCTCGGCCCTGAAATCAATGCTTCCCAGCACAAATCCTCCGCAAAAAAAAGCGGTACGGAAGCAACGATGCAGGTGAAATACTCCAAAGCGATTCGCAGCGATGCGTATGACAAGGCAGCCCAAAAGCTGCTGTCCTGGGTCAGGACACTTCGGGCGGCCGGGGCCTCAATGCCAACCTGGTATACGGCGATTAACGAGCCGGACGCATCCTGGAAGGGGACGGAGAATCCGAATGTCGATCACGCCCGCTACACGCGGCATCTTGCCAAAGTTTTTGCGGCGGCAGAGCCGGAAATCAAAATTGCAGGGCCGTGTTCGTCCTGGCCTTACCCGCAACCCAACTGGGCCCGCTGGCGTGATGACGGCACGGAGAAAGCGTTTATCGATATCGCAGGCGATGTTGTCGGCACCTACGATTTTCATTTTTACAGTAAGGGCTACTGGGCGGACGACCGGAAGCCGAAGCTCCGTCAGCCGCACCCCAGTCTGGTTCTGGGACAGTATAACGGCAATCAGAACGTGTGGGACTATGGACGGATGGAGGCCTATCTCGATCTGATTGCGGCGTACCATCAACATCGCTGGAAAACACCGCCGAAAGAAGTGATCATCAGCGAGTTCGGGCGCCAGGCAGTTATGCCGCAACTAGGCCCGTGGGAAAATGAATTCAAAGAGTGGCTGTATATGACCACCGTCAACCGGATCTGGATGGGGTTGATTGACCGGGCGGAGGTTTCTTTGGCTGTTCCATTTATTCTGGCGGAATCGGATCACAATTATGGACCGAAACGCGGACAGACAATGTATACGCGCCCGAACGCCCCTGAAGATCTTAGCCTGAAGCGGACACGTTTTTTTGACTTCTACGGCTTTTATGACCAGCTGCACGGAACCCGGGTGGCAACATCTGTTCAGGGCGCGAAGCCGAACGAGGATTGCCTCCGAACTCTTTCTTTCAGGGCCGGCCGCATGCTTTATATCTGGCTGCATAATCCGTCGGCCATTGCTGGAGAGCCTGTCGGAGTCGCTTTGGATATCTCCGGTGCGACCCGGAACGATTTTAAAAAAGCCCGCATTCGCCGGATGTTCTGGGACGGCCCGATCCCCAAACGGCACTCCGATTCAGACGTCGAGGGGACGCTAAGGATTGATCGCCAATTTGAACCCTTCGACTTAAGCTCGCCGCTTGTTTTACAGGGCGAAGAAACCGTCATTCTGGAAGTGCCCTTATCGGATCTCGCTGGACATGAGCGCGTTCAATCTGTGCGGCAGACTTTCTTTGCCGAAAATGTGATGGTTGATCTGGAGGATAAATCAACGGCTCATACAGACGTGGTTCTTCCGGCGCTTGATAGCGTCCAGAAAGTTTCAATTCACTTCGGGCTGGCCCGCGATCAGGGGTTTGATAATGACTTGCGGCTTGTCATCAACGGGCATCCCGCAGGAATACTTGACCTCTCCAGTTCGAAAGGCATTGCAGCATTCCACCGGCGCATGACTGTGGATGTTGCCCCATCAATCCTGAAGGCGGGCAGCAACCGTGTGGAGATTGTTTCAGAAATTCCGCTGCAGGGTGGAACTCCGAAATGGGTCAGCACGGCAATTGATCTGACGCACTCAAAATAGAAAAATCTTATGAAAAAATTCGATATTCCATTGATTGCCGCTGCTATTATATTGTCCGGCCTGATTCCGGCTGCTGCAACAAACCATGACGTATCATCGGCCCGGCCGAATGTGGTTTTGATTATTGGCGATGATGTTGGCTACGGTGACCTCAGCTGCTACGGCTATGACAATCTGGTTCCGACTCCAAACCTTGACCGGTTGGCCGCAGAAGGAGTGCGTTTCACGGATGCCTATGTTACCTCTCCTGTTTGCGGACCGACCCGTTATGCCCTGCTTTCGGGGGCTTATTCGCAGCGCTTCGGCGTACAGTGGAACACGGACTGTTGGTCGAAGTTGCCCGGACTGGAAGAAACCCTTGATAACCACCGCGTTCCTCCGACTCAGAAACTGCTGCATGAAACACTAACAGACGCCGGATATGCCACAGGCCTTGTCGGTCACTGGGGACTGCCGTGTTATCCCCAGACAACACACGATGAGACCAAATCCATTGTCCACTATATGGCGCATTACTGGCCGGACGAAACCGGACATTACCTCGGCGTGAATGAGCCGATAGCCATTTCCCCGAGAAAGCGGGTTATCTGGGGCCCGGAGCGCGAAGGCGATGAATATTTCACAGACCGGCTGGGCAGGCAGTCCGTTGAATTTATCGAAAAACACGCAGGCGAACCGTTTTATCTGAATCTGGCGTTTACCGCTCCGCACAGTCCAATGCAGGCCAAAAAAGTTCATCAGGATGCCGTGAAGCACCTGCCGTCTGAAGCTTTGCGCCTCTACGGAGCCATGCTTATTTCGATGGATGAAAACGTCGGGAAAGTTTTG
NZ_CP047593.1_gap20	600330	602540	2210	CAAGTCACATTGCATTTGGTTCAACCCGCGTAATGGCCACCTGCGCCCATACAGGGCAGGCGACCGGCATTGCCGCCGCGCAATGCATTCGCGACGGCCTGAATCCGCGCGACCTGCTCGAGCCGGCCCGTATGGAAGCGCTCCAGCAGGAACTGCTGCGCGAAGGCCAGTACATTCCCGGGAAAAAGTTCCAATGGTTGGAAACTCCTCGAGTCAGCGCATCGAGCACATGTGTTGTCGACCGTTTCGCGCCCGACGGCCCGAAGCAAAAACTTACGCATGCGCAGGCCGTTATGCTGCCCGTGCAGCCGGGTTCGCTTCCGGAAATCACCTATCGTTTGGACGTTGCCGAATCGACAACACTGCGTGCGGAGTTGCGGGTCAGCTCCAGGCCGGACAACCACACCCCGAACGTTACGCTCGAAACGATAGAGCTGTCGCTGGATGCCGGCAATGAACAGTCCGTTATTTTGAATTTTAAAAAGAAAATCGAGACGAAGTGCTATGCCTTTGTCTGTCTCATGCCGAATCCGGCTGTTTCCGTTCAGCTCAGCAAAGAACGTCGCACCGGCATCCTGACCGTCTATCAAAAGTTTGACGAAAAAGTCGCAAAAACTCCGGCGCAGACTCCGCCCGGGAACAGCGGCATCGATTCCTTCGAATTCTGGATTCCGCAGCGCCGGCCCGACGGGCAGAACCCGGCCATTGAGTTGAACCCGCCGCTGGAATGCTTCGCGCCGAAAAATGTTTCCAACGGTTGGAACCGACCCGTCCGACAGGTCAATGCGTGGGTTGCCGATCCGGCCGATTCGGCTCCGGTCCTGACGCTGGAGTGGGATGCTCCGCAAACCATTTCCCGTATCGATCTCTTTTTCGACGGCGACTACGACCATCCGATGGAAACCGTACTCTGGGGCCACCCCGAGCGCGAAGTTCCGTTTTGCGTCAAACAGTATCGAGTTCTGGATGGCGACGGCAATGTGCAGGCCGAGGTGCAGGACAATCATCAGGCACAAAATACGATTCGTCTGGAGTCGCCGGTCATAACGGATCGGTTGCGCCTGGAGAATCTCCAAACCGGCACTCCGGTTCCGCCGGCCATTTTTGAAGTGAGGTGTTACTGAAAAGAGGGTATACATATCATCGATATGCAAAAAACTCCGGACACCATTTTTCGCGTAGCTATTCTGGTGGACACGACTACATCGTGGTCGCGAGCTCTCATTGAAGGGATTCTTGACTACACCAAAGAGCATGGCCCCTGGCACATCCATTTGGAGCCGCAGCCGCGCGACGATCAACTGCATCTGCCCGAAAACTGGCAGGGGCATGGCATCATTGGACGGGTTTCCACAAAAAAAATGGCCAAGCAGCTGGATGCGAGAAAAACGCCGGTCGTCAATATTTCATCAGTTCAGATCAAAGGAATTTCATATCCGCGGGTCATTACAGATCCTCAGTCGGAAGCCCGGCTGGCTTACGACACCTTCCGCGCCCGCGGCTTCAATCATTTTTCCTATATCGGCGATCTGCGACAGGAATATGTGGCAGAACACTTCCGGGCCTATGAAGGCGAGCTCAAAAATGCAGGCTGCACGCCGCTGGTCTTTAATCCTGAAGTGGATGGACTGTTGGAAGAGTGGTTGAAGCAGCTTCCCAAACCGATTGGAATCTATTGCTGGGGGCCGAGCATCGGGCATCAGGTCATTGACGCCTGCCAACTGGCGGGGATCAACGTGCCTCACGATGTGGCGGTTCTCGGTTCCAACTATGACGAACTTCTCAGCGAGGCCTCTTATCCCCCTCAAGCCGGCATCCGTATGAACGCCGAGCAGATCGGAAAAACCGCTGCATCCATTCTGGACGATATGATGCACGGGAAAAAACCACAGCAGATGGAGTGGCATTTGGAGCCGAAAGGCGTGGTTGAGAAGCTGTCTGTTGACACGATGGCGGTGGAGGACCACCGTATGGCATCCGTTATGCGCTACCTCAATGAACATGCGCTTGAGCCGATCACCGTCGATGATGTGCTAAAAAAAAACCCGATGGCCCGGCGCTCTTTGGAGCGCAAGTTCCGGCAGCTGTTTGGCTGTTCAATTGTTGAGCAGATCCGGCAGCTGCGCATCAACCATGCGCGCCTGCTGCTGGCCAATACAGATGAACCCATCACACTGATCGCTGAACTCTGCGGAATATCTTCATACAAC
NZ_CP047593.1_gap21	674057	676429	2372	CAGACGTTTCAGCATCTGGCGGGCGGACGCGGTCGTCGGCGGATCGCCGGGACGCAGCTTCTGATACAGGTCCTTCAACGCTTCATCAACCGTGCGAGTCATGTCCTTCTGAATGGTTTTCAGGAAAAGACCTTCATCCCAGGAAACATTGACAACCTCAACCGACTTGTAGCCGGCGAGTTTCATGCGTTCGATCATATCCAGGGTCAGCGCATCATAACGACGCCCAATCACAGACTGAGAATCGCTGTCAACCGCATCATCTTTGAGGACTAAATCAACTAGATCCGATTCATCGCTGATCCGTTTGCTCAGAGAGAATGTTTCAGTTGTATAATAGAGATCCAGAATTTCTTCGTCGGATCCATACCCCAGCGCGCGCAGGAACGTCGAAGCCAGGAATTTTCTCCTGCGACGTTTCCGGTCCAGATAAACATAAAGCAAATCAGAAGTATCAAATTGGGTTTCCACCCAGGATCCGTGGTCAGGAATAATACGGAAAGAGTAAAGGTAGGATCCATTAGCGTGCGTGCTGCGCTCAAAACAGATTCCGGGGGAACGGTGCAGCTGGCTGACAATAACACGTTCAGCTCCATTAATCACAAAGCTTCCACGTTCCGTCATCAACGGGATCTCACCCATAAAGAGCGTATCTTCACGGATATCTTCGTTTTCACGCAAACGAAACGTTACATAAAGCGGTGCCGAAAAAGTTTCCCCTTCCCGCAGGCACTCCACATAAGACATAGTCGGCTCTTTGATATCGTAGCTTACAAAATCAAGAGCAATCTGACCGTCATAACTCTCCACAGGAAAGGCTTCGCTAAGCACCGCCTGCAAGCCGATTTTTTTCCGGCGAGACGGAGCGACCCCCTGCTGGAGATAATCCAGGTATGAATTGGTTTGAAGCTCGATCAGGTCGGGAGCTTCGATAATATCAGTCAGTTTTCCAAAGTTTTTTCTCTCAGCCATGCAAATCATCCTCAGGCTAAATTTCGGGTCGCCAAAGGCCTAAACACTTTAAAAGAAAGAGGTCTAGGCACACGAAAACTATATGCGACAGAGCCGACGGAGCTTATCGCCCCGCCGGATCTGCCTGCATGATCGTCGTTATTTGATTTCGACGGTAGCGCCCACGCCTTCGAGTTTTGCTTTAATCTCTTCGGCTTCTTCTTTGGAGACGCCTTCTTTAACAGCTTTCGGAGCGTTGTCGACCAGTTCTTTCGCTTCTTTCAGGCCAAGGTTCGTGATACCACGAAGCTCTTTAATAACCTGAATTTTCTGCGAACCGGGAACCGTCAAAGTAACAGTGAACTCAGTCTGAGCAGCAGCGGCTTCTTCGCCACCACCAGCAGCAGCGCCGCCAGCGGCCACAGCAACCGGGGCTGCAGCAGAAACGCCAAGACGAGTTTCAAGTGCTTCAACCAGTTTGGAAAGTTCCAGAACCGAAATTCCTTCGATCCACTCTACGAATTCAGCCATTTTGCCTTCGAGCTGTACTTCTTCTTTTACTTCTTCAGCCATTTTTCTTCCTCCCTACGATGAATAATATTCAACAATTATAAAAAGCGTCTTTACGCCGCCTGTTCTTTTTTCTCGCGTACGGCGTTGAGCACATACAGCAAACTGCAGACTTTCTGGTTCATGACACCAACCACCTGAGTCATCGGTGCTGCCAGTGTACCCACCAGTTTCGCCTGAAGCTCTTTTTTGCCCGGCAGTTTTGCCAGAGCAGCCACATCCTCGGCCGAAAGAACCGATCCTTCGAGCATTCCGCCTTTGAGAACCGGTTTTTCTTTCTGCGCAGAAAACTTCTTCAGAATTTTAGCAACTTCAACCACGTCACCTTCGCCGAAAACCATTGCGGTTGGACCGGTCACCTGACCGAAGTCCTCACACAACCGCTGCAGCATGCTGTTCTTAACAATTTTTACTTTGGCCTCTGCTCCGCGAAGCTGTTTTTTAAATTCTGTGGTTTCAGGCATGCTCATGCCCGTGTAGTCGGCAAGGATCATATAAAGCGCACCGGAAACATGTTCCTGCACCTCATTGTACATTGCCTTTTTTTCAGGTCTCAAATTTTTACCTTCTGTGCTCATGACCGTATATCCTTGATTATTTAAGCTGCTGCGGTTTCTTTGACATCCACGTGCAAACCCGGTCCCATAGTGGTCGCAATCGTCACGCGCTTAATATAAATCCCTTTAACCGAATCCGGTTTCGCTGCCAGAATCGCATCATATGCAGCACGGAAATTCTCTGCCAGCGCTTCAACGGTGAAAGAGCGTTTCCCGAACGGAAGCATAATGTTTGCATTGCGGTCCATCCGGAACTCAACGCGTCCTGCTTTAAACTGAGTCACCGCATTTCCA
NZ_CP047593.1_gap22	685692	688287	2595	AAATCCTTCGAAAAGAATGTTTTCAGAATCGGAACGCGCTTCACCTTCTCAACTTTGATAATTTTTGACGGTTTCAAGTGCGTGATATTGGTCAAATCAGCACCACCTACCCGCCCCATCATCAAAACTGAGAAAACAGAAACAGCAATAATTAATATAAATCGTTTTGAATTCATAACTGCACCCCACATTCGCAAATATAAGAAGCAGTTATCGTTCCAGTCTGAAAATCAAACGTCAGAACAACGGGGAAGAAGGCGCATCTTTAACCGGTTTAAAATCGGCACAGCTGTCGGTAGCCTGAACCTCTTTTTTATGAAATGAGCAATACTGCATAAACGGATTCACTACATATTCCGCACAATAACGACAAAACTGCCTGTTTTCGCCGTCTTCAAACACCTCAACCTTTTCAGAACGATCCGCGTCGGTAAACACCTGCGGCACGGCTTCCTTTTCTTTATAAGGAACCGACTCCGGAGAAGGGAAAACAAATCCACAGGCAGAACAGCTCAGTTTTTCCCCGATCTTTTTCAGCCCTTCATAAACCGGTTCCCGGGTCAGGAACGCTTCTGTACCGCATTCACTGCAAAGAATTTCTACAGACATCTTCAGTCACCTCAAACAGAACCTTTTCCTTTTTGAACGCTTCAATGCGTCGCGGATAACATACTGTAAACAGCGTGCCGCTCTCTTCGTCGGAAACAAACGACACCTTCCCTTTCAGATATTTCTCAGCAATCAGCTTAATACTGTAAGTTCCAAGCCCTCGACCAATGCCTTTAGTGGAAAATGAACGGGTAAAAAGCTGCCGCTGAATTTCCAAGGGAATTACGTCTGAGTTGTGCACACTGAAACAAACCCGATCCTCCTTCGTAAAGCAGTTCAGCGTCACAGTTCCGCCAGGCCGGATCGCCTCCAGAGCATTCTGGGTCAGATTAATCAAAACCCGTCGAACCAGCACCGGATCCGAGACAAATTCAAAATGCTCTGCGTCCGCAGACACAATCAGTTCCTTGCCCTCTGCACAGCCGACCGAATGAAACTGACGAATGATCCGGCACATAATCTCCAGCGAATGAATCTCCTCCACAGAAACATCCAGATCACCGTGCTCGGCGGCCACCAGCATCTGCTGCGCACGTATCTCCTCCACCAATTGCTGTGAAGACTCGGAAAGCATACTGGCAATGTCCTTCATTTCGGTCCGGGAAAGACCTGTCTCGATCAGCAGATCCGCCAATCCCTTCAAACCACCGGCTGTATTGAGAACGTCATGGAAAAAAATCCGTTCCAACACCTTGCGGCGCTTCTCATCACTGATATCCAGCACGGAGAACACCGTGAACACCTCATCATTAACTGTAACCGGGTGGCACCACACCCGCAAATCGAGCGGCTCGCCTTCCTCCCCGCAAAGCATCCGGCACTCCTGCACATCCGGCAAATGATGCCCCTGACTGTTCAGAATCGCCCGGACAGCACCACAGGTCCTGCAGAAAACCGTCGTGCCACAACCTCCATCTGTAAGACCGGAACGAATGCATCCAGCCGCCTCGCCCGGCCGCTTTCCCAGAAACGACAGCAACGAGCAGTCGAGCACCTCTCCATGACGCGCCCCGACCATATCGTCCACCTCATCCACGACCCCGGCAAACGTCCGGAAAGCATTGTTGGCGAACACAATCTGACGCTGCCCGTTCAGCACGATGGTCATATTCGGCACCGCATCGAGAAACTCCCGAACAAACGGCAGCCCGGCCAGCATGCGGTACTGCCGCTCAACTTCTTCCCCCGGTGCGCGTTCTGCCGGAGCAAATTCTGTTTCAATCGCCATCGAAAATTCTCCAAAGATATAGAAGCTATCTGTTTTCAAAATTAACACAGGCTTCCAATGCCTGGAAACATTAGCGTATGATTTTTCCAACACCCGGAAGCCATCCTAACGTAAACCGCGGCAAAGACCGCAACGGCTTCCAATGCCTGGAAAAATACAATGAGAAAGTTCCAAACCCTGGAAAATGACGAATGGCTTGCGCGGCTGACCGCCGCGCGCAGCGGCCTGTCGGACCTGCTCTACGCAATGTATTCAAGCCTGACCGGCGGAATCACAACCGACCCTGCGCTGATGACGATCCCTGCGGACGACCACCTGGCCCACCGCGGCGACGGCGTATTTGAGTCGCTCAAATGCATCAACGGAAGCCTTTATAACGTAAAGGCCCACCTGCTGCGACTGGAACGATCCTGCAGGGGAATCGACATGGAGCTGCCCTGCCCGCACGACGAGCTGGAACAGATTATCTGCGACACTATTCTGGCAGGAAACCAGAACAACTGTCTGGTTCGGGTGCTGGTTTCGCGCGGCACCGGTAACATGGGAATTGACCCCGCACAGTGCAAAGGACCGGAACTGTATGTGCTGGCCTACCGCTACACGGCACGAATTCAGGACGGGAAACTGAAACCGGCCCGCGCGGCGATCAGCAGCGTGCCGATCAAGCCGCCGCAGCTGGCGACCATTAAAACCTGCAACTATCTGCCGAATGCGCTGATGAAACTCGAAGCCAACCGCCGAGGGGTCGACTTTGTGAT
NZ_CP047593.1_gap23	697766	698809	1043	AACCGGCAATGTGTTAGCCTCCATCGCGCTGCGATATTCAATTGCGGTCATCTCAATGATGTCCGCCAGCCGTCCGGCTTTTTCAGGGTTGTCCGTGAGCCACGCCTGATACGATGCATAAACCGTCGGGTTCATGATCGATTCGATGTATGAGACTGTGAGTTCTTTCCACATAAGAAGAGGTGTTAGGCGTTAGGTTTTAGGTGTTAGGGAGGCCGGGCAACCACAAGGACTGCCCGTACCCTTTTAGCTGGCGGAGACGTTGATGCGTTTCGCGGCGGAAGAGTTGGAGACCTGAACGTCTTCGGACCAGTCGAATTTTGCAACTTCGACGCGGCCATCGTCGCGCTGATAGGAGCCGGGAACCATGAAGCGGTTCATGAGACGGAAGGTCTTCATAAAGGACGGGTCACGGCGAGTCGGCTGGGCTTTGCGGGCAAAGACGAGTACGGCGGAATCGAGCAGAAATTTGACATCCTCGTCGACGCCTTCGGGCGCATCGTCGAACACCATGTAGCTGGTGCGCACTTCGGGCGAACCAATGAACAGTTCCCCGGCGTTGGACTGGGTCGGCACGGCAAGACCGACACCGCTGCGGGCACCGGAGCCGACAACAAAACGTCCGCGGACCTTGGCCTGGTTTTTGAACACGTTCCATGCGGAAGCACCGAACAGAACACCAATGTTCATGAGCGAGCCGTATTTGCAGGCCTTGATGACATCGAGGATGGAATCATCAATGTCAGCAACCGGGTCGGCAGCATCGTTCCAAGTGGCATCGGTACCGGGGCCGACGGAGTCAACCGCGAGATCGATCACCGTTTTTTCGTGAGCGAGCGCGGCGACTTCGGCCACGGCGACCGCCCCTTCACGGAGCATGTTTTCCAATCCTTCTGCTTCGAGCTGCTCAAGATTATCCACCGGATAATCGAGGGCGTGCGGTTCGCAGTTGAAGGTTTGGTCGGACACTTCAAAACGCAGTTCGGACGCGCGGCCTCCCAGCGTCCGAAGGGTCTTCGGAATGTGGAAGCGGTGTTTTTCGG
NZ_CP047593.1_gap24	704752	707354	2602	GAGGCCAACCGGGAACAATCTGAACCGAAAGGAGGCACGACAGAAGGTTCAGTTTGTGGACGGTTTTGAAGGCCGACTGAGGGGGAAGTCCGTGAAGCGATGGCCCGGACTGTCAGACCAGGAGTCCCCTGCCCCGGTGTCTGCGAAATGAGGTACGAATGAGCAGGCTGAGGGTCTGGGGACGGTGGGCTGCAGAACGGGACAGCGCTTGACGGACTTCAAGGTGGCGCTTGTTCCGCCACCCGACAATCTGAGCGGACGCGATCCGAGGGAGGGCCAACCGGAAGGCAGTCTGAAAGAAAGAATGGGGGTTCCGAACAGGAACCGGAACCATTCTTTGTTTCAGTCTGCCGAACGGTTCCAAAGGCCCGACTGAGGCGGAGACCAACGAAGCGAACTTTGACAACGGCTCTTTCACTCTGGATGGAATGAGGTACGAATGGAATCCAGGTGGAAGGCCGAGGGCAAAGGGCGCTTGGTTGGTCTCCGTACAGCAGAAAGCATGACAGTGTATTCACTGGCAGGATTTCTGCCCTAGCGGTGAGGACGACGAACCTTCTGACGGGCAACTTTATACGGAAACAACGATTTCAATACCGGCCAATCCCTCATGGCAAGGCGATGACGCTTCTCTACACACGAAACCGTAACACCCTGACGCTCGGCAATCTCCTTGTACTGCAAACCCTGGTAACGCAAAGAAATCACATCGCGCTGCTCAGGAGGAAGGGAAAGAAAGCCCTGCACAAACTGGGCGAGTGTTGCCGCCGGCAACATCGGGTTATCAGTTAACTGTTCGGAGTTACCCAAAGCAGGCGCGGCAGCTTCCGGAAGGTGCTCGTCATCGTAGGGAACCGAGTAGAATGTATTCTCACGGAGCTTACAGGTAGAACAAGGCAACGCATCCCAAGGGGTGGAATCATAATCACCGCGCAGGATGGCTTCGGAATGGGGACAGGAATGACAGTTCATAAACAGACTCCGGCGTAGAGGGTGACAAGTGACAAAACGGCAAAAACCAACGACACCGAGAAAGCGCCCTGCAGGAAGGGGAAATGTCGTAATGACATATTATGACATCTATATATAAATAATATAGATATAGGAAAAAGCGCCCGCCGTGCAGGGTGTGAGAGTCTGAGGAAAGCTTCACAGGCTTTTTTCAACGTGATGTCATACGTCAGAATGTCAAAAAGGGGCGTGTTCATTGGTGTCTCCTTCAGACAGTTTTTTGATATTGATGATCCAAGAACGCTTAGTGCCGGTACGCGTCTGCTCAAGGGGGTAGCCTTGGGATGCGAGCTTAGACAATTCGCGACCGACCTGACGTGTTGTGTACTTGGCCGCGATACCGGCAAGACCGTCCTGATCGTTAAGCATGGCGGAAAGCAGCTCGGTGGCGGATCCCGTCCAGACATCGGAAACCTGCCCCTCGAAAAACTTCAGCAAAACCTCAAGGAATGAATAGGCACTGGATGAATGACGTGCCGCCTCGAACAGGGAAGCCTCACAGTACGTTTGAACACCGTACCGGGAATCACCCAGGACGTGATCAGGCGGTGACCAGTCGAGAAGCCAGCGCAGGAAAAACGGCAACTCCGCATGAATGATTTCCGCAACATCGTTGGGAAAGGTAAAGGTATCCCGCTCCGCCACACGGAAGAGATTGATTTTGTCGCGGTTCGACAAATCCACGTCGGGCAGAATACGAATCGACTCCGGGTCGGTGTTGCAGGTCACCACCACTCTGCCATTCCATTCGATCAACTTGTCCACGCGATATTTCTCGCGGACCGAGAAAGTACGGTTGGCCGCCATCTTTTTGATCAGGGCGGAAAATTTCATATGGGATTTGTTATCGGTCAATGGAACGACATCGTCGACCGCCCAGACTGCGGACTGGAATAGGTGGGAGTTAAAACCGTCCTCACCGGACAAAAACGACGAAGCATCAATATGGCCTCCGAAAATACGGGAGAGAATTACTGAGGACAGAAGTGTTTTTCCAGAGTTCGGAACACCGGCAAAGAACGACGCCTGACCGGGAAGCATTTTCCCGTCGAGAGCCGAAGAGTACCACCGGCGCAACCAGGCAAGGAAGTATTCCAACTGTTCGGCGGGGTCGAAAAGCGTTGAGAAATAAGACGCAAGCCAAAGAAACCCCGGACAGGTGTCAGGAGTCAGGGGACAGGGATCGGAAGACTGTGCGGATGCAGATGAGCAGACAGGAGTGTCTGCTCCACCTTCTGCAGGCTGCATGACAGAAGCGGTCGAGGTGTTCAAAACACGCAGACCGTTGACGTGAACGATACCTTTCGGACGATGTACCAAGGGGGCCGCACAGGCGATGTACTGCTGTTTTTGTATCCGGTGAATCGCCTGATCCACTGCACTGAATGCCGCACCACGGGGAACCGTAGAGGTCAAACCGCGCTCGACCTTCAGGTGCAAAGCGATGTCTGATTTGTTGTATGCCTGCCACTGGTCGTTGGAGAGTTTTGTCCAATAATCGCGCCCGTCGAAGAATACTTCGGACACGGCCCCGCCGATACGATCAGATTCAAACTGCCGGACAAACTGATGACCCAGAATCGCCGCCCAG
NZ_CP047593.1_gap25	714803	718343	3540	TGGAATTCCAGAGAACACCGGATGATGCCAGAGCCTTTTCCCGCTCATCAAATGAGAGTAGCAGGTCATCCGACTTATGGGCAACCGTTTCGTTTTGGCTGTTGCCGACCGGATATTCAATGCGGAACAACCGGGCACCGTTAAGGCCGGGAATACCGCCGCAGTTTAAGGCCCCAGATTTCTTTTTGAGCAACGGCTTAAGGGTGTAAACATCGCCCGGCTGGAAGAAATCGAGGTCGCCAAATAGCGCTTCGCCAAATGCCAGCGCATACTGACGTTTGACTTTGGTTCCGTCCGCATGCACCTGAAGATCGTTGATTTCGGAATCGTAGATGACAATATCGTGCAGCTCTTTGTATCCGAATGAAGCGACACTTTCGCCGGTATCCTGATTGATCTGGGCTTCGCGTTTAAACGCATCGCCGCGCCGCACAACAAACCAGATTGCTCCGGCGCGTTTAAAATAGGTAATTTCCGCCCTCTTCCCCCGACGGTTCGCGTCAAACCAGAGACCCATGAGGGTTGTGAGTTTGGAGATCTGTTTTTTGGTGACCGTTTTGCGGGTTTCACCGAGCGGCCCGCGGAACACATCGGTTGCCTGAATATTTTCAACGCTGGTTTCAGCCAATACCCGTTTTACAAGGTCAGAATCTTTAAGCCATGCTTTAATTGAGCAGCCGATCGGACAGACGTGGGCTTCCTGCAAAGTAAAATCCGGATGCACCTTTTCAAATTCAGTCTGGAGCTGATCGGCACCGTCATTGGTTGCCATTGCATCAATGTAATAGAGTGCGTTGGCCAAATTACGGGGCAAGTCCTCGGGCAAACGAAACTGTTCAACAAGCTTTCGGCAATTGATGTCGCCATTTTTCAGGCGCGGGATTTTATATGCCGGATCGCTGGATAGCAGCGTCTCCAAGTCAGATTGCGAACCATCGCTGAGCGCGACCTCATTTGTAATATTCAAAAGCCTGAATGCCATCCCGTCTCCTTCTCAAATTTGTTTTGAGCCCCGCTCCATATTACGCCATGTGAAAAACTTCGGAAAGCGGCTGGAAGATCGGCATGTTGCTGGGATAGGTTTCCATGAGGTCAGCCATGTGATCCCACCATTTCTGAACGATCTCCAAATTTTTCAAATCATCCACCGTGTTATTATCGCTCAGTATCTGAATGGCGAACAGCGTGAGTGTCTCCTCATCAAAATAGATGGAGTAGTACAAAATTCCGGCATCGGAATGGGCTTTGACGAGTTCAGGCCAGACTTCACCGTGGCGCCTTTTATATTCATCCGCGCAGCCTGGCTTCAGCTTGAGTTTGAATGCATTGTGCTTCATTTATCTTCTTTCTGTTGGCTTACCCTCGCAAATAATCGGGGCACACCATCACGCAACTTGATCCGCAGAGATCTTTTTTTGAATGTTCAGTTGTTTCTGAATGTCGTGGATGCGTTCACGGGTAAGCGGGTAGAACTTGAAAATGACGGCCGCAAGAGCGAGACAGCTCATCGGAAAGAAGACCAGGATGTAGCGCAACCGTGTAATGGTTTCCGGCGTCATGGTTTCCGCGCCGGCGATATACCCTGCCTTTTTGAGCAGAACACCGAGTGCCACACCGATCACCGTAAAGGCCAGCTTAACGACAAAACCAAACGCCGCAGAAAACATACCTTCCCGGCGATAACCGAAAGCCAGCTCATCTTCGTCGCAGACATCGGCAATAAATGCGCCGTTGAGCAGCCAGCAACAGTTGAGTCCAAACCCGAGCATGGCGGCGGAGATTAACTGAAGGTATGGATAATCCGGATTCACCAGAATGAGATTCAACAAGTTGGCTGCAGCGGCTGTTAAAAGCCCGATAAGCAACACTTTCTTTTTGTCCAGCAACTGAGCCAGAACCGGCACAATGAACGAACTGATAAACATAGTGACAGCCAGCGTGCTGCCAAACAGCCCAAACAGAGTTGCTCCGGCTACCTTGTCACCGCCATGCACATAGAAAATATTCAGATATTGCATCAAGGGATTCACAAAAAAGTTTCCGGTAATCACCAACAGAATCATCCCGAGCAACAATGCAAAAGATTTGTTTTTTGAGACCAACTTCACCGAAGACCACAATCCGATTTTTTCCTGACTTGCGGATTTCACCCGCTCTTTCACAAAAAAGGAGACAGGCATAATAGCAATCAAAATAAACAGCGCACAGGCCCAGGCCACATAGCGGGAACCGAGCACCTCAGCCTTGACCGAACCATCCGCGGCCATTTTGGAAAAGATCATAAGCGGTTTTTGAAACCACGCCACATGCTGCTGCTCCAGCAGTCCACGGGAGTAGTTTCCGACCACAAGACAGAGACTAAAAATCCACGGAAGTGCAAATGCCGACAACGAGTTAAAAATACAGCGGTACTTCTGGATATAGGCCCTTTCATCATAATCATCGGTCAGCTCCAGGCCGAGCGCGGTATAGGGAACAGAATAAACAGTGTAGGCCAGATAAAAAAGGATACAGGCAACTGTTGCGTAGGCAAACATCGACCGCTGCCCCATATGGGGTGACGCCATATAGGTCAGCCCGAAAATCAGCGCCATCAGAATGCCGCCCCACAGAATGAACGGCCGCCGGCGTCCGAAACGGCTGCGGCAGTTGTCGGACATGTTTCCAACCACCGGGTCAGAAATCATGTCAAAAAAGCGGGGAATTGTCATCGCCCAGCCAATCAACACCGAATCGAGACCGAGGCCTATATTGTACACCGGCATGAACATGCCGTTGAGCCCGTTGACTGCAATCTGTTCGCTGAACCCGCCAAGCCCCCACGAGAGCTTTTCCTTCATCGGGACTTTCTTACTGACTGTTTCCATTCTGAACCTCGGGATTCCTTTCAATTCACAGGTTGCTCAAAGGGAAAAGCAGGAAGCCCGGCCCCATTGACCAGCGGGCAATCGGGATAGTTTGCGTAGGCGTAGCGCAGGTGCGTGACAGCCTGCCCGGCCAGATCAATCGCCACCGTATCAGCTCCCGTGATTCTCCCGGACAGCGCGATGGAGGTTCCGTCTTCAAGCAGACCGCTAAAACCGCCGAAGTCGCCGTTCAATTTCAGACCGTCCCCGCAGTTGAAAAACGTAACCGCGACTTTTGCCCCCTTCTTTTTGAGCACCTTGACGCGCGGCCCCTCGCAGATGACATCGGTTTTGCCGTAGGTTTTATTCAGCGCACACAGCGCGAGCCGCCGTCCGACCTCCTGCTTGTTTTTCGGATGAATATTTTCCTTCATGCCGATATCCATAGCCGTTGCCATTGCCGTATGAGGGAATTGAAGGATTTCTTCCTGAGCAAGACGGAAGCGCGCCCATACCTCTGGAGGGACATTTGTCGGCTTAGGTTTCAACTGGTTTTCAAAGCCAGCCAACTGGACATGATAGAACGGCATATCAGGGTTCTTGAATTTTGTCCGCATCATGTTCATATAATCGCGGTACCAAGTGACGTATTCATCCGGAGTTCCAACGTTCGCTTCGCCCTGATACCATATTG
NZ_CP047593.1_gap26	727982	730119	2137	CTTGCCGGTTTTCTGGCCGTTTTCATCCAGCTCCGGAACCCAGGGCGGCCCCCACTTGTCCGGGTTGTCGGGGTTGCGCACCCAGTGCGGAAGATTGAGCGGCATATAGACAAACCAGGGATCTTCTGATTGTTCTGCCGTAAACTCATGAAGGTAATCGAACAGAGAGTCTGTGCTGTGAACATCGTCCTGAACCACTTGCGCACCATCCACATCATTGTCCGAATGCCGCATATCAAAGATATATTTTCCTTCGGCATGATTCACCAGACACCAGCGTTGAAACCCATAGCTTTGCACGGTACCGGTCTGAATCTTGCCGACCATGGCGGTACGGTACCCGCTGGCCGTCATCAGCGAGCCAAGGGTATTTTCAAACCGTTCACCGAGCGGTTTAATGTAATGATCGGCACCCCGCGGATAAACCTGGTTTTCAAACACCTTCGTACGAACGGCATACTTGCCGGTCAGCAACACCGCCCGGGTCGGCATGCAGCGCGGCGTGGCCCAGGCGGTTTTGAAATACAGCCCGTCCTCCGCCATTTTTTCCAAAACCGGCGACGCTGTTTTTCCGCCATACAGCGCATAATCTTTCGGCGAAATATCATCGCTGAGAATGAAAATAATATTCGGTTTGGCTGCATTCACAGCCAGACAAACCCCGAATATCAAAAATAGTAGTGTTTTCATTTTAGATGTCTCCTCTGCTCTGCGGGTTGCAACTGCCCGTCGCCATCCTTGTCCCACTTCTTAAACTGCTCGGTGAGAATCGCCGTTTTATCCACTCTGCCCGCGATAAATTCTTCCAGCGTTACGATCCCGTCACCATCCTTATCCCGTGCCGAAACGCTTCTTTGCCTGCCATTTTTAGCCGATTCTTTTTTCGGGGCTGAGTCGGGCGTTTTTGTCTTTTTCTCAGAACCGACTTTGGTTTTCCACGGGATCTCGCCCGGAAGCCGACCGGTGTAGCCCGGTGCCGAATACGGCGTCATCCCCACTTCGCCGTACACTTTTCTCAGCTGTGCTTTCCGATCTTCAGAGATCCAGCCGGGTGCCGTCAGCGTTTGATTCCACTCCAGCATCTGCTTTTCCATTTTCTGCAATACCTCTGGATAGGACTGTGCCAGATTTTTCTGCTCCGCGATATCGGCATCCATGTCGTACAGCTCCAGCGTACCGGAATCATAGGGAGGCGGGGCGGTTTTTCTGGATGCGATCGGATACACCAGCTTCCACCGCCCCTGCCGCATTCCAAGCCAACCATCCCAACGAAAAAACATCGGACGTTCTGCGAGCGGAGCTTCCCCCTTAAAAAACGGCAGCAGATTCACACCGTCCACCTCCGCCGCAATCAAATCGGTACGCCCCGCCGCCGCAAGGCTGGTCGGAAGAATGTCCAGCGTAATCACCGGATCATCGAGTACCTGCCCGCCGGGAATCGTTCCTTTCCATTGCACGAGCCAAGGAACACGAACGCCGCCTTCGTAAAGATTTCCTTTCTGGCCGCGCAGCACCCCGTTGCTGGTTTTGGCCGGCGGATACTTTTGTTCCGGCGCGCCGTTATCGCTGGCGTAGAAAATCAGCGTGTCCTCCTCCAGCCCGTTTTCGCGCAACGTCGAAAGAATCCGCCCCACGCCATCGTCCAGTTCAGAAATCATCCCCGCGAGAATCCGTCGATCCTTGTCTTGCACGTCCCGATTCTGATCCAGCCATTTCGGAACCGATTTGTAGGGCGAATGCGGAACGTGATACGCCACATACATGAAAAACGGCTTATCCTTGTTCTTCTCGATAAAATCGCACGCACCAATCGTAATAATGTCCGTTTGATGCGTAGACGTTTTCGTGAAACGACGGCCATCGTATTCTTTTCCATTCAGCACAAAAGGGGTTTCAGGCGTGCACCAGACAAAATCAAACCCGCGGTTTTCGGGAAAATATTCTTTCAGCTTTCCTCCGATATGCCACTTACCCAGCGCCGCAGTGGTATAGCCGGCCTCTTTCATGTATTGAGGAAACAGTTTGATGTTCGTCGGAAGCCCGAAGCTCGTAAAGGTCCCCGCATTTTGTTCCATCGCAAACTTCTGCTGATACTGCCCCGTCAAAATCCCCGCCCGCGACGGGCCGCATTGCGGAG
NZ_CP047593.1_gap27	757643	760704	3061	GCCCCGCTCACATCTGTTAGAACCTTCCCCCGAACGGAGAAAATTTATGAGCATTAAAGTGGTTATTCAAGGCGCGGCGGGTCGCATGGGCAAAACGCTGATTCGCTGCATTCAGGAACAAAAAGTGACCGGACTCAAGCTGGTCGGCGCAATTGATCTATGGGATGTTCCAGACATTGGAACAGATGCGGGCATTGCTGCAGGCACCAAAGAAGCCGGCGTTAAAATGAGCACCGACCTTGCCGCCGCTGCACCGGATGCAGATGTCATTATTGATTTCACCTCTCACTTCGGAACCTCCGGCAACGCCGAGCGCGTCGCTGAATGGGGAACCGCATGGGTGATCGGCACAACCGGTCTTTCCGACGAGGAACTCGCCGAAATACACAAAGCCTCTGAAAAAGTTCCGGTCGTTATGGCCGGCAACATGAGCCTCGGCATCAACCTGCTCTGCAATCTGGTAAAAGAAGCCGCCAAAGCGCTGCATGCCAAAGGCTATGACATCGAAGTGATCGAACGCCATCACAACCAGAAAGCCGACTCACCGAGCGGAACCGCGCTGATGCTCGGACAGGCCGCTGCCGACGGCGCGGGCCTCGACCTGAAAAAATCGCAGATGGACGGACGAACCGGTCATCCTGGCGCACGCACAAAAGAAGAGATCGGCTTCCATGCCGTACGCGGCGGCGACATCGTCGGCGACCACACGGTTCTGATGGCCGGCACCGGCGAAATGATCGAACTCTCTCACCGGGCAACCAGCCGCGAAACCTTCGCAATCGGCGCACTCAACGCCGGGAAATGGGTAGTCGGCCAGAAACCCGGGCTCTATAACATGAAAAACGTGCTCGGGCTGTAATATCAGTCGCAGCAACATTTGAGCAGAAACTGCAGCCGCAAAAACGGCTGCAGTTTTTTATTACCGACGGACTCTACACTCCATAGCTGTACCCAGAGGCCGCCCGACGCAAGAACAGAGTTTTATGGAGGATCCCAAAACGAAAGTGCGAAAGATTCTGGACACTACCCATAACGGAATCTCCTTTTGGTAGTTGTTTCTCACAAAAGCAAGATACCAAAAATTCCGTTATGACTCCTCGTCCCCCGGAAATGGGTCATGAACCAAAAAAAGCCCCTTGCTTCTGCAAGAGGCTTCAGGCGATACATTCTTCATAAATCAGATGAAGAGCATATCGGTGTAGCTCGGGAGCGGCCAAAGATCAGCCGGAACAATGGCTTCGAGAGCATCTGCTGCTGCACGAACTTCGTTCATGGCTGCAATCTTTGCTTTTTCACCTTCTGCAGCTTCGAGTACAGCAATGCCTGCAACGAGCTTCTCCAGGAGAACGGACATTTCATCAGTAACTCCTTTCACGGCGGAAACTGCGGAATACTCAGTGATTGCAGTAACTGCGGCAGGGATGATCATCGTTTTAGCGATATCAGCAGTAACACCCGCCTCGATCGCAATCAGCGTATCGTACGCTTCGGTGTAGCTGTTGTAACGAGACTCGAGCTCTTGGTTGCTCAGAACACCGTATTTGGAGAACAGAGCTTTAGCTTTATCTGTTGTCAGCGCTTCCAGAGCAGCTTCGGTATCAACGAGATTGGGAAGACCGCGCCTGGCAGCTTCCTCAAGCCATTCGGCGGTGTATCCGTCGCCATCGAAGAGAATGCGTTTGTGCTCTTTAATGATCTCCGCAAGGATATCCTGCAACGCAGCATTGAATTCGGCACCCCCAGCAACAGCAGTTTCGAGCCTGGTGCAGATGTAGTCGAAGGCTTCTGCCACGATCGTGTTGAGCACAACATTTGCACCGGCAGCACTCTGGTTAGAACCAACAGCACGGAACTCAAAACGGTTGCCAGTGAAAGCAAACGGAGAAGTACGGTTCCGGTCGGTATTGCCACGCGGCAGTTTCGGAAGATTGTCAACGCCCAATTCAATATGGCCGCCATCCTTGGAGCTGCTGGCGCCGCCGGCCTCGATCTGCTCGACAATGTCGGTCAGGCAGTCGCCAAGAAAGATGGAAACAACGGCCGGAGGAGCCTCATTGGCACCGAGACGGTGATCATTACCGGCGGATGCAACAGAAGCACGCAGAAGATCAGCGTGAGTGTCAACTGCTTTCATCAGCGCACAGATAATGGTCATGAACTTGGCGTTGGCGTGCGGAGTGTCTCCGGGCTTCAGCCAGTTTTTACCATCCGGCCCCATGATGGACCAGTTGTTGTGCTTGCCGGATCCATTGACGCCGGCAAACGGTTTTTCGTGCAGCAAGCAAATGAATCCATGCTTCTCGGCGGTGGTACGAAGCACTTCCATGGTAATCATATTGTGGTCAACAGAAACGTTAAGGGATTCGAAGACCGGAGCGATTTCAAACTGGGCAGGACACACCTCATTATGACGGGTTTTAGCCGGAACGCCGAGTTTCCAGAGCTCTGCGTCAAGATCAGCCATGAAGGCAGCAACGCGAGACTTAATGGATCCAAAGTAATGGTCATCGAGTTGCTGGTCTTTGTTGGCAGGCTTGCCAAAGAGTGTACGACCAGTCTGGATAAGGTCGGGGCGGGCTGCATAAAGCTCTTCATCGAGGAGGAAGTATTCCTGCTCGGATCCGAGAGTCGCGATGGCCATCTTATCGCCGCAGTCGATACCAAAGAGTTTACCAAGACGAACGGTCTGTTCAGAAAGAGCCTTCATGGAACGAAGCAGCGGAACTTTTTTGTCGAGGGCTTCACCGTGATACCCGCAAAAAACAGTCGGAATACAGAGCGTTGCCGCGCCGGCGCCGTCGTATTTGATGAAAGCCGGGCTGGTCGGGTCCCAACCTGTATAACCGCGAGCCTCGAAGGTAGCACGCAGTCCGCCAGAAGGGAAAGAAGAGGCATCCGGCTCACCCTGAATAAGTTCGTCCCCGGAGAACTGCGTTACAATGCCGCCTTTGAAATCAGGAAAGATGAAAGAGTCGTGTTTTTCAGCAGTAGCGCCGGTCAGCGGCTGAAACCAGTGAGTGTAGTGAGTCGCGCCTTTTTCCATGGCCCACTCTTTCATCGC
NZ_CP047593.1_gap28	763773	767984	4211	TGGAAAACCCGGCGCCGATCAGGAAACTGCCCATCGCTTTTTCTTTCACCTTGAAAGCCAGATCATACGTATTGGTTCCTTCTGCCGGAACATAGGAGCTGTCGACGCTTTCAAAATATCCAAGATTTTTCAGACGGCGTTCACTGGTCTCCACCTTCTGCTCATGGAACTTTTCGCCGGGGAATACTGCCAGCTCTCGGCGAATAACCTCATCTTTTGTTTTTTCATTTCCGCGAATATCAATCTTATGAATGGTCGCCAGCCGGCCTTCCTGAATCTGCAGCGTCACATCAGCAACCAGCGTATCCGGATTCGTCTGAATGACCGGCACAACCCAACTGCGAACATATCCCCGGTTTCCATAATAACGACGAACCGCCGCAGCGGCAGCATCCAGAGCAGACTGCGCCGCGATATCTCCCGACTTCAAAAAAATCTGTTTTTTAAGCACATCCGGCTCAAAAAGCTCCGCACCCTCCAACTCGATTTTTCCAATCCGGTACTGTCCCCCCTCCGAAATCCGATAGGTCAACTCCAGTCGGCCACGACCATGCGAATCGACTTCCGGCGCTTCCACAGAGACGTCCAGAAACCCTTTATCCATATAAAACTTCTGAAGAACCGCAAGGTCTGCATCCACCAGCTCCGGACGATAAGCTCCAAACCACGGTGTAATCCAGAATGTTTCTTTCTGGTTCAACTGACTGCGCACTTCATTGGAAACAAACCACGCATCTTCTTTAGAGGAACTCCCCAGCGAAGGAACCAGTCTTTTGAAAAAACGACCCGTCTTCGCAGCAAAGCTGTCACTTAAAAAACGATCTCCCTCCAACGTGATTTTTTTTACACGCAGCTTCTCCCCTTCATCCACAGAAACCTGCAGATCCGCAGCACCCGTTTCTTCATCCGGCGTCAGATTCCAGGTGGCCGCTGCGTCGGGATACTTGTGCTCCCTGCAGTAAGCTTCCAGCTTGTGCACTTTTTCGCCGACAATCGCATCATCGACATAATCGCCCAAATTGAGCTCGAGCTGATTCTTCAGTTTCCGGCTGCTGATTTTCTTTGCCCCGACGACCTCGATCTTCCGAAGACGGAAGCGCGGAACCACACTGTAGACAAGAGTCAGGCGCCCGTCGTCCTGTTCAATAAATGCGCGAACATATGAAAACCGGCCGGAGCGGCGAAGATTATCGACATCCTTGGCAACCGCGGTGTTCAGCTGATCCTCATTGTCCACCGCCTGCCCGGCTTGCAACGAGGTATACGCACGAACAAAAGAGGCATCGAGCTCCACTTTCTCTGGATTCTCAATGCGAATATCATCAATCGTAACAGCGGCCCATCCAGCAGAAGACAGCAGCATGCCTCCAACAAACAAACGTACAAACCGGCATGTCTTTTTCGTCATAAGCTCTCTCATTCCATTTCATCTGCGGCGTGCCGCATATCGCGATCCTCAAAGCGGGTGAATTCCTTAAAAAAGTTCATTTCGACCGTACCGGTCGGGCCGTTACGATGTTTGGCCACAATCACCTCTGCCAAGGGGTCATCTTCATCCACATCCCCCTTGTGGGCATCATTAAACGCCGGACGTGTCAGGAGCAGCACCACGTCGGCGTCCTGCTCAATCGCTCCGGAGTCACGAAGGTCGGAAAGGCGCGGTTTTCCGTCTCGTCCTCCCTGCTCGGGAGCACGGCTGAGCTGACTGAGAATCAGAACCGGAACGTTCAGATCCTTCGCCATCTTTTTAATTGTATTCGAGATAGAAGCGGTTTCCTGCTGGCGACCGTCCCGCATGCGGCGTTTATCGTGCAGAAGCTGAAGATAGTCGATGACAACCAGGTCAATGTCGTACACGCGCTTCATACGCCGTGCCCGGGAAAACATATCCATCACATCCAGACCGGCAGAATCGTCCACCACGATTTTTGCTTTGCCCAGCTGGTCGGCAGCACTGACCAGTTTGCCGTGATCCGACTTATGAATTTCTTCGCGCCAGGCCGGAATGCGCGCTTTACTGAACAGCATGCGTCGCACCAGCTGTTCCTGCGACATTTCCAGGCTGAATACTCCGACAGAAAACTTTTTGTGTTCTTTATTTTTTCCCAGCGCGGCATTTTCAGCAATGTTCATCGCCAGCGAGGTTTTCCCCATCGATGGACGGGCGGCGAGAACAATCATGTCGGTTTGATGTAACCCGCGGAGCTTTCCATCGAGGCCGTGATATCCGGTGGGAACCCCGAAGGACTGTTTCTGGTCCAGCTTTGCCATCGTCATGGCAACCGAGTCCTTCCAGTCCTCGGTTTTACTGATCTGCTGTCCGCTCAGTTCAAAAAAAGCGGATTCAGTTCGACTGAGAATTCCTTCCGCTTCTTCATCCGTTTCCGTATAGCAGCGGTCAATGGCCGCAGTTGCTTCTTCGATGATATTACGAAGCAGATGCTTCTGGCGTATAAACCCGATGTAATATTCGGCATGGGCCGATGTGGGAGTACTGTCAATCAGGCCTTCCAGAAAAACATAGCCGCCCACAGAATCGAGGCGGCCGTTTTTCTTCAGGTATTCGCCGACCGTGAGCAAGTCAACGGCCTTCCCTGATTGCGTCATCTCCTGAAGCTGTTCGAAAAGATGCCGATGTGCCGGAACGTGGAAGGAGTCGGCAGAGATCTGATTGTCCGAGCAGAGCTCGAGCACCTTTTCCGAATCGATCAGAGCGGAGCCGAGAACCCCCCGTTCCGCTTCTTCACTATAGGGCGGAAGACGATATCCGCTCTGATCGATCGAACTCATTCCTCAACAATCCAGACCTTCAGTGCAGCCTGCACTTCCGGGTGGAGGCTGATTTCCACATCGAATACTCCGAGTTCATGAAGCGGGGCAGCCAACTTGAGCTGGGTGCTTTCCAGTTGAATATCCTGTTCGGCCAGTTTTTCAGCAATCTGGGCCGCAGTCACCGAACCGAACAGCTTGCCGTTCTCTGTGGTTTTTACTGCAATTGTGCAGGACACATTCTCAAATTTCTTTGCCAGCTCTTCCGCAGCAGACTTTTCCTTTTTCATCAGCTCAAGACGCTCAAGACGCTTTTTCTCAATCTGACGTTTTTTTCCTTCGGTCACCAGCGAGGCAATTCCGCGAGGAAACAGAAAGTTGCGGGCGTACCCATCAGCAACGCTGACAACATCCCCTTCAATTCCGAGTCCGGGAACCGCATCCATCAACAAAACTTCTACAGCCATTTTCTTTCTCCAATCTGTATTCTTAGCGAAGCAGGCCCATCACACGTGCACGGCGAATGGCCCGTTTGACTTCACGCTGCTGCTTTGATGTCACACCGGTGTAGCGGCGCGAAAGAATTTTGCCGCGATCGGTCATAAACTTGCGGAGAAGTTCCGCATCCTTGTAATCCACTTCCGTCACGCCTTCGAGCAGGCGGCCGTTTTTTTCCTCTTTATTATAAGCCATGGTCATATCCTTTCCTTATCAAAACGGAATGTCGTCGTCATCACCAGTCGGAGTCGAAGCTTCCTGCGGTGCCGAAGGTGCAGATGACGGAGCATCTGAGGCTCCATCCCGCTTCGGCGCACCGAGAAACTGAACCCGGTCCGCACGCACCCGCAGCTTGCTGCGTTTTTCACCCTGCTGATTTTCCCACTGATCGAGTTTCAGGCGGCCCTCAACAAAAACCGGCGATCCTTTATAAAGGTATTCAGCACAGGTTTCGGCCTGGCGGGCCCACACTTCCACATCCACAAAAACCGTGCTCTCCACTGTTTCGCCGGCTTTGTTTTTGTAACTCTCATTCACAGCCAGTCCGAGGTCCCCTACAGCCGTTCCCGACGGGGTGTAACGCACCTCGGGATCACGGGTCAGATTACCCATCAGAAAGACTCGATTCAGTGTCGACATGTTACGCCTCCTGCGCGATCTCCGACTCTTCCTTCTTTACAAACTGAGCACGAAATACGTTCGTGGCAAGTTTCAGGCGGTGCTTGAACGCAGGAATCTTCAGGCCGTCCATGCGGAACATAATAATGGCGTAGATGCCCGCTTTTTTCTTTTTCATCGGACGTGCGAATGAACGCTTTCCGAGACGGGTTGAGCTTTCCAGCGACCCCTCGAGTTTCTCCAGCTCGGTTTTCACCGCGTCGATTGCCTGATCCAGATCTTCTTCACTCAGCGTTTCCGGAAAAATAAACAGTCCTTCATACAAT
NZ_CP047593.1_gap29	880765	885522	4757	GAACCCGCAGCACGAAACAGCATCGGACGGAACCGGCGAACCGGATCCAGTTTCATCGCGACCATGAGGTGCCAAATCAAACACGACATCAATTTTAAACCGTCTGATGGCCGGAAGCTGAGAGAGTTCCAAGCCCAGTTCCTCGCGGAGTTTCGCAAAGCCGGAATTAAATTCGTCCTCAAGCATGGCGAGTGTGAACCAGAGATTCGGATAATCACCGTCTCCGACCGGCAGGCGCTCGTAACAATGCGTCACGCCGAGATGATTCGAAATGATGGCGGCTTTTTCTTCAAGCAACTCATCCGGCACATCCAATGCACATAGAATGCTTTTGTAACCGAGATGCCGGGCATCAAAAATGCCGCCAAAGCGGCGCAGCAATCCATCGGACTGCGCCTCGTGGAGCAACGCCAGCACCTTCGCTTCCGGAATTTCCAATGTCTGGAACGGTCTCGAGACCAGCTCAACACCGCGCTGGAGCTGAGTAAGGATTCTGTTTTCGACGGCGATTCTCACTCGGCCTCCATAAAGTTTCCGGTTCGTGCGTAGGCGCGGGCGGGACAGCCGGCAAACGGATTGAGGGTGCGCATGCTTTTGAACACCTCGGAGTTTTTATAAAGCGTTTCGAAATCAAAATTTCCGGAGCGCAGTTCCCCGCACGGAAGATCCAGAAAGCCGCAGGTCTGCAGGACGCCGGTATGAGAAATAAAAACAAAGCCGCGGCCGCCCATACAACCGCAGAAAGAAGGGTCTGATATATATTTGCGATATTGAGGAGCGCAGGTGGTTTTCACGCGAATCGGAACCTCAGTCGACCGTTGTGCAATCCATTCGAGTGCCTGCTCGCGGGTTTCCGGATCGAGCGCCAGATCCGCCATCTCTGCTCCGCGTCCGGTCGGAACCAGAAAAAAGAAGTCCATCGTTACAGCACCGAGTTCAATTGCTTTATCTAAGATCTTCGGCAACTCATCCACATTGAGCTTCGAAACCGTGGTATTGATCTGAAACGGAAGCCCGGCCGCCTTTAAGTGATCCAAAGACGCGACTGTTTTTTTGTACGCATCGGGAATCCCGCGAAACATGTCATGTTTTTCGGCCGTTGCCGCATCCAGACTCACACTGACCGCCATCACGCCGGAAGCTTTGAGCTTTTCAGCAACCTCGGTCGTCAGCAGATGCCCGCAGGTCGCTAAAACTACACGGCATCCCTTGTCAGTTGCATAACGGGCCACCTCAAAAATATCATCGCGCATCAGCGGCTCACCGCCGGTCAGAATAATCATCGGCTTCGAAAAATCGGCCAGCGCATCGATCGTCTTGAAACACTCCTCCGTCGAAAACTCTCCGTCATAGTCGCAGTCGCGCGCCGCACCGCGGCAATGCCTGCACTTCAGCTCGCAGCGTCTCGTGATCTCCCAGGCAACAATCCGAGGATTTTTTCCGGAACTATGCATTCGAAATTTCCTCGTCGGTCAAATAGCACGCTGGATCAACACCCCATAATTCACCGCCTGCCTCACCGCGAGCGCGGAAGTTTCCGCCGCAAACATTCAGAAAACGGCAGGCCTTGCATTTTCCGGTCACATGAGCCGGCTTGTTTTTCAGCTGCGTCAAAAACTGGTTGGACGAATCGGTCCAAATTTCACTGAACGGTTTTTCGCGCACATTACCAAAAGTATGATTCCGCATAAACTGGTCCGGATGCACCGACCCGTCCCAGCTGACACAGCCGATTCCATTTCCCGAACTGTTGCCGCCATTCATCTTCAACAGCTCCATAACCCGGACGGCATCCTCCTCTCGCCCCTCTTTGAGCAGACGCATATAGAGATACGGCCCGTCACAGTGATTATCAACCGTCAGGATTTCCTTCGGTAGGCCGCGTGCGTGAAGGTCCGCCGTGCGGTCAATAATGCAGTCCACAACCCGGCGGGTTTCTTCATACGACAGGTCGTCAACCGAGGCACCGCGACCCGTGTAAACCAAATGGTAAAAACAGACTCTCGGAATGTCTTCCTGCTCAAGCAGGTCAAATACTCCGTTCAGATCCTGCACGTTGTGTTTGGTAATCGTGTAACGCAGGCCGACCTTGATGCCCGCGCGCTTACAGACGCGAATTCCTTCGAGCGCCTTATCGAACGCGCCGCTCACTCCGCGGAACCGATCGTTGGTCTCACGCAGTCCGTCGAGGCTGACACCGACATAAGACAACCCGATTGCTTTGAGCCGCTGCGCGACGTCATCGGTAATCAGCGTGCCGTTGGTTGAAATGACTGCACGCATCCCTTTCGACACCGCGTATTCGGCGAGATCCGGCATATCTTTCCGACAGAGCGGCTCGCCGCCGGAAAAAAGGATAACCGGCGAGCCGAACGCCGCGAGGTCATCAATCAGCGCCTGCCCGTCTTCAAACGACATCTCATCGTCGGCACAGCGTCCGTCCGCATGGGCATAGCAATGCACACACTTCAGGTTGCATGCCTTCGTGCAGTTCCAGACCACCACCGGCTTCTTGTCCTCGGAAAACTGAAGCAGATGGCTGGGCAAATCTTTTGCCTTTCGTCCATAACGCAGAGCATCCGACGGCTCCACCGTTCCACAATACAATTTAGAAATTCCAATCATTGGAAGTTCGGCCTTTCTCCTGAATCGCCGCAAATCATATGAAGTCCTTCCGAATGCATCCACCTAATTCGAGACAAACCGACACTGCTGAATATCAGCACACAAATAATTTCCTTCACTTTCAACCTTTACGAGAGCATGCTTCTGCGCTGTTTTTGAGCTTATTTTCTCAGGAGAATCCCATGCAGGAAAGACTACCGGAATTAAACAAAAAACTGGATGCGGTCCGAACCTCGATTGCCGAGGTAATTGTCGGTCAGCAGGCGCTGATCGACAAGCTGCTCAACGCCCTGCTGTGCAACGGGCACGTCCTGCTCGAAGGAGTTCCCGGAGTTGCAAAAACCATGATGGTCAACTCCATGGCCAATGCCCTGGATGCCAGCTTTAACCGTCTCCAATTCACCCCTGACCTGCTGCCGGGCGACGTCGTTGGAACCCAGATTTATCGCGACGGAACCTTTGAAACCGAAAGAGGTCCGATCTTCGCCAACCTCGTGCTGGCCGACGAAATCAACCGTGCTCCCGCCAAAGTGCAAAGCGCCCTGCTCGAAGCCATGCAGGAGCATCAGGTAACCCTCGGGCAGCAAACCCATAAACTGCCGGAACCGTTCATGGTGCTCGCCACCCAAAACCCCATCGAACAGGAAGGCACCTACGCCCTGCCCGAAGCACAGGTCGACCGCTTTATCTTCAAACTGATTGTCGACTACCCAACCATGGACGAAGAGCACATCATCCTCAGGCGCATGGCGAAAACCGCACCGAAAGTATCCGTCACTCAGGCGGCCTCGCTCGAAGACATCCTGGAACTGCGCCGTCATCTGGACGCCATCCACGTCGATGAAAAAATTGAACGCTACATCCTGCGCCTCGTCGCCGCCACCCGTGACCCTTCTGCATACGGTCTTGATGAGCTCAAGGGCTACATCCGCTTCGGCGCCTCTCCCCGAGCTTCTATTTACCTCGCGCTGGCCGCCCGCGGACACGCCCTGCTGCGCGGCGGCGAATTCGTTGTGCCCGACGACGTCAAAGCCGTCCTGCACGACGTCGTCCGCCACCGCATTGCCATCAGCTACCGCGCCGAAGCCGAAGGACTCAACTCCGACGCCATTCTCGAACGCATTGTCGAAACCGTTCCGGTTACTGAGTAACGCCATGCCCGAACAGATGGACAGACGTCTGCGACAGCTTCAGCTGCAGACACGCTATCCGGTCGAGCACCTGCTCGCCGGCGAATACCGCAGTGTCTTTAAAGGCCGCGGCATGGACTTCGACGAAATCCGGCCTTACGAAAAAGGCGATGATGTCCGCACCATCGACTGGAACGTAACTGCGCGCACCGGCAAGCCGCACATCAAACGCTACATTGAAGAACGCGAGCTCGCCGTCTGGTTTCTGGTCGACACCTCCGCCTCCTGCCGCACCGGGCATGGCGAGCGCACCAAGTGGGACGCGATGCACGAAATCACCGCTCTCTTAACGCTGTCTGCCATTCGCAACAATGACCGCGTCGGGCTGATTCTTTTCTCGGACCGCATCGAACATATCAATCCGCCGCGCAAGGGCCGGAGCCACGCCATGCATCTGCTCAGCGACCTGCTGCATGCCGAACCGCAGGGAAAACAGACCAACCTCCAGCCCGCACTCGACGCGCTGGCCCACCTCGCCCGCCGCCGCAGCCTCGCCTTTCTGCTCTCCGACTTCCTGTTCGATGTCAACCGCGACCGCCTCGGCCAGACCGGCTTCCGACAGGATCTCATCGCTGTCGCCGTCAACGATTCGCAGGAAATCGAACCGCCGGTCTGCGGACTGGCCGCTGTCAAAGATTCGGAAACCGGCGAACAGATGCTGTGCGATTTCAACCGCACCCATCAGGCAAGCTACCGACGCGCATTCGACACCCGGCGCGCCGCGCTCAGAACCGAACTCAACGCCATCAATGCGGACCTGATCGAACTGACCACTGAGAGCGACTGCGCCGAAACCCTGACCCGTTTTTTCCGCAACCGCCTGCGCCGCGCCGCCGATGAAACCGGCGGATAAAACATGAAATATTTGAAAACAGTCATATCGCTTCTGATTGCCGGCTCAGCATTTGCAGAGGACCCGAAAATTACCTGCGAGCCGCACGA
NZ_CP047593.1_gap30	887447	892284	4837	GAGGACCACATCAGCAACATTGAAAAAACAACGGAGGAACTGCGCGAGTGCGGCGCGCGGGTGCTGATCATTGGGCTCGGCGATCCCGTCGCGGGCGCCAAAGTTCCAGAGATTGGGAAACCCGGCGAATGGATGCAGCACAAGGGCAGCGACGTCGTCACTAAGCTTGACGAGGAAAAACTGATTCAGCTTTCGGCGGAAAGCCCGAACGTGACCTATTACGCCGCCCGCACCCGCCCGTTCGACCTGATCACCCTCTACCGCCAGATGATCGCCGACAGCCCCGGCATTCTTTCGGAAGATGCTTCAGAATTGGTTTACACAGAAGGATATCCGTTCCTGATTGCCCTCGCGATTTTGCTTTGGCTGCTGCCGCTCAACAAACGGCTGTTTGCCACACTGCTGCTGGCCGGCTGTTCACCGGATTTCCAGACATTGGAAACCGGCTATGAGCAGAACTTTGAAACCGGTCGTGAACTGTGGGCCTCGGCGCAGGAACCGATCAAAACGGATCCGCGCGCTGCACTGTTTACACTGAAGCAGGCACGTGCTGCGCTCCTGAAGGCCGCACTGACCCGGCCGGGCGACCGGCCGGCGGCAGAACAGATTGCGGGAGTCAGCGCGCAGATTCGCGCGGTCGAAGAGGCGGTAAAGGAACAGGAAGAGGCAGAAAAAGACCTGCAGCAGAAGTTGAAAGAAGCCATTGAGCAGCTTCAGCAGCTGACTCAGCGGGAAAATACGCTGTCGCAGAAAAGCCAGCAGCTTTTGCGCAGCCGACCGCCGGTTCCGCCGGAAGAAAAAGCTGCCGCAGTCGAACCGGTACGAACCGAACAGGACGACGTGAAAAAACAGACCGGCACCGTTACCGATACCATCAGCGAAGCACAGCAGCTGATCCAGAAAATGCTCGCGACCGCCTTTGCAGAAGGCGATAAGCCGTCACCGACTGAATTTGACGAACCGATCCGCCTGCTGAACGAGGCTATGGCATCACAGCAAACTGCTCTCGAAAACCTTCAGCCGGAGCAAAGCAACTGGCCGCAGGCCAACACGGCCTTCCGTTCTGCAACAAGGCAGATGCAGGAAGCCCTGCGACTGCTGTCCGACCAGAACCAGGGGCAAAACTCTGACGAAAGCTCGGGAATGTCCGATGATATGGACATGGACTGGGATTTCGATGAAGACATGGAGTGGTCGGAATCGGACATGCCGAGCGACATGTCGATGCCGATGCAGTCCCAGAATTTCAAGACCGCACTCGAAAGCCGCTCCCTTCCGACGCCCAATTATACCGCCGAAGAAATTCTGATGGAAGAAGCCGCCAACATGGAACAGCGTGCAGAGCAGCAGTCCAGCCGGGCCGGAGCAAAAGTGGAGAAAAACTGGTAATGAAGAACATTCGTTATTGGTTATTGGTTATTGGGCTTGTCTGCAACGCGCAGGCTGAATTATCCGTAACGCTGGCCCCGGAAGAAGCGAGCCGGTTTATCTACGAACCGTTCCGCCTGCTCCTGCAAGCAGACAAAGAGATTGAGCGCCCGGAGATTCCGTCAGGAACGAACTGGTCGGTAACCGGCATGCTCCCGGTTGAAAACGGATTCCGGATTGAGCTGATCGCCAACGAATCCGGCATGCTCACCCTGCCGCCATTCACAGTTACAGCAGGAGAAGAACATGCGCAAACGCCGCTGCTCCGTCTGGCGGTCGCCGCACCGCGTCCCGCCCACGAAATGGAGCTCCTGACCGCTTTCTCGACGACCAATCCGGTGGTCGGCCAACCGATCGAACTGACCGTCACCTGGAAAACCGGTGTTCCGTTCCCGCGCTGTCAGGAACTTCAATTTTCCCTTCCACTGCTGCGTAATCCGGACTGGGAGGTTTATCCCACTGATCCGGGCGTTCCGGAAAAAAACCGCATTGGCCTGCCGGTCAACGCCCAGCGCATCATTGCAAAAAACGAGCCGAATCAGCTGCAGTTTTTCTATCGGCTGGTTCCGCGCCGGGCAGGCACCTTCGCCTCCTCCGCCCGACTGAACTGCGCTTTGATGGAAACTCTCCGATCGTCCAGTCAGTATCCGAGCTATTTCGACAACCACTTTTTCAATATTCCGGACAAAAAAGACCGTTTCGAGCGGATCTATCTTTCCGTGCCCGAAACGGAACTGACCGTACAGCCCCTGCCGGCAGAAGGTCGCACGGTCCGCTACAGTGGTATCGTCGGCAACTGCGCCGCCTCGGCACGAATTGAGCCGTCCGACACCGTGGTCGGCCAGCCGATGCTGCTGACGGTCACCCTGACGAACCTGACGTTCGGCGGACACATCCGCAACCTGCCCGAGGCCACGCTCGACGGCCTCGGCTCGGAATTCGGCATCACCCGCGAACCGATGCACGTGAGAACCGCACCCACGGCCAAGTCGTTCACCTACATCGTACGGCCTCTGCGCAGCGGACTCACCGTCCTGCCTGCGCTCGCCCTGCAGATTTTTGATCCAGCGGAGCAAAGCTACCAAACCATACGCTCAGAACCGCTGCCGATCACGGTCGAGCCGAACGGCGAACAAACCGTCTACACGCCTTCCCAACAACAAGAGCCGCTGACTCCGCTGAGCGGAATCCGGCATAACCGAAAAGAGAGCGAACCCACCATGTACGCATTCCTTGAATTCCTTGCTGCAGACGGCTGGATTTTCTGGCTGCTGCCGCTGCTGCTCTGGCCGGCACTCCTCCCGTGGCTGCGCCGCCGCGACCGCTGCCGGACTGATCCCGCCTACGCACGCGCCGCTCACGCCCGGAGCCGCTTTCGGAAAAAGGTTGTTCACGATGAAGAATCCGCGTGGAAAAACTATCTTGCCGACCGCTTCAACCTCACCGCCGAAGCGGTCACTTTCGACGCCGTCAGACCGCACCTGCAAGACCTCGATCCCGAACTCCTGCAGGCCGTGCGCAATCGTTTTAAAGCCGAAGAAACCGATCACTACGCGCCTCCCGGAACACCGGCACAAAAAACCGCCACCATTCGCCATCTGGTCAGAAAACTGGAAAAAGCCGTACCGGTTTTTTTGCTGATGATCGCTCTGTTTCCAACCATCGGAAAAGCCGCACCCGTTCAGGCCGAGACCCTGTTTGAGCAGGCCATGAAAATTCGTGCAGAAAAACCGGACCAAGCCGCACCGCTCTTCACGGAAGCCGCACTCGAATTCGAAACCGACCGGCAGTTTTTCAATGCCGCCAACAGCTGGTTTTTTGCCGGCGAAAACGGGCGCGCACTGGCAAACTACCGCGCCGCACAGAACCGCCGGCCGTTTGACCGGCAAATTCGAGACAGCATTCACTTCATTCGCGCACAGCGCAGCAGCCTTTTCCAAACCTCGGAAAAACCAGGCCACCGTCTTTCCAATGGCTGGAAAAACTTCTGCACGTGGAGCCCCGCCCTGCGGTTCGGAGCCTTAACGTTGCTGTACCTGATCGGCTGGGCCGTATTCCTCGCCGCTCGTATCTTTGGAAAAACCGTTCCGCGCAAAGCGTGGATTACGCTGGGAGTCATTGCGGCGGGTCCGGCGCTGTCGCTTATCTGGAGCTTTTTCCAACCTTCGGAAGGAGTCGTTATTCAGCCGACCGATGCGCGCCTCGGTCCCGGCTACGCCTATGAAAAAGCGTATGAAGGACTGCTGCAGGAAGCGATCGAGTTCCAATGGCTGGAGAAACGCGGCGGCTGGGTGCTCGCCCGCCTGCCCGACGAATCCGAAGCATGGCTGCGCGAAACCGCCTGCGTGAAAGTGCAGTAAATTCAAAAACGGTGTTTTGCATAAGAAAAACGGCTGAAGCGGGAATCGCGCATTGATGCCGCAAGCCGAGGCGATTATTCTGTCGGGCATGTCTGAAACAAAAAAGCTTTTGATTTTTGTCTGCACGGGGAATACCTGCCGCAGCCCGATGGCGGAAGGACTGCTGCGGGCCCGGCTTCCGGACAACTGCGGATGGGAGGTTATGTCCGCCGGAGTCTGCGCGGCAGAGGGATGGCCTGTCAGCGAACATGCGATTACCGCTCTGCGGGAAAAGAAAATCGATATTTCCGGACTGACGTCCACCACACTGACACCGGATCTGATTGAGCGGGCGGATCTGCTCGTCACCATGACAAGCGGTCATCAGGCGGCGGTTCTGGCGGCGGTTCCGGAAAGCCAAGACAAAGTTTTCTTGCTTAAATCGTTTGGAGTCGCAAAATGCGCGGCTGATATTGACGACCCGGTCGGGGGATCGCTTGATTTATACCGTCGTGTGCGCGATGAAATCGATGCGGCTTTACCCGACCTGATTCTTTATATGATGGAGCACAGAGGAACTGAATTATGAAAATTGCGATTGGCGCCGATCACGGCGGATTTGAACTGAAAGCAAAATTTATCGACATTCTGAAGGCAAAGGGCCATGAGGTGGAGGATTGCGGCACCAACAGTGCGGAGTCGTGCGATTATCCCGATTACGCGGCCGAGGTCGCGCGTCGCGTTTCGCAGACAGAAGCCGATCAGGGCGTTTTGATCTGCAATACGGGCATCGGCATGAGCATTACGGCCAACAAATTCCCGCGAGTGCGCGCGGCAGTGTGCTGCACAGGAGAAATGGCCGCTCTCACCCGTATTCACAATGCGTCCAATGTGCTGTGCATTGGAGCAAACAATGCACCGGAAGAAGCGGCGCTTGAGATCCTCGAAGCATGGTTGACCAATGAGCCGGAAACGGAAGGTCGCCACGGCCGCCGGGTTAATAAGATGAAGACTTACGGCAAAAGCACCAGCGATGCCATCGCGCTCCACGAAGCCGATCCGGAAATGTA
NZ_CP047593.1_gap31	911040	913366	2326	CGTCCGAAAACGAATCCGGTGTTGCATTGAGGATTCCCATCACCAGCGTGCGTTCCGCGCAGTCGATTTTCCGACCCCGGCAGCTCCAGATAATTTTCTTTTTTCCAGACATTGAAAAAAAGCTACCCGATTTTTTCGAGGGTTGGAAACCCAAACCGTGCCAAGCGGTCACGGAAGGCGATAGACCTTTGCATAAGTTCCCTCATTGAACCCGTACAGGGATATAATATCGGACCAGAACATGAAAATCCACGGACGATACGAAAGGAAACCGTTTTTTGTGTAGAAGATGTCGTCGGCGATATAAACGGTAGAATGGATCGGCTCGTCCGTCTCCTGATTGAACAAAACAACAACATCTCCGAACTGGAGATCACCTTTGGCCGGAATAAAATACGTTTTGAACACATCCGCCCATTCGTCCGAATGCACATCGCGCCATTCCGGAACAATGCCATAAAACTCCATACAAGCTAAGTGGCAATAAATCTTGCTGTCCTTTTCAGGAAAAGTATAAAGCCGTTTTCGAGCTGTAGACGGAAGGAGGTGTATCACATCCAGCTTTTCAACGCCTCGCGTCTCGGCAATTGAATTGAAAATCGGCAGGACCTCTTTCCGACGATTGTCGATCGCCCAGTAGTTACGAATAGAATTCAAACGACTGTCATCATTGATGGTCAGCCGCAGCATCAGCGTGCGCGTCCTGAACAACGACCGCAGAAAACTATTTCTCTCTTCCGGATCCGTAATACGGGAAAGAACATACGGTACATCACTGAAAACGACGATTCCCTTTTGAGAATAACACAAAGAACGGATTAACTCTGCACTTTGCAGGGTCAATCCGGCACCTGTGTACCAACTGACCGGATCACCGGATTCAATAACGATTGGATACGCATAATACGGGTTCTTTTCCGGCCAACGCCGCAAAAGCATGCGCAGTCTGGAACGAATCTCCGGCGTTAATGTCATGATCAATCGACCTGTCGGAACAATGCGAAGCTCTTTTGAAACAATGGACATATAAGAATTCTTCTGCAAAACAGATTTGCTGATTCCTATCTTCTCCAGCTTCCTGATGGCCTCTGCCTCTGTGTGGCCCGGAAAACACCAATACATCTGCTCTGAGAACAACTCCGCGTTATCCTCCGTATTTGGATGCTGAAGATAGAATATATAATATTCCAAATCGCCCCATGGTCCGTCATGAGCCGGGTGAGTCTGACGCAATTCCGAATCGGAGTCCTGTTCAGAAAACTGCGAGTCCGGCAAAGCACCATACGGCGTACTGATCAGTCTGGAACGGGCGCCGATAGCCAGCTTGAAATGCTGATTCTCTCCAAACACGCACATAGCGGACCCGAAAACGATCAGAACTCTTAAAACCAGAAAATAACGTGTCATAATCCACCTTTATAAAAAGGATCGAAAAATACGTTTCACAACCCGAAACCACAAGCCCCAAAACTACCGGACTGCCGACTCTCATTCCGGGCAAATCCGAACCTATGCGCTTGTATTTCGACGGGAAGCCTTTAGCTTTGAGGACTTGAAGAAAACATCCGTCAGTCTGAAGCGCTACCTCGCACAGCATCGTCACGATATTGCGATGACCGCGTTGTGCGCTCTGGTGACAGCCGGAATCAATCTGCTAATGCCGTATGTAATGCGACTCGGCATCGACGGACTGACAGAAAATACACTGTCTCGCGGCGCACTGATCCGCTATGTGCTGATCTATCTGGCGCTGGCCGTACTGGCGACCTGGTTCGCGCGACAGCTGCGCCGCCTGCCGCAGCGGATGTCGCATCAGGTGGAATACGATGTGCGCCGCGACCTGTTTGACCACCTTACCCGGCTGGATCTGGATTTTTTCCGAGGCGAGCGCACCGGGGATCTGATGACGCGGATGTCGTCCGACCTCACCATGGTGCGCAATGCAATCGGCCAGGGCTTTCTGCAGGGCACCCGCGCTGTCATCGCGCTGACCTTTGCCTCCATTGTGATGTTCTGGATCGCTCCGAACCTGGCCCTGCTGATTTTCGCGCTGTACATGCCGGTATCGGTCATCTTTTTCCTGATTTTCAATGTGATCCGCCGCCGCCAGAAAGAACTGCAGGAACAGGTGTCCGAGCTGTCAAACTTTGCCCAGGAAAGCTTTGCGGGCATCCGATGCATTAAAGGCTTCGCAATGGAGCCGCGCCGCAACCGGCTTTTCGAAGGTGCCAGCCGCGACCTGGCAAATAAGGAAATCCGCGTGCAGGCGATCCGCCAGTTTCTGTGGCCGATGATGGCCTTCTGGTTCAGCATCGGCACACTGATG
NZ_CP047593.1_gap32	919852	920812	960	AATTCCAGTCAGATAAAACAGCGGTACCAGACCCGACTCCGGAAACTCTCGCAAGATTCCCTCCACGTGGGTAACGCCGTGCCAGTTACACGGCTTGCGGTGCAGCTGATCTTTATGAAACTCTTCCAGAATCACCTCCATGCGCCGCATCGCATCGGTAATTCCGCGCGTACGTAAACGACTCATCAGATCATAATGCGACACATAAAAAATATGACCTCCATTCTGAATCTGTCCGCCGTATTCGCCGACCGTCCCAGGTCCAACCTGCATCGTCCAGTTTTCCCAGAACATTCCGTCGTTCACCGCAGCATCAAGGGTGTTGGCGCGTGGCGCAACTTTCCAGAAATAAATATCGTCTCCAATGGATGTATCCCCTTTAACCGTTCGGGATCCGTCCAGCCAGCGCAAAACCTGTTCAGCGTGCTCCTCCGTGGCAATCCCGCAGGCAATCGCCTCCAGGTTAACGAATGTAAAACCGCAATCAGCCATTACCCCCTCTTTGGAAATCCAGCCGGCGAAACGACCGGTTTCCTCGTTCCAGAAAAGCTCGTTATACCGTTTTTTAACCAGTGGTCGAAGCGCCCGGTATTCGGCGGATTTGTCCGCATTGCCAAGCGCCTCTTCGAGGCGCGCCATCCATTCCAGGGACTGGAAAAACAGCATATTGGCGTAAGCCGACTGATATCCGAACCGCCAGCCATCCCAATAGTTGCCGCTAAGACCGGAGGCAGAGCCATCGTGCTCCGGATCATGAATCGTCAGCACACCGGTTTTGCCTTCCATCGTTTCCAGCTGATAGCGCATCGCTTTACGCAGCTTTTCAATCAGCGACACGCCGGTTACAGCATCCTTTGTCTGCAGGAACTCAAAATTGCGATGCATCAGCGTCCAGTGCGATATTCCGGAAATAAAAACAGCCGGCGTTACATAATGTTTCGAGTGACCGAGATGAAGAAA
NZ_CP047593.1_gap33	926521	929147	2626	GCGTTCGCTCGCCACTACTTACGGAATCACTGTTGTTTTCTTTTCCTCCGGTTACTGAGATGTTTCACTTCACCGGGTATCGCTCTGAAGCCCTATTTAATTCAGACTCCAGTGACTGGACATGACTCCAGCCGGGTTTTCCCATTCAGAAATCTCCGGGTCAAAGGTTGTTTGCACCTCTCCGAAGCTTATCGCAGCTTACCACGTCTTTCATCGCCTATCAATGCCAAGGCATCCACCGTGCGCCCTTAGTAGCTTAATCAAAAGTCCACTAATGTAACGACACGCATGCTATATCTTCAGTTTTCAGATCACAGTTCTCACTGTGAACCTCAACTATCTCTATATAGTTGCAGTTACCCTAATCTATGCAATTTTCAAAGAACACTTCCCCGAAGGGAAAAAATGTTGCGGCTGCTGTTCTGTGCGTCTGCCACCTTTACGAATAATAGAATGGTGGGCGTGACAGGAATCGAACCTGTGACCTCATCCTTATCAGGGATGCGCTCTAACCGACTGAGCTACACGCCCCCCGGAAATTGGTGGAGGTAGACGGGTTCGAACCGACGACATCCAGCTTGCAAAGCTGGCGCTCTACCAACTGAGCTATACCCCCGGTACGGTCCGACCGGCTCACTTCAACAGCCTTTTGAATGACTCTTTACGATATCCATTTCGATCCAGAAACGGTGCGATTTGCTCTCATTACGTGGTGCTCCGGGTCGCTCCGGAGCGGCGACTCAAAGATTACTTTGAGCCGTTACCCTATCGATTGTCCGCCTGCGAATAAATGCAGACCGATTAGCAATCGATTCTCCTTAGAAAGGAGGTGATCCAGCCGCTGGTTCCCCAACGGCTACCTTGTTACGACTTCATCCCAGTCATCGGCCACACCTTCGGCGCCTTCCTCCAAGTAATTGGTTAGATCAGCGACTTCGGGTACAGCAGACTTCCATGATGTGACGGGCGGTGTGTACAAGGCCCGGGAACGTATTCAAGGCGTCGTAGCTGATACGCCTTTACTAGCGATTCCAACTTCATGGAGTCGAATTTCAGACTCCAATCCGAACTGGGGATGGTTTTGAGGATTTGCTCCACCTCGCGGTCTTGCTTCCTTCTGTACCACCCATTGTAGCACGTGTGCAGCCCAGGACATAAGGACCATACTGACTTGACGTCATCCCCACCTTCCTCCTGCTTTCACAGGCAGTCTGTTTAGAGTTCCCACCATTACGTGCTGGCAAATAAACATAGGGGTTGCGCTCGTTGCGGGACTTAACCCAACACCTCACGGCACGAGCTGACGACAGCCATGCAGCACCTGTGATACACCCTCGAAGGCTACCTCCCTTTCGGGTGGTATGCAGTATCATGTCAAGCCCTGGTAAGGTTCTTCGCGTTGCATCGAATTAAGCCACATGCTCCACCGCTTGTGCGGGCCCCCGTCAATTCCTTTGAGTTTTAACCTTGCGGCCGTACTTCCCAGGCGGTGCACTTAACACGTTAGCTCCGACACTGAAGGGGGTAAACCTCCAACATCAAGTGCACACCGTTTACGGCTGGGACTACGAGGGTATCTAATCCTCTTCGCTCCCCCAGCTTTCGTCCATGAGCGTCAGTATCAGTCCAGAGTAGCGCCTTCGCCACCGGTGTTCTTCATGATATCTACGCATTTCACCGCTACACCATGAATTCCCTACTCCCCTCCTGTACTCTAGTCCTGTAGTTTCGAATGCAATTCCACGGTTGAGCCGTGAGCTTTCACATCCGACACACAGGACCGCCTGCGGACCCTTTACGCCCAGTAAATCCGAACAACACTTGCCACCTCTGTATTACCGCGGCTGCTGGCACAGAGTTAGCCGTGACTTTCTTCTGAGGTACTATCAAACAAACGAGCTATTAACTCATTCGCACTTACTCCCTCAGGACAGGAGTTTACAACCCGAAGGCCGTCGTCCTCCACGCGGCGTCGCATGTTCACACTTTCGTGCATTGACAATGATTCTCGACTGCAGCCTCCCGTAGGAGTCTGGGCAGTGTCTCAGTCCCAGTGTGGCCGGTCACCCTCTCAGGTCGGCTACCCGTAAGCCTTGGTAAGCCATTACCTTACCAACAAGCTGATAGGATATGGGCCTATCTTAGAGTGGCAGGTCCGAAGATCCCCACCTTTACATAAGGTGCCATGCAGCACCCGAGCACATTCGGTATTACCCACCCTTTCGGATGGCTATCCCGAGCTCTAAGGCAAATTACCCATATATTACTCACCCGTTCGCCGCTCTCATCACCAACTTCTCTTCCGAAGAATTGAAAAAGGTGAATCCCGCTCGACTTGCATGCCTAATCCACGCCGCCAGTGTTCGTTCTGAGCCAGGATCAAACTCTCCATAAATATATACGGAAACATTTTTTGAAACATAACTTAAACAAATCGCACCATTTCTAAATCGAAATGGTCATCGTGAGTCATTCAGTTTTCAAAGAGCAAAAATTCGACTCAACCTTGTAAAGCAACCTCAGCTGCTTTCCTTTGTTGAGCGGCCGGACAATCTATGCCAGTGACATCGAATCGTCAACCGTTTTTCAAATTTATTTTTCAGAACAAATTCCCGCTCGAAATGAC
NZ_CP047593.1_gap34	930147	932682	2535	ACTGGAGCGCAAAGCCCAAGAGGTCGTCGGCCTCCTCAAACGAACTCCTTATTACGCCTACGTCATTCCGGACAACCTTCGCCTCGGCCACGACGTGCGCGTGGCCGACGTTGAAAAAGAGCTCGGAGAAATCCCTGACGACCATAAAGTCGTTATCCGCCTCAACGAATGGGACGATCCTTTTAAACCGCTCAGCGGCACAGTCATCGAGGACATCGGCCACAGCGACGATCCCAACGTCGAAATGCAATGCATCCTGCGCGCGCACGGATTCCGCCAGAACTTCTCCGAAGAAGTCCTCGCCGAAGCCGAAAAAATGCCGCACGAACTGCGGCCCGAAGATTATGAAGGCCGCACCGACCTGCGTGAGCGCCTCACTTTCACCATCGACCCGGAAACCGCGCGCGATTTCGACGACGCCATCTCGCTCGAAAAAGTTTCCAATGGTTGGAAACTCTCCGTCCACATCGCCGACGTCGCGCACTTCGTGCCGAAAAACTCAGCCATCGACAAAGAAGCCCTGCACCGGGGAAACAGCATTTACCTCGTCGACCGCGTCGTCATGATGATCCCACCCGAACTGACGACTAAAATCTGCAGCCTCAACCCCAATGTAGACCGCCTCGCGCATACTGTCGAAATGACCATCACCGAAAACGGACAGATGGTCGCCGCGCAAACCTGCCGCTCCATCATCCACTCCGATGCCCGCCTCAACTACGATCAGGTACAGGCCCTCTTCGACGGAGAAACCGATGACCAAATTCCCGCATCAGTCGTTGAAGCCCTCAAAGCACTTCGTCCGCTCATACGCACCATCCGCAAACTGCGCACCGACGACGACGGATCGCTCGAGCTCGACACCCCTCAAATCAAATGCATCCTGGGTAAAGACGGCAAAGTTGCCTCCATCGAAAAAGGCGAAGCCAAAGAGGCCTATCAGCTGATTGAAGAGTGCATGCTGCTCGCCAACGTCGCCGTCGCCCGAAAACTCAAAGAAGCGCAGTGGCCCGCCATTCACCGCATCCACGAAGAACCCGACGCAGAAATGTGGGCACAAATGGGCGCGGAACTTCAGGCGCTCGGCATCGACGCCCTGCCCGCCACACGCGCCGATATCAATGCCGTCCTTGAAAAAGTCGCCGGCCATCCGATGGAATACTCCGCCAACATGGCCATCCTCACCAACCTCAAGCGCGCCGGCTACTCCGCCGAGCCCGCCGGCCACTTCGGCCTCGCTTTCGACGACTACGTTCACTTCACCTCGCCCATCCGCCGCTATCCCGACCTCGTCGTCCACCGCCTGCTCACCGCACTCGAACAAAACGGAAAACAGCCGTACCGTAGCAATGATATCGAAGCCATCGCCGCGCAGTGTACCCGCACCGAAACCGAAGCCGACGCCGCCGAAAAAGAAAGTATCGCCCTGCGCCGTGCCGAATACTACCGCGACCTGCTTTATAAAGGGGAAACCGGTCCCTACACCGCCTGCGTCATCAAAGTGCTTGGAAAAGGTCTGCTCATCGAACTTGAAGACACCCTTCAGCGCGGACTCGTCGCCTTCTCATCCATCACCGATGACCGCTACGAACTCAACGCTTCAAAAACCAAAGCCACCGGCACCCGCTGGGGCAAAAGCTTCCAGATCGGCGACGAAATTGAAGTGGACCTCGTCAAAGTCGACGTACAGCGCAACTTTGTCGATTTCCACCTCACCGGACAGGAACAGTTCTCTGCCAAGAAAAAAGGCAAACCGCAGCGCCGCAAAAAAGGCAAAAAACAAACCGTCGCCTTCAACGGAAACGCCAAATACGGCAAAAAACCGAAAAAGCGCCGTAATCGAAAATAGCGAACCCAATGTTATTCCCTATATTCAATATCCATTCGGAATCGGCTATTTAGTTTGTGGAATATGGTTAATCAAACCGAAAACACAAAAACGCCAACACTAAAATTAAGACCATCGCTTTCCTTCGGGTAAGCGATACTACATTCTGCAAAACATTTGATAAAGGTAGCAACGTTTACCCGAGGAACGAGGGAAACGTTCGACGTTTCGCTTCCAAATTCACCGGACTTCGGCAAAAATCATAGCCATGAAACCGCACCCGGACAAACCGCACCGCCTCTCCGAAATCTTTTCCTACTACAACCCGCCCGTTTACTTCGTTACATTCTGCACGGCAGACCGGAAACCAATTCTGTCCAACGACAGCGTTCATCAAAAATTCTGTAACTTCTCCGAGAACGCCATTCAACACGGCGTAGCGATCGGGCAATACGTCATCATGCCGGATCACATCCACTGCTTCATCCGAATGGCACCCGACCAGACGCTCGGCACAACGATCCGCCTAATCAAGCGTTCGCTGTCGGCAGCCATCACCGACCCGCTGCCTCACTGGCAGCCGGGCTTCTTCGATCACCTTCTGCGGCACAGCGAAAGCTATTCCGAAAAATGGAACTACGTAAAAAACAATCCTGTCTGCGACGGGCTCGTTAGAAATCCGGACGACTGGCCGTATCAAGGGCAGA
NZ_CP047593.1_gap35	956821	958333	1512	TTGGCCATGCAAAGCATCACGAATAACACTGAGTGTTCTTATTACACCCATGCCGTCTTCCCAGAAGAGACGATCTGCGATATTGCAAACATGTATGGTGTGTCACAAAAAGAAATCATGAGCATTAATAAGATCACCGATGGGGCGCATCTTAAACCAGGAACAGTTCTAATGATTCCAATTAAAAATTGAGAATATAACCACAGCGAACAAATCAAGTGAGCCTACGTGATAACGCCCGTCGCCCAGATGAAGCACACTTCACGAGGCTCCTTTCAAACGTTAGAAGGACCGACGGGGTTAAACCTCTGGTGGGGAACCGGTAATGATTGTTAAGGGGCGCACAAGTTGAGTAAAAGTTGTTTGAGTGGTAATCTTAAAATCCCGGCGGCATAACGGAGTTGATGGCGACCGGGATTTTAAGATTACCGCAACGTTGAAAGGTACTAATTGAATTTTTTTGTGCGGGGCGACTGGAACAGCGTCACGTAGAAACTGTGCGATGCGGGGAAGCACACAATGGAGTCGAACTTGAAGCGCCCCCGTCGCTCCAAGTTCTAACAATGGCATGCAGCTGACCGGGTTGACATTGGATTGATTCAGGCGAAGCTGGCCGCCCGGCAGCTGATGCCTGTTACGTTGGCAGCAAAAAATATGAAAAATTTAATTCCAGTAATAACACTGATCGTTGGAGTCGGAATCGGATGGGGAATTGCGACCTACCAATCCCGTTGCGCATTCCAAGAAATACAGAAAACGTGGACTCCTGAGTTTCGGGAACTGGTGACGCAAAGCGTCTCCATTGGAAAAACAATGACGAAAGACGAACTGCAGGAACTGCGCAAGTTCGCAATCAAAACGGGAAGCAAAAAGGTCACTGACCTGAACTCTCAAGCTTATGCAGAAGCAAAGCACGCCTTGCTGATGAAGAAATTGATCGAGAATGGGGAGGTGGATGAGGCCCTTTCGTATTCCTTGTCCTGCCTAGGACGTTTTATAGAGCAATACGACCGAGGTGATTTCGAAAATGACATTAACGAAGAACTGGCAGACAAGCTGGCAGATCACATAAAATCTGCCAACCAGTGCCCACACTCTATCACCGCCTCCGGCGGTTCAGAGTGATGCTGATCGTTGGAATCACATAGATGAAAATTTATTTAAAAACATTACGATGGTGTATCGGGGCGGCTGTTCTTCTGCCACTAATTCTCGCTGTTCCCAAAATCTATCCTCAGCTATACCTGCTCATGAACCCGCTGGTTTATTTTTGCGCCTATATCGCACTTTTCATCTGGGCAGGAGCAAAAGCATCGCAGGCAAATTATTCAATAATTCATTCTGCATTTGCTGGCACAGCAGTCTTGTTGGTCTCCCAGATAGTAAACACACCACTACGATTTATTTTTTCGGCTACAGCAGCAACAGAAACCAGACCCCCATGGGGCATCGCAATCCATGCCAGCCTTCAGTCTATCCTTGTTTTTTGTTTCTGCTTCCCGATTGCTCTAG
NZ_CP047593.1_gap36	963743	964574	831	ACGGCCAATGAGTTCGATATTACCTTTTCCCCATATGACCTGGTCATCATCCTGTTCGAGGAATTTCATATCCCAGCGCCCGAACATCCAATGCGGCTTCCAGGCGGTAACCACGATCCACTCTTTGTTTTTCACCGCGTCGGCAAGCGCGGCAGTCATTGCCGGACCACTGGATGCCATCAGTTTGATGCTTTTGAGCCCATATGCCGGGATCAGTTCATCTTCTGTTTTTTTCATCACACCGGCACCGGCATCGATGCCGGTGATGTGTCCGCCGAACTTGTCCGCGTTTTCTTCGAGTTCAGAAATTTTATCGATGGTGACGTAGGCGGGAACCGCAAGGCCGGTTTCTGTTCCCTCATAGATCGTCCCGAGACTGACCAGATCATCGCTGTACCGGTCGAGGTAGTCCTGATGCAGCTCGCGCCAGCACTCCATGAAAGCATCATGGCTGCCCTGAGCAACGGCGGTATAACCCGGCGCAACATCCGCGGCGGTCAGCTTGACATCATAGCCCATTTTTTCTGTAAGAACGGCTTCGGCCAAATGGGTGTAAGCCACTCCTTCGGCCCAGTTCACATAAACCAGCTCCGCTGTTTTTCCCGAAACGGTCTGCGGGTTGCAGCCGCTGAGCATCAATGCACCCAGTCCAAGGCCGGTCGCGAGAATCAAAAGTTGTTTTTTCATGCTGTGTATCTCCTGTAGTTTTGTGGTCGATATTTATTTTATTGGTCAGAATGCGTCAGGCTCTGGGTGACACGGTCCAGAAAGATCGCCAGAATGACGATTGAAATCCCGGCTTCGAACCCGATATCAATTTTAAGCTGCGTA
NZ_CP047593.1_gap37	1025961	1028660	2699	AAACAGCGGGCGCGAAGCATCGCGCCCGGTCTCAAGGAACGTCAGGCACTGGTTTGTCAGCCATCCCCCCATATGGTGTTCGGGAGCCACCTTGCTGTCCCAGCCGATAAACGACCACGGCCCGTCGGAGCCGCCGAACTGAACCGCCTCGGGATGCCTGCCCCTCTCGGCCTTTTGCTCCTCAAAGACGGCCCGGGCACCGGGCAGATTATCTTCAGCATAATAGACCGACCCGGGCTCCCGATGAACCCCGCCGTGCTCACAGGAACGCACCTCAAACCCCCGCGTCGTCGGGGCAAACCCGGCCGGTTTCATTCTGTCAGCCGGCAGCGGCTCATACCAATGGGTTTTCCCGAACCCGGCGGTCTGATATCCCGCCTGACGCAGAATTTCCGGCAGCGGGGCTGCCGGCAGCGACTCATCGTCGGGAATCATCTGGGCATTGCAGCGCACGCCGCTCTGGGCCGGGTAAAGGCCCAGCAGCATGCTGTAGCGGCTCGGCATGCACATCGGGACATTGCAAACCGCCTGCCGAAAATGCACGCCTGTTTTTGCCAGCCGGTCCAGATTCGGCGTATGAACCCGCGGATCACTGCACCCCAGCGCATCCCAGCGCTGCTGATCGGTCATCAGAAATATAATATTGGGATGCTCCTTTGAGGCCTGCGTCTGCGCCGGCAGCGCACCCAGCGCGCGCTGGATTCCGGCCCCGGCCACAGTTCCTCCTGAAAGGAGACAAAAATCACGCCGTTTCATAATACACCTTTATCTTTACTGATCCGGCTTAAGACAAACACAATTGAAACCTTATTCCGAACCGATTCGTGCCCGCAGAAACTGCTGCGGTTCCGAGCCAAGGGTAATCCGGTTGGTGACAGATTCAAACACACCGGCCTCCAGATCCCCGGTTTCGACCACAACGACTCCGAGGTTCGTACTCCATACCCCGGAGACCAGGTTTGTGGTCTGCTCCAGCGAATAAGTCAAACCGTGCGCTTCGGCATCGGTGCGCCGGGCATAGACATATTCCAGCAGGCTGGTTCCACTGTCCGAAATGATCGTAAAAGACGGCTGATAGCCGACATTACTGACGTCGGACGGATCCCCGCCGAAGCCGAACTCCGCCAGGTTGCTCAGTCCATCCCCATCCGCATCATCCGTCATGCCGGTTGCAATGCCGACCGAATAACCGGCAATCCATCCGGAATAAGAAGGATCCGAATACATTGAAAGAGCACCGAGTTCAAACAGGGCCACTTCGGCAGTCATATTGACACCGCTGTTTCCGCTCATTCCAAAACCGACGCCGACAATATCCGGGTTAATGGAATAAGTATATGTTGCTGCCGGACCGATGTTGAAACCATTAACCTTGTAGGATGCCACCCATTGATCTCCGGTTGTATCCAGCTCAATGGTGTATAAACAAAAATTGGTAACCGAGGAATATGAAGTACCGCTTTGCTGGGCACTACCAACCATTGCCCCGAGCCCCCCGTCCGACAAGATTCGAATCCACGGCGAATCCGTATTCTGGAACCAGTTCATCGTTGAGGAGGCTTTGTCTGCCGAGATAAAACCGATCGCGAACGGAATGGTCTGTCCGCTCTCCTGGGGATTCATACGGAGAAACGCAGAAAAGGTATATTTTTCTCCGGATTGCGGCACAAAATCAAGAAAACAGGAGCGTGCATTATTCACCGTGGAAGTGGTGCTGCCCTCTTCGGTAAAAACATAATTAACAGAACCGCTCCATGTTGTTGCCCCCGTTGTAACATCCGGCTCTGAACTGATAAAACCGCTGCCGGCAGAGCCCTCAAACCGTTCCCGAAAAACCGTCTCGGAAGGAACAAATTCGGAAAGTTCAAACGAAGCAATCTCCGCAGTCATATTGATACCACTGCCTCCGCTCATTCCGAACCCGACACCCTCAATAGAAGGATTAACAGTATACGTGTAGGTTGCCGTCGATCCAATGCCATATCCATTCACAGTATAGGAGGCAACCCATTGATCTCCGGTTGTATCCAGCTCAATCGTATAGGTATTAACGTTTGTCGCAGCAAGATAACCGGCTCCGCTCACCGTTGCCTTATCCGCCATCGCCCCAAGTCCTGTTGAAGCCACACGAATCCATGGCGAATCTGCATTCTGAAACCAATTCATCGTTGAAGAAGCATTGTTTGTTGAAATAAATCCGACCGCAAACGGAATCGTCTGGCCGCTCTCCTGGGGATTCATTCGCAGCGAAATGGACAACGTATATTTCCTGCCGGATTCCGGGATAAAATCCAGAAAAGAGGATCTCGTATTATTCACGGTCGAAGTGGTGGTGCCGATCCCCGTATAAACATAATTAACCGTCCCCCCCCACTTTTTGGCATCCGTCGTAATGTCCGGCTGAAAACTGACAAAATAGTCGCCGGCAGCTCCATTAAATGATTCCTGATAAACCACCCCGCCATTAGCAATCACAGCGAAAAAAACAACCAGGATCGCCAACACATACATTGCACGCTCTTTCATTTTCACTCCTTTTTTTGCATACAGCAACCGTTGCTGTCCAATAAATCTATCTAACCAACCCAAAATTGCAATATAATTTTCCAGTTAGGCACATAAAAAACAGCCCCCCGGGGCCCCCATGAAATGATCCGTATTTAACAACTCGTATTGCCTCCATGCCGGTTCGGTGCTAC
NZ_CP047593.1_gap38	1035696	1036829	1133	GTCGAATTTATGGAAGATTATTGCAGAACACCCCGATGCTATAAGGCTCAACGGGCCGATTGAAAGTCAGTTTTTATGTTGACGGACATCCTCAGATGGCTGGTTAGGCTCGATTTATTTTGGTTGTTAAAAATTCACTTATTTTCGTTTTACTAATTTTATCAGGAATCAAAATCGATGTGTGGCGACCATCTTCCGTTGATATCGTCAGTTGATTGAGTGATCGGGTAGAATCTTCGAATTGACCGAATGAGAACTCTTGAATATCTCTGTAGGCGATCTTGACCAATGGGGTTGTGTTGGTGATGTGAAGGCTCTTTACCCCGAAGAGAACTTCTCTTGCTCCCAAAAATTTCACCTTACTGATTAGGAACAAAACTATGAGCCCGAAAAGGCTACAATAAAGACCGGCCTGCAAACCTTCAGTGACTGACTTGCCTCCCATTTTCGCCCATAAGGACCACCCAATAATGTTCGCTGGGATGATGAGCATCATTGCAAACAGGAACCAATGCTTAGGAAGCTTGCTCTTCGTGATCTCAGGGATTGGTTCAAACCATCTCATATTATTTTTTCATGCCTAACGATTCGCATCACTCTGAGCCGGCGGAGCCAGCGATAGAGTGCGTGCGCTTGATACTCATCTAAGCCCTTCAGAAAGGGCTGTGTATTTCTTATTCTAAAATTAGGTGCCCCCTGGTGCTCAAGCTTCCCGGCACGATCATCAGGAGGCGTCTCACTTAACAAGAAAGGAGACTTGGATGAAGTATTACACAACGACGACGGAATACAACTGCGGAATCGATCTGCACACACGTCAGATGTACATCTGCGTGATGAATCGTGCAGGCGAGGTGCTGGTGCACCGCAACATCAGGGATAACGATTTCGGCTTCTTTTTAAAGCTGGTCGAACCATACCGGAAGGATCTAACCGTAACGTGCGAGAGCTGTTTCGTCTGCTTCTGGCTGGCAGACGCCTGCGAGGATGCAGGCATCAAGTTCGTGCTGGCTCATGCGTATTACGTAAAATCGATTGCGGCCAACAAGCATAAGAACGACAAGGAGGATGCTCGGGAGCTGGCCGAGTGCCTGCGCACGAACCGGATCCCTCCTGCGTATGTCTGTCCCCGC
NZ_CP047593.1_gap39	1131638	1136127	4489	CTTCGGGATAAATATTTTTTCCCTCACGGTTCACAATCAGGTTTTTCTGCCGGCCATTGATGACGAGATAGCCGGCCTCATCAAAAAAGCCGAGATCGCCCGAATGGAACCAGCCGTCGCGCAGGCTTTCGGCAGTGGCTTCCGGGTTGTTGTAGTAACCCTGCATCACATTCGGGCCTTTGATGATGATCTCTCCGGACCCGTCCGGACCCGGATTGATGATTTGAATCTGAACATCGGGGAGCGGAATCCCGACGGTTCCAACCCGCGGTTTTTCGGGCGGATTGAGAGAGAGCACAGGACCGGTTTCAGTGATTCCATAGCCCTCAACAATGGCAAAGCCAAGCTTCTGCCAGGACCGCAGCGTATCAGGATCGATCGGTGCACCGCCGGAAACAATCAGCCGTAATGCGCCGCCCAGCTCCTGATGAATTCTGCGACCGATCAGCTTGGCCAGACCTGCCTTATACAGCAGGCGGGCCGTTGGTTTTCTGCTGATTGTGTCCATCATGCGCGCGAGCATTTTTTCGAGAAGAAGCGGGACCGCCAGCAGAATGGTCGGCGACGTGTCGCGCATATCGGCTTTGATGGTTTTAAGCCGTTCAACCAGACTGACTTCGCACTGGACCAGTACGGGAATCAGCAGTGAAGTTGTAAATGCAAAAGCGTGGTGCAGCGGAAGAACCAGCAGAAAGTTGTCGGTCGGATGAATATCAATTGCCTTCTGACAGCTGGCGGCATTGGAGACAAAATTCTGATGCGTCAGCACCGCTCCTTTCTGGCGGCCGGTGGTGCCGGAAGTATAAATCAGCGAAGCGGGATCGGACGGCAACGGATCGTGCTGCTCGTAAGCACTTAGCTCTGAAAGACCTGTGCGCGCAGCATCATACGATAAAACCGTCAGGTTGGCCGAGGAAACAGTCGACTCGGGCGGAATGTCCAGCAGCACTGCGGTCTGCAGGTTGGGCAGGGATTCTTTAAGCTCACTCAGCCCCGGCGCGCTTCCGGCGGAGGCAAAAACAACCGACACTCCACAGTCATGGAAAATGTGTCCAACCTCCTGCTCACGCAGTTTCACATCCACCGGAACGGCAATGGCACCCATGCAGACAATGCCGAAATAGATCTCGAACCATTCCGGAGAATTCGTGAGGTAAAGTGCCACGCGATCACCCGGTTTCACACCAACCGTCGCGCAGATTTCGGAAACCTGACGGACACGCGCATGGAGCTCCCGGTAGGTGTACGTGCACCAAACACCTTTGCGTTTAAACCGAAGCGCCGTACGCCCGCCGCTCTCTTTCAGTGCCCGATTCAGGACGTCTTTTATAGTATTAGACATTATTACATTTTAACGTGAAGAGGAAATTTGAAAAGAATTTTGCCGGAAAAGACAATCGCACAAAAAAAAGCCGCCCCGAGACCGGAGCGGCTTTTGAATCAAGGTTTCGTCAGCAATTAGACGATCACTTTGATCAGGTCGAGCACTTTGTTGGAGTAACCCCACTCGTTGTCGTACCAGGAAACAACTTTCACGAAGGTACCGTCGAGCTGGATTCCAGCGCCTGCGTCGAAGACGGAGGTGCAGACTTCGTCGCGGAAGTCAGTCGCTACGAGCGGCTCATCGGTGTAACCGAGAACGCCGGCGAGTTCGCCTTCGGAAGCCGCTTTCATTGCAGCGCAGATGTCTTCGTAGGTGGTTTCTGTTTTCAGGGTGACGGTCAGGTCAACAACAGAAACGTCGGAGGTCGGTACGCGGAAGGCCATACCGGTCAGTTTGCCGTTGAGTTCCGGAATCACTTTACCAACCGCTTTAGCAGCACCGGTGGAGGACGGGATGATGTTCTCGAGGATACCGCGGCCGCCGCGCCAGTCTTTCATGGAAGGACCGTCAACGGTTTTCTGAGTAGCGGTAGCAGCGTGAACGGTGGTCATCAGACCTTTTTCGATGCCGAATTTGTCGTTGAGGACTTTGGCGATCGGAGCCAGGCAGTTGGTGGTGCAGGATGCGTTGGACACGATGTCCTGGCCAGCGTAGCTGTCGGTGTTCACACCGCAGACGAACATCGGAGTCGCGTCTTTGGACGGAGCGGAAAGAACCACTTTCTTTGCACCGGCTTCGATGTGTTTGCGAGCGGTTTCGTCGGTCAGGAAGAATCCGGTGGACTCAACAACCACTTCAGCGCCGATGTCAGCCCATTTCAGGTTGGCCGGGTCGCGCTCAGCAGTGATGCGGATTTCTTTACCGTTAACAACGAGTGCACCTTCTTTGACTTCAACCGTGCCGCCGAAACGACCGTGTACGGAGTCGTATTTGAGCATGTATGCGAGGTAATCGACGTCGAGCAGGTCGTTAATACCAACAACTTCGATGTCTTCGCGGGTTGCAGCCGCGCGGAAAACCATGCGGCCGATACGGCCAAAACCGTTAATACCAATCTTTGTAGCCATTCTTCTCTCCCTTATAGTTAGCCCCGACTGAGGGCTGTTTGCTTAGTAAAATTCCGCGAACCCTACCGAAACCCCCTCACCCCGTCAATCCATTGCGAGGCGAAACTTGACAGCCCCCGCGCCAGCCCCGAGACTGTCAGGAAATGGGATATTGGAATTCCGAATGGTATGGATTATTGAACACATTCTGCCCTGAAGCGTCTGACTGGCATTCGGATTCCCGGTCACTCGCAGGCCGATTCATCCGCTATTTCTGACTTAAAAGGATTTTTATGATTAAACGTTCGTATAACTTAACTCGCGTGATGGGCATTCCGATCCGGATGCACCTGACGCTGGTAATCGTGCTGCTGTTCGTGGCATTCACCCGCGGTCTCCCCGGAATTATGCTCGCCGCCGGCGTATTCGCCAGTATTGCTCTGCATGAGCTCGGTCACTCCTGGGTCGCTATCCGCAAAGGATGCCGTGTACACGAAATTATGCTGCTGCCGATCGGCGGCGTCGCAAAAATGGGCCACATCCCGACACGGCCCATGGATGAGTTTCTGATGGCCGCCGCAGGCCCTTTGACCAGCTTCATTCTGTCCCTCATTTGCGGGCTGCTGATGATGACCGGCATTTTCAGCTACTTCTTTTTTAATCTGGCGGCCATCAACCTGATGCTTTGCCTATTCAACCTGCTGCCATCGTTTCCGATGGACGGAGGCCGGATCTTCCGCGCCTTCATGACACCGCGCATGGGACGGCTCAGAGCCACAGCACTCGCGGCAAAGATCGGACGCTTTATGGCCATTGCATTCGGCATCTTCGGATTGTTCTACGGGCAATTCATGCTGATCCTGATCGCCATTTTCATCTACAACGCGGCGGGTGCGGAATACCGCGCCATCTACGCCCAGCATATGCAGCAGGAATGGTTCACCGTTGAGCCGCAGGCCGACATCCACGTCAGCCCGCCGCCCTATGCGCGCAACGCTCAGCCCGCATGGAAAAAGTGGAAAAACAAAACCAACGAGTTTTTCAACGACCTGTTCAAGAACTGGGAGTAAACCGGCATATGCCGGTTCTGCTGTCAGCGATCCACTAATCCAGATCCATCTCGATGGCATCACCGGAATATTCCGCTTCGGGGGCCGGATAACGGAAAAACCAGTCCCAGATCAGCAGGATCAGCATAATCGCGCCGAATGTAGACAGGGTAATCGTCCAGAACTTTTTACTGAACTCCGGTTTTTTCATCAAATGAAGGAACCGGCGAAAGCCTCTGTTGCTTCGACGCCGGCGATGTGTTTTGGAAACGTCTTTATTCATCACCTCATCGAAGCTTTCGGTTCGACGGCGGCGGCGTTTGCGGGGACTCGGTTTGTCCTGCTGAGCGTTAGCCCAGGGCGAATCCTTCACATTATAGATGTCCGTTGACGGCATGCGCGTTTCCTTAATTAAAGGTCAACCCTACACTAACGAAAGATCAACCAACAATTACAAACCGCCGGCAAAAGTCGCCGCCTCTTCGAACAGAAGATCCCGGCTGCGGGCAATCGACTCCTCGACACTCATCCCCGCCGGTTGAAGCGTCGCCACCCGGTCAATGCCGGCAATGCGCCACTCCGGCTCGGTTAACCGCACACAGCCGGCAATCACACCGGTCCTTGCACCGGCCCGCTTCGCCAGCCGCTGCACACCGTCGACCACTTTACCCTGCACCGACTGCATATCAAGTTTGCCTTCCCCCGTCAGGACCCAGTCCGCGCCTCTCAGCGCATCGGCCAGCCCCAACGTTTCCATCACCGTATCAATGCCGGGAACCAGTTTCCCGTTCATAAACGCCACCGCACCGAAAGCCAGCCCGCCGGCCGCGCCGGCGCCCGGCAGATCTCTCAGAGGAACTCCCGGCTCGGCGCCTCGGACTTCCAGGGTCTGGAAAACCGTCTCCGAAAGTTTCCAAAGTTTTGAATCGAGCATTTTCACCTGCTCCGGCGTGGCCCCCTTCTGAGGTCCATACACATACGCAGCGCCGTTCGGCCCGCACAGTGGATTG
NZ_CP047593.1_gap40	1180143	1181713	1570	TCGTCACTTCGATTTCGTCCTTCTTCAAGGTTTGGAAACCGGTGATCTCGAGATCGGGTTCCGGCCACGGCACCTCTTTCCAGAAGTTCGGGAAGAAGGTATCGCTGCGTTTCTCGTCGCCGCACGCCAATTCGGCAAACAGGAAGCTGTCGGACGCGCCGCTGAACTCCTTCGTTTCGATTTCCGCCAGCACGATCGACGTGTTAGCCGGAATGGAAACATCCAGTTCACGCGCCCATTTCTGTTCGCCGGCGACGGTTTCCTCGCCGAAGAAAATCTGCCCTGAAAATGCACGCAGTGTGTCGTTGCAGGCGACGAGCTGCCAGCCGTTTTCGTCAGGTCGCACTTTCCACCCGATCTGCAGCGGGCGCGCCGCGCGCTTCGCGGCGTAATACGATGCTTTCGGCAGGCCGTACCAGTCGACAACCGACCAGCTGCCGGTCGGCCACGGATCGGAATACATCCAGAACATAGAGCCGCTGTTGACAGGCCGCTTGGTGCGATAGCCGAACATTTCGTCCCACATGGCCTCGGCGTGCATGGACATTCCGTATTTGATGAATTCCGCGTGGTCTTTGGGCTCGCCGAAAAAGGCCTGACAAAGCGCGAGCTGTTTTTCGGCAAAGCTGCGGGTGTCGTGATGATCGTATGGATTGTGCGTGATGCGATAGTTCCAAAGATCATCAATTGGCCAGTAATGTTCCGGCGGCATAAATTTTTCAAAACTCTGCCGGCGGGACGGTCCCTGGATGGCAAACTCGGAGTTAAACGAGGTATCGATGTGGTTGACGCAGTTGCGGTAGTCAAGGAACCCCTTCGAGCCCGGAGCAAAAGTCTCGCCGAGCGCGCTGAGATGGGCGTCTCCAGACTTCGGATGATTGCCGCTGTCCACATACGCGTACGGCGAGCCGCGACGGTATGGACGAAACGGATCGAGCGTCTGCACAATTCCCGGAATCATTTCGTCGAAGAGCGAATCGCCGTAATTCACCATCTTCCGATAGAAATCGCCGGATTTTTCATTGCCGCCTACCCAGTAGACCACAGAGGTGTGTGTGCGCAGGCGCTTCACCTGAACTTCAATTTCTGCGCGCACGTTTTCGACAAACCAGTCGTGATTATCCGGCACATCGCCGCAGGCAAACATGAAATCCTGCCAGACCATCAAACCGAGTTCGTCACAGAGGTCATAGAACCGATCCTTTTCATAAATCCCGCCGCCCCACACACGCAGCATGTTGAAGTTTGCCTCTTTGGCCAACGTCAGCATGTGATCGTATTTTTCATTGGGGATGGCGCCGGTGAAGCTGTCGAGCGGAACCCAGTTGGCTCCTTTACAGAAGCAGTGCTGGCCGTTGACAATAAACGCGAAACCCATTTTGTCGGGACCGAGCGGTTTTTCTTCAAGCTGCACTTCGCGGATTCCAAACCGGCCGCATTTTGTATCGATTACCGAACCCTCTTTGAGAAGACTGAGCTCATAGCTGTACAGCGGCTGTCCGCCCATACCGTTCGGCCACCAAAGCTGCGGGCTTTCAATAAAGAGGTTTCGGAAGTTTTTGATACCGGA
NZ_CP047593.1_gap41	1183745	1184964	1219	TGCGCATCCATTGCGCGAATGCCTTCTGCCGCCAACCGGTCAATGTTCGGAGTTTTAATCCATTTGGATCCGTAGCAGCCGACATCGCCGAGGCCCAAATCATCCGCAATAATCAACAGGACATTCGGCCGCCCGGCATCCGCCTGCACACAGGCGGCCGCAGCGGCGGCCAGCAGAAGTGCGTTCCATTTATTCTTCATATGAAATCCCCCTGTTCAATTCTTTCTGAAGTTCGTGAATTCGTTTTTCTGAAAGCGGATAAAAGCAAACGAGCAATGCAGCCAAACCGACAAAGCCCATCGGGACAAACATGTAGAGCAGACGCATGGTGGTAATGACCGATTCGGGCTGCACCTCGATCTCGGCGTTGTAGCCGGACCAGTTGAGCATGTAGCCGCTCAGAACCATGGTGAGCGCTATGCCGGCTTTGCAGGCCCAGCTGTAGGAAGCACCGAACATCCCTTCGCGACGGCGGCCGGTTTTCTTTTCGTCAAGGTCACAGATGTCGGCCAGCATGGAAGAGGCAATAGTCCACATACAGGAAAGCCCGGGCGCGGCAAGCGCGAGCGTGATCAACTGAAGGTACGGGTTTTCCGGCGTGTAAAACCACCAGCTGGTTCCATAGGCAACGACCACCATCAGCAGGCCGCCGATCAGTGTTGGTTTTTTGCCAATGCGCGTGGCGACAGCCGCGATCAGCGGAACCAGCGCCAATCCGGCGCCCTGAAACGCGAAGTTGGCAACCATGTTGAGTTTGGCCACGCCCTCTTTATCACCGCCGAAGACATAACAGGTGTTGATGTAGAGTGAAAAACTGTTGACCATGAAAATGCCCAGCATGACGCAGACAGTCACGGCGATCAGCAGCAGAAAAACCCGGTTCGAAAACGTTGCGCGAATGGCAGGCCAGAAAGCGATTTTCGGCTGCGCCTGCACCTGAAGTTTTTCGCGGCAGAACAATGCAGGGAAAAGTGCACAGGCAACGATGAGCCCGCCGAAGACCCAACCGACAATCCGCACGCCGACCACGTCGTTTCCCCCGCCCCATTTCTGCGAGAGATACCACATGGCACCGAGACCGAGGCCGCCGACGGCCTGGAACACCGTACGGTAGGCCTGCACCCGCGTACGCTCGTTGTAGTCCGAAGTCAGTTCCAGCCCCAGTGCGCTCCACGGCACGGCAAAGATCGTGTAGGCGGTGTAGTACAGAAAGGTCATG
NZ_CP047593.1_gap42	1186738	1190169	3431	ATGTTCGGCACTCCGGCCCGTGCCTGCCCGCGGGCGTTGGACGGATAGAACAGCGATCCTGCGCCGAGCGCAGCGGACCCCGTCCCAAGAAAAGAGCGGCGGCTCATTTCAAACTGTTGCTTATCAGACATTACAACGCCTCCCTTTCCAGCCTCGGCTGCGGGTTGTAGACCAGCGCGGACAGCGCATAGCGGGCAATCAGCACACGCCCGGAATCATCGCTCCAGTAAAAGACCGGTGTAATTCCGGGGCCTTTCTGAACATAGCCATGCAACGTAATTTCGCGCCCGCCGAAAGATGCCTGGAATGTTTCCAGGAAACGGATGCTGTGTCCGTCAGCAAAGGATTCCATTTGAGGAAAATAGCCAAAGGTAAATTCCTTATCCTTCGGGAATGACTGTATCGCGGCAATCAGTGCCCAGTTACTGACAACCGGCAACCCGGAGACCGTTTCCCGGTATGTGTACCAGTTCCCGGCCGCGTCCTTTTTTTCAATCCGCCCGTCGCGCAACCGACCGGTTTCGTTCATTTCGGCATAGGGGCGCGTCAGTGGATCGAGCTGGTTCCTAAGACAAAGGTGAAGCGTCCATTCCCGGTCCGGGTCCAAGGAGCAAAGCGCATCGCGACGACACTCGGTTTCGACCAGGAGATGCTGCCGCTCCCGCTTATAATTCTGCTCCAACTGCCGGATTCCGCTAACGGCAAGCCGGACTCGGTCTTTTTCCACTCCGACCTTCATCCGCAGACTGCCGTAGTAAACCTGATCATCTTTCGTGAAATTCTGCTGTCCCGTATAGACTACGTCGAAAGACGTCTCCCAGTCGGAAGAAGGAGCAAACGTTTCCTGAGGAAGCGTGCTGTTCACAGAAGAAAATCCTTCCTGAAAAACCTTCCCGCTCAGAATCGAACTGTCGCCGAATGACCAGTGAAATTTATTTTTCATTGCCCCCTCCGGACAGGACCATTATCGCGAATCTCATAAATCCTTTCGGCTTCCGGCATAAAGGCCGCTGCGGCAAGGCATCCGCTGCCGCGACGCAGAAAACCAGAATCAGACTGGATCCAATACCTCTCACGATCAGTCCTTTTCTTTCTGAAGCCGTTGATTTGCTTCCTGTAGAGCATCCAGCATCCAGGCGCGGTGGTTGTCTTCCATGATGTTCCACGGCGTCTGGTCTACATGCTCAAAATCAAAGTTCCAAAGTGCGGAAAGCGGCACCTTGTTTTCCACAAACAGATTCAGAATGAATTCAAACTGACGACGCTCTTGGTCTGGAGTTTTCTTTTTTCCGGACGGCCCGAATTCGCCGATCCAAAGCGGTTTGTCTGCACGACGCGATATTTCCATCATGAACGGCAGCTGCTGCTCCGGGCCGTATTCCATGAAGCCGCCGTCATGATTTTCTTCGTCCAGTGAGAAATAATAGAAATGGGCGGAGAGCGCATCCATGGCGGCGTTGTCCTGAAGAAAGATTTCCTCCCACTCCGCCTTTGTGTCGATTCCCCAAGCGCCGTCATGGAAATTATGATACGCAGTCGGGCGCGGCATGGTGTCGCCGGACAGAACCGGACGGTGCAGATCGATTGCATGAACCGTATCGGCAAATGCCTGATAGGCGACATAAATATTCTTCCGGAACATTTTATCACGCGCCGTGCGCTCAGAGGGAGTTCCAAAGTCCGGAACAATCCATCCGCGCCCGAGTTCCGGCGGCGGAAGGTCGGCCTCGTGAATGAATTCGTTGCCGAATTCCCACGCCCAGATCGCCGGGGAGTCCTTGTAGCGCGAAACCACTTCGGTGGTATATTGCCGCATAAAAGCGATAGTCTGACTATCGAGGTTTCCCCATTGATCAATCGGCTCTCCGACGAGATCCGGCACCGTTGGGAAAAACCAGAACAGCGACGGAATCAACCCGATTCCGGCAGCCTCGGCATCGGCCACCAGCCGGTCGAATGCCTCGAAATAAGCCGTGCGGTTTTCCTGATAGCTTTTCCACTCGTTTGGAAAAAATCCGCCGACGGCAAAACGCACAAAGGCAATGTCATGCTCGCGCAGCGTTGCGAAGCCCTGCCGGTATGAATCATCATTCAGATTCGGCGTTCCGCCCTCCAGACCGAGTTTCCGAATGAATGCCGTAAAGTAATTGACCCCGATTCCGTGGAAGGGTTTCCCGTCTTTCAGGAACTCGCCGTCTTTCACGGTCAGGCCCGGTGGAGTTGAAGCACATCCCGCACATACAGTAAGCATCAGCACAAAAAACCATCTTTTCATTTCCATTCTCCAACTGCATACCGGTCGTTCAGTTTCCGGACTGCCTCGAGCATATAGACCCGTTCATGGTCGGGCAAGATGTCCCAATCCGGCTGGTAGCGGCCAGAAGGAATGAAATTCCAAATGGCGGACAGAGAAATACAGTTGTCTTCGACCGCCTGCATCATGCGGAAGAAAATTTCACGCGAATAGTCGTCGGATCCCGGCATACCAAGCTCACCGCACCAGACCACGCGGTTGTTTCTGCGACATTCCTGAACCGCGGCAGCAACCACCTCACCAAGCGGCGGTTTCTCGCCTTTGAAATATGACCCATCGGCCTCTTCATACAGATGAAATGAAGCCACCTCGAAGCAGTCGGGCGTATCTGAGGCAAACTGCTCCAGCCACTGGGCGCGGGAATCATGCCCCCAGCAATCCTGATTGCTATTGTGCCACGCAGCAGACCGGGCGATGGAATCACCGGTTACGATAATGCGCTCCGGATCGATCGATCGCACGGTCCGATAAAAATCTTCATAAAGATCGAGCAGCATCGGGCGCGTCAGCTTGTCCGCCGCAGTACGCGGCGTCTTTGTTCCCTTTTTCGGAGGTGGCAGATGATCCAGCTTCGGCAGGTCGGCAAAGAGCATGTATTCATTGCCGAATTCCCATCCGAAAACCGCCGGGGAATCCTTGTAACGCGTCACGATGTCTGTGGCATATCGACGAATAAACCCACGCGACCGACTGTCGGCATCGCCCAATGCACTGAGCGGTTCATTCATGTAATCCGGAACAGCCACAACCGACCAGAACAGCGATGGAATCAGTCCCAGCTCCCGCTTTTCCGCTTCGTGAACAATCAAATCCAGCCGGGCAAAATAATCGGAGGGACTCTGATCATAGAGCTTCCAGCCCTGATCATGAAACGGTCCGGCCATAAAACGGATAAAAGGGACCCGGTACTTTTTACGAAGAATCACAAATCCTTTTTCGTAGTCACGATTCTTTGGATTGCTAAGCAATTGACTGAAACAATTGTGATAGTTGACACCCATTGCACGATACGGCGTTCCGTTCCGCATCAGCTGTCCTCCAGATACAGTCAACCCGGCAGACCAGCCAACAGACAAGCCGCAGCAACACAGAAACGGAATAAGGCATATTTTCTTCA
NZ_CP047593.1_gap43	1209541	1210719	1178	GACGTAGGCGTTGCGCGGATCCATTTCGCCGCCGAGCAGTGACTGCATTTCCAAGGTTTGGAAAAGTTTTTCACCTTCGGCCAGCATGGTTTCAATATCCGCTTCCGCGGCCTGCTGGCCGGCTTCATCTTCGGCCTCGGCGAGTTCGTACAGAACCTCGGCATCGTCCACCAGAGTTTCGAATTCGGAATAGGGATCGAGAACAGTCTTGAGCGTCTTGGTGGTGGCGATGTTCTCGTTGGCGGCGGTCTGGTTATTCCAGAAGCCGGGCGCGGCGGCCTGCTCTTCGAGCGCTGTGAGGGCGGCGCGTTTTTCAACGATTCCGAGATAGCCTTTCATTTCGGTCAGGCGTTCACGAAGGACGACAATGTGGGGTTTCAGTTCTTCAAGCATGAGAAATCTTTCGGGATTTAAAGCGGAGAGAAATAAATAGCGCACCGGACGCGAGCAGGCAAGCCTGCGCAAAGCGGTCGCCGTGAAGGGTGTAGAAGGTCGGGGGCATTCCGACGTCAGCCGGACGCAGTGATGCGACCTGAAATCCCTGCGTGCGCGGTTCGAGAGTTTTATGAATCCGGCCCTTGGAGTCGATCGCACAGGTGACGCCGGTATTGGTGCAGCGAAACATCGGCAGGCGGGTTTCGACGCTACGGAACACGGCATGGGCCAAATGCTGAACAGAACCGCAGTCGGGATCAAACCAGGAATCGTTGGTCTGGTTGATCAGCCAGGAGGCTCCCTGCCGGGCGGCGCGGCGGGAGAGGTACGGCAGTGTGTCTTCGAAACAAATCAGAACCGAGAAGGCATACGGATTGCCGGGCAGGTTGAAAAGCGTCGTTTCTTTGCCGGGCGAGAAACTGGATTCGATCGGAGTCAGCGCATTGATGAAAGCGATTTTTTCTTCGAACGGGATATATTCACCGAAAAGAACAAGGTGCTGTTTGCTGTAGATGTCGAGCAGCTCTCCACGGTTGTTGAACAGCAGGGAGGAATTGTAGAACGCCTGATCGCCGTTTTCGAGCCATTCCATATCCATGCTTCCAGCGAGAAGCGGCACGCCTTCGGCGGTGAAGCGCTGGACCATTTCGGCGGAACGCTGACTATAGCGAACAAAATCGGGCAGCGCTGTTTCCGGCCAAATGACCAAATCCAGCTCAGGCGTGCGAACTGCCAGATCGGTC
NZ_CP047593.1_gap44	1211828	1212936	1108	AGCACCCGCAGTGTCTTCAGGAAAATGATTTCGTGCCGGGCGGCCTCGGGAAGACGAATCTGACCAAGATCGAGGATCCAGGTCGCCTGCCTGCCGACGGTTGCAAGCCGGAACGGCCGCAGCACGCGAGAGCTGAACAGAGCGTAGAGTTCGGGAAACGGATACTCTGCCGAAAGCACATCCACCCACAAATCGGTATGCGGGCGATGCACATGGTCATGCTGTAAGATGCGGATCGCAGCATCCCGATCCCCTGTTGCGCAGAATGATCGGGCCATCAGCAGAGAAAGCGCTGAATCAGACATGTGGGAATGCTGTTCGCAGAATGCAGCGAGGCTTTGTGAAATTTCGGCAGCTCCCCGGTGCTCCTGAAGCTCCAGCGTTTCGAAAAGGCGCTGAAGATGTCCCGCCCACAGAAGGCGGGAAGACCGGGACCAGGCTGCCTGCTGATCGATCATTCGCGGCCAATCAACCTTTCGGCTTCGTTCATGAACTGGCTAACGTCCTTAAAGCGGCGATACACAGAGGCAAAACGAACGTAGGCAACTTCGTCGAGTTTTTCGAGCATACTCATGACCTTCGCTCCAATTGCTGTGGAAGGAATTTCGCGCTCATATTCTGATTCGGCTTCGCTGATGACCGTTCCGACCATCTGTTCGATCTGCTGGACACTGATCGGACGTTTCTGGCAGGCAATCACCAGACTCTGCATCAGCTTCTCGCGAACAAAAACCTCGCGGCGGCCATCGCGTTTAATCACCTGCAACGCAGCGCGCATAACCTCTTCGTACGTGGTAAAGCGATGCCCGCAGTTCAGGCAGAGACGACGCCGGCGAATGGCTGCGCCTTCGCGCACCTCACGACTGTCGATTACTTTATTTTCCCGATGCTCGCATTTTGGACATTTCATAGACAGCGACTCTCCGCTTATTTAAATGCCGGAGAATAGCCCGCCACCAGAGGAAAAGAAAATCAAAAACAGCGAAAGCATAAAAAAAACAGCCCCGGAAATCCGGGGCTGGCCATCAAAGCAATCCATTCGGATTATTTCTTTTTAGCGGCTTTTTTCTTAGCAACCTTTTTCTTGGCCGGAGCCTTTTTAGCCGCT
NZ_CP047593.1_gap45	1225004	1229442	4438	GGGTGCCACTCCTTTTCGAACCGCACCGCGTCCACCCTGAAGTTGAAGATAATCACCGCATCGTCTTCGAAAAATTTCGGATCTTCATCGATCGTCCCGATTATTTCCTGAGAGGAAGAGCAGACCTCAGCGGCTGGAAGCACCGTCTTCGCAGGAACCTGAATCGATTCAACGGCGCTATATGCAGCAGACAGCAGCAAAACAGCGACATAAACTCCACAGCTCCTCCGAAATGTGTGCCCCCCGGACAGCAAAGACAGAGCACAGGCAGACAGCCCCAGCAGAAGAAGTGCCGACAGGTTGAATTGCTGCTGAAGATACAGCCCCAGCACCATCGACAGCGCCAGACCAACCAGTGGCCGGCGAACCTGTGGGCAGATCCTCATAAAAATGGCAGTTATCAGTTTCTGGGCTTCAGCACTTCCAAATCCGTTTTAGAAGGAAGTTTCAAGTCCGGAGCAAGCGGGGTTTCCTGACGAACTTCACGCCGGCGAATTTCTTCGATCGCCTGGCGGGTTTTTTCTCCGGCAACCTGGTCGGCAAACGAACGAAACTCAATGGTTTCCCGGACCGGGTCAAAGCCTGGATCACTCAACCATGGAATCACTTCAGATTCCCCATACAGGCTGACAGCCTGTCCAAGAAAAATAACGGCTTTCCCCGCTTCATTCTGATGGGAATAGTTCCGGGCCAGAGCATAATACCGCTTCGATTGGGGATCCAGTTTCCCCAGTTTCATATAATACGGGAGAGCCTTCTCCCACTCACCGCGCCACTCATAAATTGTGCCGGCCCCCTCCAATGCCAGCAAGTGATTCGGATCACGTTTCAAGATCCGGTCATACAGTTGCAGTGCTGTATCAGAGTCGCCTTTCGCGGCATAGTCATATGCAGCCACTTCCATTACGTGCAGGTTTTCCGGATCGTCCTTAAGCATCCGCTCGGCCAAAAGGAGACTCGCTTCTGATCGGTCGGTTTTATGTAAAGCCGTCAGCAGATAGTCTTTGACCTGCCGATTGCCACCGTCCTGACCCAACAGCCGGATACACAAAGGAACGGCCTCTTCATACTTTTCAAGCTGCATATACAGCTGAAGAAGCAGGCTCTGTGCTGCCAGACTCTCCGGCGCAAAACGAAGTGCCTCCTGAAGGCGGACCACCGCCTGCTCATTCAGATCCCGCTGTTCAAGGCTTTCAGCAGAGCGCAAAAGGATACCTGCCTGCTCAAGGCTGTCCAGGCGCACCTTCAAAAACTCAGCATCGCCGGAATCAACAGGCCCATCAGATAATGTTCCTTCAGCCAGAGGCCCTCTTTCCATGACTCCGGAGTTCACCTCCCAGCGCTCCAGATCCTTTCCCGTTGGACCTTCAAATTGTCCCACGATCAGCTTCAGAGCCACATATCCGATAATCAGAAGCACCGGAATCAAAAAGATTTTCAGCGCGAGCATGGCCATTTGGGCCTGGCTCGCTCGATTGCTGTTTTCCCGACGACGGGCGGGAGAATGCCGGGACGTGCGATTCACCTGCTGCCGGGATGCCCCGGAATACTCATCCAGCGGAGCTTCAGAATCAGGCCGTTCATAAAAGCCGTGTCCAGAGTCCACCGATGAAGGTTTTCCGGCCCCAACCGGACGGGGCTTTTTCTCTTTTTTACCGAAATTTTTCATATCGTAACGGAGGTTGATGCAACAACAAAATCTGTTGCAGTATCAAGCCGGCAGCGTAAAGTGTCAAGCGCGGCACGTCGCCGGAAACAGTCCTTATTGGAGATATTTTATGGAGTTTTTTGTCTTGATCGTCCTTCTGGTTGTGACGGTCTTAATTCTGGTCCAGCTTGGAATCGCGCTGCATGCCAATGCGCAGCAGAGCACCCGCCTCGAAATGCTGACGCGCAGCCTCGAGTCCCTTACCGAACAAGCAGATGCCCGCGCCCGCAAAAGTGAAGAAACCGTTGCAAAACTCGTCGACGCCAACAATCAGCGCCTCGAGCAGATCGGTGAAAAGGTGGAGCAGCGGCTCGATCGTGGATTTGAAAAAACCAGCAAGGTTTTTGAGGATGTGCTGAAACGACTGGTTGAAATTGATAAAGCGCAGGAAAAAATTGCAGAGCTGTCCGGAAATGTTGTCAGCCTGCAGGAAGTTCTGTCAGACAAACGGTCCCGCGGCGCATTCGGAGAAGTGCAGCTGACCGGACTGATTTCCAATATGATGCCCGAAAACAGCTATTCCCTGCAGCACACTTTCAATAATGGAGTACGGGCAGACTGCGTGCTGTTCCTGCCGGAGCCGACCGGAACGCTTTGCATCGACTCGAAATTTCCACTCGAAAGCTATCAGCGCATGACCGACCTTTCGGCCGGCGATGCCGACCGCGCCACGGCAGAAAGGCAGTTTCGGCAGGATATCAAAAAACACATCAAAGATATCTCAGCCAAATATATTATCCCGGGGGAAACCTCGGAGGGAGCCGTCATGTTCATTCCGGCAGAAGCGGTCTTTTCTGAAATTCACAGTCGCTATCCGGATCTCGTGGAGGAGGCCCAGCGCGCACGTGTCTGGCTGACCTCTCCCACCACAATGATGGCCGTTCTGACAACTGCGCGCGCCGTCCTGAAAGATGCTGCAACCCGCAAGCAGGTTCACATTATCCAGAAACATCTGACCATACTGGCTCAGGACTTCGGCCGATTCCAAACCCGAATGGACAAGCTGGCCAATCATATCGGGATGGCTCATAAAGATGTCGGAGATGTCCAGACATCGGCCCGGAAAATCACCAGCCGCTTTGAAAAAATCGAAAAAGCGGATTTGGCTCAGCCCGCCGATAAACTGGAATAGCCAACACTACTCTTCCAGCTCACCAAACACCACGATCCGATGTAACCGCTGTTTAAAGCCGTGTTTTTTGCAGATCCGGTCAATCTCTGCGGAAATCTCAGGACTGGCAAATTCAATAAACCGGCCGGTTTTCTCACAGATCAGGTGATGATGCCGGCCGTGTCCGTAAATGTGCTCATAGTGAGCATGCACATCCTGGTCACGAATTTTCTGAACCAGTCCAGCCTCGGTCATGAGGTCCAGCGTCCGATACACCGTTCCACGACTGACATGATTCGGTCCGGAAGCCAGCTCCCCCGCCAGGTCATCGGCCCGGAAATGATCATGCCGAGCAAACACATGCTCAAACACAATCCGGCGGGCCTGCGTAATTCGAGAATCTTTGGCCTTCAGAAAACTCACAAAATCAGGCCACGCCTCTTCCACAGACCGGTCCTCATTCAAATGCTTTTTTGAAACACCCTCATCTATACTCATGATCTCACCCGCCGTTCTTTAGACTTAATCCTTATATATATATGTATCACACCGCCTTTTAGGAATGAAACTAAAAATGAAGATGGTATCTTCCCCCTGTTTTGTGAATGGCGGAAGTGTACTGCACCCCGCCCTGTTAACTATTAAGGAGAAGTATCATGGCCTATCAGATTTCAGATGAGTGCACCATGTGCGGCGCCTGCGAAAGCGCCTGCCCGATGGAAGCAATCAGCGCCGGCGACGGCAAATATGTAATCGACGCTAACACCTGCACAGATTGCGGCGCTTGCGAAGCAACCTGCCCGGTTGGCGCCATTTCTGCTGCGTAACCTGTCCATTCAGGTGTACGACAAAGCTCCGGCGGATTTCCGCTGGAGCTTTTTTATTATCCATGCGGAATAAACCGGAATACCGCTAAAGCCGTCGCAATACCGGTCAACATGCCGAAAAAAACTTCCAGCCGCGTATGTCCCAGCAGCTCTTTGAGCTTGGTTTCCGACAAATGATGCTCCTGGAAAAGCTCGTCCACAATCTGATTGAGCAGCCGCGCCTGCTTTCCGGCAGCCGCCCGCACCGTCTGCGCGTCAAACATCACCACCGATGCAAACACCACACTGATGGCAAACAACGGCGAATTAAACCCGTCTGTCAGCACGATCGCCGTCGTCAATGCACTCACCAGAGAAGAATGAGCACTCGGCATCCCGCCGGTACTTGCCAAATAGCGGAAATCCAGCCGCCGGCTCTGTATCAGACAGATCAGCATTTTGGTCAACTGCGCCACCAGCCAACCGGCAAGGCCCGCCCAGAATGAAATATGTAAAACTTCCATGAATTCCTTTGTCCGGTTTCTCTTGAAACAGGATGGCTTAATAAAGAGTATATCGCCAGCCGGCGCAACCTTATTTCACAAAACAGAGAGCCGGGAAAGAGAACAGCTCATGACCGAAACCGTGTTCACTGAAATCAGCGCCGTGGTGGTAATTTCTGCCGTTCTGTCCTGCCTGGCCCTGCTGTTTCGCCAGCCGATCATCGTCGCCTACCTGATCGGCGGCCTGCTGATCGGCAGCAGCGGACTGGGATGGATTCAGAACACGGCCTTTATTGAGGAGATCTCCCGG
NZ_CP047593.1_gap46	1230606	1234184	3578	CTGGTCACGGCCATGCCCAAGGCGGGCGGCGACTATTTCTTTGTCACCCGCGGACTCGGCCCCGGCGTCGGCACGATCGCCGGTCTGCTCACCTGGTTTTCCCTCTCCCTGAAGAGCGCCTTTGCCATTGTCGGCATGAGCGCGCTCATCACCGCCTTTCTGCCGGTCAACCGCCATCTGGCGGGCCTGCTCTGCTGCCTGCTGTTCACCGTCCTGAACCTGTTCGGCTCCAAACACGCCGCCCGAACCCAGCTGCTGCTCGTCGCCGGCCTGCTCGCGCTCATGCTCTACTACATCATCCGGGGTGCCCCGCACGTCGCGGTGGAAAACCTGGTCCCCTTCGTCCCGCACGGCGCCGAATCGGTTCTGTTCACCGCCGCGTTTGTCTTCGTCGCCTACGGCGGCATCATCCAGATTTCAAGCATCGCCGAAGATGTCGCCAAGCCGGGCAAAACCATCCCGCAGGGCATGATTCTGGCACTGGTCACCACCACGCTCTTCTACACCCTGATGGTCTGGGTCACCAGCGGTGTGCTCGCGGCCGACAAACTGGACCACTCCCTCACGCCGATCGCCGACGGGGCCGCGGTCTTTATGGGCCCCACGGGCCGGTTCCTGGTTGGCACCGCCGCCCTGCTCGCCTTCATGTCGACCGCCAACGCCGGCATTCTGGCCGCATCCCGCTACCTGCTCGCGCTGGGCCGCGACGAGCTCGCCCCCTCATTTCTCAGCCGCCTCCACCGGCGGTTTAAAACCCCGCACATCGCCATCCTCATCACCTCGGCCTTCATCGCCGTCGCCCTCTTCCTCAAGCTGGACATCCTCGTCGAGGCCGCCTCGCTGGTGCTCATCCTCGGCTTCATCCTCTCGGGCATCTGCGTTATCGTCCTGCGCGAAAGCCACCTCCAGAACTACCGGCCGGCCTTCCGCGCGCCGCTCTATCCCTTCCTGCAGATCATCGGCATCCTCTCCGGCCTGCTGCTGGTGTTTGAAATGGGCGTGATGGCCTTTGTCATCTTCAGCCTGCTCGCCGTCACCGGCTTCACCATCTACCGCTGCTACGGCCGCCACCGCGCCCGGCGCGAATCGGCCCTCTCCCACCTGACCGCCCGCCTGACCGCCCGCGAACTGCTCACCGGCGACCTCGAAGAGGAGCTCAAGCAGGTGCTCCGCGAGCGGGATGAAATCGAGCTCGACCGCCTCGACCACCTGATCACCGAATCCATCATTCTCGACCTGGAACAGGCCGCATCGAGCGAAGAGCTCTTTCAGCTGGTTTCAGAAGTCGCGGCCGAGCGGGCCGGCCTGCCGAGCGAAGAGTTGGATCACAAACTGATTGAGCGGGAGCAGATGGCCAGCACCGTCCTCAGCCCGGACATCGCCGTACCGCACCTCGTCCTGCCCGGAGACCACCGCTTTGAAATCATCCCGATCCGCATCCGCGAGGGAGTGGCCTTCTCCGAGGAAGCCCCCGCCGTCAAAGCGGTCTTCGTCCTCATGGGCACGCTGGATGAGCGCACCTTCCATCTGCGGGCGCTGGCAGGCATCGCCCAGATTGTGCAGGAGCCGGACTTTATCGAGCGATGGACCGCCGCCCGCAACGAGTCGGCTCTGCGCGACCTGCTCCTGCTGGCCAGCCGCCACCGTCAGTGAGTCCGGGGCGGAACATCGGAAAGAACTCCATTGAACCGTGCGATCAGCGCCTCCTGATACGCCCCGGCAAATGTTCCGTTGAGGATCCGCGCCAGGCCTTCGGATCGCAGCTCCGCCCAGCTTCTTACTTCATCGCCGGGAATGATCGGATAAAACAGACAGCCCGCCGCGCGGGCCGCGTCCAGGTCGCCCGTCGCGTCGCCAACCATCACCGCCTGCTCAGGGCCATACCGCCCTTTCATCACGGTTTCGAGCGACTCTTTTTTCGACCCGAGCTCCGCGCCGGCAATCACATCCACAAAACCGGTCAGCCCGGCGTGGTTCCACTCGCGGACCAGCGCGTCTTCGGTCGTTTGCGACACCACAATCAGATCTGCTGCCGTATGCAGCTTTTTCAAACCTTGGAAAACCCCGTCGAACACGGGAAACACAGCCACTTCCGCAATCCGGCGGCTCATCTCGCGACTCCATTCCAGAACGGCCTGAAGCTCCGTCGCCCCGGTTTTCTCAATCCATTTTTCCAGCTCCTGCATACTCAGCGTCGCACCGGAATCGATAAACACCTCCAGAGACTCTGTCGGCAGGGGTTTTCCAATGTTTGGAAGAAATTCATCCAATGTTTGGAAAATTTTCAGGATCAGCTGGAACCGGTTCAGTCCGCGCCAGGGAGAGTATAGGCCAACCCACTCACAGAGTTTTCTGGCCTCGTCTGCGGCAGCTTCCATCCCCCAGAATTCAATGATTCCCGTGTGAAAAATCCCCTGCTTGACCGTCATGCTGTCAAACACGCATCCATCCGAGTCAATCGCCAGCAAAATGTCATGTTTTGCCGCCAAATGTACTAAATCCTTTTTACTCCAGACATCTTTCATAAAGCGCAGGCTACGTGTTTACCGTACACCTGTCGAGAAGCTTGCAGACCCGCAGACAAGTTGCTAATTTCCGCTGAATCATGTCGACGTTCTTAATAACCCTTAAAGGAATATGCCATTTTCTGCCGCCCCAGATCCGCGCAAATACATGGCTGCAGAAAACGGGCACCCGCCTGCTGCTTCAGTGCGGAGCGCTGGATGCCGTTTATTCTGCCCGCTACTACCAAACGATGGTCGAGCCGTATTCCCGCCGAAGCGTTGGCCCGATTGCCCGATCCATTGAAAATTCATTTCATCCCCAATCTGTCATTGATGTTGGCTGCGGATCCGGCGCACTGCTCGTGGCGCTGCGAAAACTCGGCATCAGAAACAGCCTTGGGCTCGACTGCTCAGAAGCCGCACTCGATATCGCCCGCGCCCGCGGACTCGACACGCGCAAATTCGACATTGCCACCGACCAGTTCCTCTATTCCGCGTTCTACGATGTCGCCATCAGCATGGAAACGGCCGAGCATCTGCCGGAGAATTCGGTCGACAACTACATCTCCCTGCTCTGCAGTCTGGCTCCCCTTATCGTTTTCACCGCCGCCAGGCCCGGCCAGAACGGAATTGGCCACCTCAACGAACAATCGCCGGAATACTGGATTGAGAAATTTAAATCACACAATCTGCAGTTAGACGAAACGCTGGTCTCCCGATGGCAGACCGACTGGAAAGCCGCCGGCGTTTCCGATTTTTATACCCGCAACCTCATGATCTTCCGGCGCTGAACTGCTTTAACTTTCCTCCGTACGCAGACGCGGATCGAGGGCGTCGCGCAGGGCGTCGCCGAGCAGGTTGAAAGCGAGAACGAGCAGAAAGATTGCCAGTGTCACAAAGGTCATTTCCCACCAGACGCCCTGCCAGAGTCGCTGGCGCGCGTTGTTGATCATCAACCCCCACGACGGTTCGTTCTGCACACCGATTCCGAGAAAGCTCATAAACACTTCCGTACTGACGGCCGCCGGAAAGCGCAGCGTAAAGGTGACGATGATGACGTGGAAAACGTTGGGC
NZ_CP047593.1_gap47	1427243	1430856	3613	TCATCGCTGCTGTCTACGGTCAGCTCGAGATCGCCATCATCGATGAGAACCTGGCTTCCGGCCTTTATTTCCGGGATAAAGTGTTCGTAGTTCACCTGAAAACTGTTCGGCAGTTCGGACGACTGCGCTGTGACGAATACGCGGTCTCCGGTTTTTACAGCAATCGGCTCCGCGATATTGCAGGTGCGCACTTCGGGGCCCTTGGTGTCGATCAGGATGCCGATTCGGTCAGACACCGCGCGTATTTCCTTCACCATCAGGTCCGCCTCCTCTGTGGTCAGGTGCGCGGTGTTGAGCCGCACAACATTCATGCCTTCGTCGTAGAGCTCCTTCAGGAGCTCCGGCGTGCATCGGTCGGGAGAGAGGGTGCAGATAATTTTGGTCTGTTTGCTGTACATAAAAATTTCTCCGGTAAAAGTCGCGGAGGGTTTTAGCAGATTCTGGAGTTGGGGGTAGCTTTTTATCCCGTAAATATCCCCGGCGGTCCGTTCAAAGAGGAATTGTGATGGTGCGATGCGCTTGTGCTTTGCGTAAATCGTGCAATAATCAGCGCTCTGTTCAATGGAACGAAAAAGTAAGGATCTCACGCCATGCCTGTAATTGTAACCAGTGATGCCATTCATCCGTTTCTGCCGTCTCTCGGGTCGTCCAGCGCGATTGAGATGACACGTGCCAGTCATCAGGACATCCGGCCGCTGGAAATTCTGATCATCAACCTGATGGCGGATAAGCAGGCGACAGAACGTCAACTGGCGCAGTGGCTGGGTCATACCCCGCTGCAGATCCGCCTCACATTTGCTGCCACCGATTCCTATATGGAAGCCATTCAGAACGGACGGCGGAGCAAAAACACCAGTACGGAGCATATTACTAATTTCTACCAGAGCTGGGGATCGCTGAAAGACCGCCGGTTTGATGGAATGATCATTACCGGAGTTAATGCCCTGCAGCCGCGGGTGGAGGACGAAATCATCTGGCCGGAGGTGAAAGAGATCATGGAATGGTCGAAAACCAACGTGCTTTCTTCACTCTTTCTCTGCTGGGGAGCCAAGGCCGCGCTGAAATACTTCCATGATATCGACAGCATTCGGCAGGAAACCAAGATTTTCGGACTGTTCGATCATAGTCTGGGGAAAGATTCCACCGGCATCGGCTTCGGTTTGCCGGACCAGTTTGCCGTGCCGGTGTCTCGCTGGAAATCGCCCGTCCCGGAAGCTATTGATGCCTGCGAAGCGCTGGAGGTGCTCGCGACCGCGCCGGAAGTGGGGCCCAACATGATCGTTGAGCCGTCGGACGGGCCGGCGCCGTTCCCGCGCCGGGTGTACATTCTGAATCATCCGGAATACGACGCTGATACGCTGGGTCGCGAATATCATCGGGATGCGAAAGACAATCCGGATCAGCCGCTTCCAAAGCACTATTTTCCTGGCAATGATCCGTCGCGAACACCGGTCAATCTCTGGCGCTACGCCGGATTTATTTATACCAACTGGATTCGCACCATCTACGACGCCACGCCGTACGACATTAATCAGATCAGCAATCTCGCTGCCGCAAAATAGCTGACAGCGGATTTTTCCAGACCTTGGAAAAACAGCGCTGGGTTTCCAACGGCTGGAATTGCTCGATCGTCGCCGGAACGAACGTGCTTGCGTGCCTCCAAGAAACGGTGGAAGTCACACCGAGCGAAGTCCGTCAACTGGCTGTCTTATGGAAGCAGGAACAAGCCGTAACGCTATTGAGAGAAGGGCGTTTCTTTGGACGGTTCGACCGGCCGGAGAAGCAGTTGCCGGATTACAGAAATTTCCCAGCCTTTTCGGATGTATAAGTCGTTGATAATCAACGGTCTTTTTCGACGAAGAGCGCCTCTGCTGAAAAATAATCGGATTTCGACCATAAGGGCGGGATTTTTGCCGATTTTGGGCCCTTTATTTTCGGGCGTTTCTGTTCTGTTTTCCGTTTTTTTCGATTTTCAAAACATGGAGGGCAGAAGTGAGTGATGAGTTCTCCCTAGCCTGAAATCGGCCATTTTTGAAACTAAAGTAAACTGAACTACACTAAACTATAGCGGTGGATTTCCCTGATTTTCCGGTCTTTTCTCGCGAAAATTATGACCCTAAGTTGTTTATTAATAGTTGTTTATGCAATATTTTCGTCATTTTATAAGTATAGTCTATTGAAGTGCACTGTAGTGAACTACATTTAATTTAACTCCTATGTCTCTTGATATTTTCTGAATGGTCGGTACGTTGTTTGACTTTCGGATACGAAGCGCGGGTTGAACCGCACATGAAAAGGAGTTCTTGAGACAGGTCATGGATAGTTTGTTTACAGAGCAGTATCGACGGCTGAAGGAGTGTCATTACCTGATTCTCTACTGGGCTGCTGAAGCAGAGGTGAGGGGATTGAAATACAACATCACCAATGCGTTTGACGACCTGAAAGATCTCGGGATTACACGGACCAAACAAAGCGTAATGGCCTATGTGGAATCGTTGTTCATGCTGTGCTTTATCGATGTGAAAGAGGAGCGCAACCGGAAAAATATTTATTTGGCGGAGTCCGGCGCCCGGGCTTTGGAAGAGCTGGTGAAGAGTGCCGGTTTTAAAACAAAAAAATCCCGATTCATGGAGGGTGTGTAAATGAGTATTGGTATCGGTGGAGCAGGCAGTAAGCTGGCCTCGTTGATGGATGCGGAACAGGCGACGATTGTGAATGTCTCGCAGTCGGAGCTCGATAAGGTTGAGGCCGGCAGCAAAATTCTGGCAGTTGCACATTCAACGCGCGGGCAGTTTAACGGAGCGGGTAAAGATCCGAACGTCGGACGCGCCGCTCATGCGTCGATCTGCAACAAACTTTGCGAGCTGATTAAAGGCGATATGGTTTTCACCTCCAGCGGCGGCGGAACCGGGAATGGTATTTCCTCCCGGCTGCTCGACAGCGTGGCGGAGCAGGATGAGATTTCCCTGAACGATAAAACCGTGTTCGGATTTCTGCTTCCATATGTGGAGCGGGAAAGCTCTGAATTCGTGCAGAACACCGTCGACTTTCTGATGGGGCCGGTTTCCCGTGCCATTGACTCCGGTAATACCGGAAACATTATGCTGTTCTCCAACAAGCTGAAGTTTGAGGGCCGCATCGCCGAGCACGACTACAACACCATGATTGCCGGAAGCCTCAACAATTTCCTTTCGATCCCGCACAAGGGGGACCAGATGGAGCTGATCGACGGACACGTCGACCACGAGGATTTCCGGGTGTACCTTTCCAAGCCGTACTTCAATCATTTCTGCCAGTTCGAATACTCGGCAGACAAACCCTTCGGTGACCTGCTTAAGGAAAACGTCAGTCAGCTGCTGCTGCCGCCGGAGCAGCCGATCGAAGCCATGTTCCTTCTCGAAGTCCCCAGCCGTGACGAAGCAACCAGCTTCTACGACATCCTCGATTATTTCGCCGAGGACCACGTGACGCCTTCATACGGGGTTGTGCTCAACCCGGAGCTCGAAAAGCCCGTACTGACGCTCTCACTGCTTTATTCGCGCAAACCGAAAGAGCTGGTCGATGACTTCTGCCAGCAGGTGGAACGGATTACGCAGAAAAAACTGAAGAAAAC
NZ_CP047593.1_gap48	1445921	1449828	3907	GTGCCGGTGGGATGCTGGGTATATTTCTGGTGGGTGTTTTGACGCGGTGCGGAGACCATAGGGCTGTATGGCTGGCCTTGGCTGTAAATGCGGTTGTGACTCTCTATATACTGCTGGATAACAAGGGGATTGTCCCGGATCGGTTTTCGTTATCCATCAATCTGTATTATACGGCTCTTGTTGGGAATCTGCTGACATTTTCCGCGGCCATGCTGGCCGGCGTTTTTTTTAAGTCCAACGTGAAGGATTTCACCAACTTGACGGTTTGGGACCAGGAAAAGAAGCCGCTGGTTTAAGAGAGTATTTTGTGCGGGGAGTGCCAGAAAACAAGAAAAGGAGGTTCGATGATGATGTGCGTACAGAAGAGTATATGGGCGGCAGCCATGTTAAGCGGAGCCGGAGTGTTGGCAGAGCCGTTGCTGGTATCGCATTTCGATTCCGTTACGGATGCTGACTATTCGGTTGGTAATTATGTGACTGTACAGGCCGGAGCCATACAGTGGCCGCTGGTTACGTCCATAGATCCAAAATTCGGTGATGGCTGTCTGGATCTTACCGGTGGCACAGCACTGCAATATCATCTCAGGGATAATTTTAATCTCGGGAAGGGGACAATTGAACTCTGGGTTAATCCGCAAGCTGCTGATGCGGGCTCGGATAACTATCTGTTTTCAATTATTAAAAACGGTGCCAACCGGATTTATCTGCGCCGGTCTGTCAGCCAGGATGGTTCGCAGCAGCAGCTTTACCTTTATTTGGCAGTAAATGGGATCTCAAAAACACTGGTTAGTGGCTATCAGGATGTTTCCAGGTTTCTTTCGGTTGGATCGTGGCACCATATCGCAATGACCTGGGATTTAACAAAGGCGGCTGGTGCGGATGAGGTGTCATTATATGCGGACGGAGAAAATCTTGTTGCCGATCGTACTTTGACTTTTGGAGAAGAGTGGGGGGAAGAGCCGTCCAGATTGTCGATTGGATGTTATTCTGCTGTCGCAAAAAGTTACGCGAGCGCATACATTGATGAATTGCGGATATCGGACGATATTGTATACGAGGGATCATCGTATGCTGTTCCGTCTTCTCCGTTTGAAGTTCCAGGAAACTGATGTCGTTAGAGAGTACGAAACAAGAGCAGGGAGTGACATCATTGATCCTGCAGAACCCGTCTCGAAACGATGGGGGAGCCTGATGCGATTGATTCGCAGGCAGAATGCTTAATCTTAAAGACGCGAGCGCCTGTTGGAACCCCTCGAAAGTTCATTCCTGTTGCGCTTGGGGTTGCGTTGATCTGATTGTCTTCAGTCAGCTTTGAGCTGACACCGATTCGCTCGATGTTCCTCAGTGTTTGATTTCCGGAGTGATCGGCGCTTGGCATTTTATCTGGTGCTGCTCGCTCCTGGGGTGTTGTGCCCGGCTGGTGTTTGTGCACGTGTGCTTCGCTTGCTTCTTCACGGTTGTGGTTGAGAGGGGGGGGTAAAAAGAATGGGTGGCAATTTTGCCACCCATTCTTTTTGAGGATATTCCGGTAATGGCCGAACTAGCGTTGGGTGTTATTCCTGTATGGATTTGAGGCGAAATAGAAGTGTCCGTCTTCTGCGCCGAACAGCAGGTCCGGAACTCCGTCGTTTTGCCAATAGACTACCGTTGGGCATGTGGTGTGACCCGTGTACTGTTTGGAAATAATGCATCCCATGTCTTTAAAGACCACCTTATCTTTTGATTGGGAAACATTTTTCAGGAAGTTGATGGTGCGACTGTTGGTTAACAGGTCCAGTTTCCCGTCCAGATCCCAGTCGACAATGACAAATTTTCTTCTTCCGCTTCCGCCGATATCTCTGGCGTTGATCTGCAGTGGAGCAACTGCATTGATATCTGTGGTTTCATCGGGTTTGGGATCGCCGTTCCAGTGAAATTTAGAAATACCCTGTATGTAGAAAATTCTCTTTGGCGGCAGCAGCGAGACCTTGTTGTCGATGACCTTTCGTTCGTACATGGACAGGTACCCTTCGGTATCCAGCGCGATAAGATCCGTTAGACCGTCACCGGAAAAGTCTGCTATCTGAAGGCTGCTTCGCCATTGAGTGACAAACTCTTTTCCTTTCGGAGACCACCAGTTCCACGCAGGTTTCGGGGGAGCGCCCTGCCATTCAACTTCCACGGCTTTCGGCGCGGCAAGTTTCGGGGTGGTTTTGGTGCCGATGTTCTTGTACCAGGTAACGCTTCCCCAGATGTCATTCAGCAGGATATCCGGTAGGCCGTCCATATCCCAATCGGTGACGAGGGGGACGGTGTAGCCCCATTTGGCTTCGCAGGGGCCCTGAATGGATCCGTTGTATCCAGCTTCGATCCGGATGGGAATGTCGTTGGCAGCGAGCGGCTGGGGTACATTCCATTTCGGATTTGCTCCTCCGGACAGGTTTTCAATAAAGAGTATGCGGCCGTTGCTGTCTCCGCAAATGATATCGTCGTCTCCGTCGGCATCCCAGTCAACGCTGTTGGGGGTGGCGAGTACGCCGGCTTTCAGATTGGCTGCGTATTGTCTGATAGGCTGCGGAGGGAGGAAAGATGGGGTTCCGCGGAGGGATGTTCCCGTGTTTTCCAGCAGGCTGACTGTGCCGTCTTCTTCTCCGACAACCAGGTCGATATCGTCGTCTTGGTCCCAGTCGATTGCGGTGGTCCATACCATTTGACCAAAGATGGTGATGGCTTTTCCGTCGTATTTCAGGAGCCGCGATTCTGCGAATTTAATTTCATCGCCTTCGGAAATATTTTCGAAGTAATGGAGTTTATCGAGGAACTCTCCGCAGATGATGTCGTAGTCTCCGTCATGGTCCCAGTCCTGGTAACACGCGGTGGGCCATCCGTAAACATCGATGGGGGTTCCATCGGAAAGCAGTTGCCCCATGTTTCTGTATTCCGGTTTTTCGGTGGTTCCGAAGTTCTTGATAAAGTAAATATACCCATGCTGTTCTCCGCCGGCCCAGGTTCCGTTGGAGCGATAGCCTTCTTCTCGTCGCATGTCGTCAACCATGGCAGAAATCAGGAGGTCTTCCGTGCCGTCGTTGTCCAGGTCAATCAGGGTCCACTGCTGAAAGTGTTGCCAGGGAAAGTCGGGGGTGTAGTCTATTTTCTTCGGTTTCTTGAACAGGCTGTTTCGGAAGTCCGGGTATACACATCCCGGAGTAGTCACGATACTTTGTCCGTTTTCATTGTGGATTTTGACGTTCTTGGCATTGTTTCCGATTCGGACGGGAGGGGTAAGGGCCGGTTTCCCGTTGTTTTCAAGCAGGTAGAGGCCGTTGTTGGGTTTGTCGTAGACTGCAACCAGCAGATCGTTGTCTCCATCTAGATCAAAATCCATTGGGAGCGGCCAGGCTCCGAGGCCGACACCGGCTGCGGTTTCAAGTTCGGGGTTGTTGTATTTAATAATTCGCTCCTGCGGTGCGGGCGGAAGCGGTTTGCTGTTGAGCGGTTTGCCGGTTTGGTAGCGTTTCAGAATGTTTTCTGGATTTGTGTCGATGGCGTGATCGTAGATTGCCACTTCATCCAGCATTCCCAAAAGGTATGGATTCTTTCCGGTGGGTTTTGCCATCTTTCCGATTGCGGCATGGTAGGTTGCCTGTCCGGGGTCAAACTGGAGGTTTTTCCATTTGGTCATTTCCTGGTCCTTCCGGAGAGTGCCATCGACGTATATCCTGGTGGATCTGTTTTGGAAGTCTGCAATGATGACGACGTGCTGCCAGGTATTGGCTTTGTGGAAAGGAACGGTGGCGCAGCTCCATGCTTCTTTCTTTTGGCTGCGCACTGCGGCGTAAAGCTGAAGGTAGTTCAGGTAAAAGTCCAGCAGTACGGTATCTTCGGAGTAGAGGGAGAGAACTTTCTGGTGCTGCAATCCGGCGTTGTA
NZ_CP047593.1_gap49	1535776	1539063	3287	GGCGGAATGACTCATCCGGGCGAGAAGTTCAAGATGTATCCCGATCATCCCAAGGAGAAGGGGCCTTGGGGCGGAGTGCCGCATCCTAATATGGGGACTTTGCCGGATACGGATATTCAGAACTTTCGGGGATACGACATTGCGGGTAATTGGATGGGTTATCCGGTTCGTAAATATCTTTGGTGGGCAAAAGGAATGCGTGAAGAAAGCGGGAAGCTTTCATTCGGAAAGTGCCGCAACGTGCTTTTGGGAAGCGCCGATTATCCGGTTCAGTGGCAGTGCTATGATGACAGCATGGCTCCGGTGGTAATGGATCTGGAAGGCAGTCCGCATATTCTTCTGTTTTCTGATAATAATCAGGCCTATGCGCTGCAGGTGCGCGGAGAGGACGGTGTGGAGCTTCGGGTTGGCAAGCCGCGGCCGTTGCTTAAAGACGGTGCTCCTATGTTGTCTGTAAATCGGCCAAAGGTGATCGGCAAGGGGGATCTGAACCTGGATGGTCGGATGGATTTGGTGATTGGATCGGGTGCCAACGGGCGTTGTACTGTTTTGAGCGGATCCGCTCCGGGGAATTTTGAAGATCTCGGGAATATTTTCTGCAAAGGCGGTCCTTTGGCCGGGGATACGCTGGCTTTGCCGGTGCGTGTTGACTGGACCGGAGACGGATATAAGGATGTGATTATCGGTGGAGGCTCGGGCGAGCTTTCGCTCTGGGCCGGAACCGCAGATCCGTTTGTTTACGATGGATGCAGGTTCTTTAAGACGCCGGCTGGATTTGTCCGGCATAGGCCAGTGGACGGCAATTTACAGGGCAATAATGAGATCGCCTGGAGTTACATTCAGCCGGAAGTGTTTGATTGGGACGGCGACGGAAATCTGGACCTCATTACTAATGACAATGAAGCCAAGCTGTTTTTCTATCGTGGAACCGGTTCCAGTGTAATGCTCGAAGAGCGGAAGCGGTTTCTGATGGGCGGCAAGCCGCTGCCTCTCGCCTGGCGCAGTCGTCCGGCGGTGATTGACGGAAAATATGGTGTGGCGGGGGATGCCCGGCCCTGTCTGCTGTTTATGAAATGGGACAATACCTATGCTGTCGCTGTGCCGGATGCCCGGGGAAGTTTGAATATGGAGCGGGTGGTAGACCTGCGGGATGAGGACGGCCTGCCGATCCGTACCAGCGGGCCGGCCGGTCTTTCCGGCCGTACGAAGTTGTCTGTTGCCGACTGGGATGGGGACGGTGTGTGGGATATTGTAATCGGATCCCAGCAAGCACTGCAGCGTTATTTTCGTCAGCCGGAGCGTGAATCGCCAACGGCTGCACCATTCTGGCTGCGGAATGTCGGTTCAAATGAAAAGCCGGTTTTCCAGCTTCCGCGTATGATTACATTTAAGGATGGTTCTCCGATTCATCTGAATAAGCACAATTTTAACATTTGGCCGACCGATTTGAATGAAGATGGCTTGCTGGATATTATTTTTGGAGATGATGAGGGTTTTATATTTTACCTCGATCGAGATCCGTTGGCTTGGAATGAGAGTATCGAGGCTGATCGTCAAATGAAGAAAATGGCGGCAGGCACCGGCATTTCAGCAGTGCCGTATGTATCGGGAGAAAAGGTTTTTGTTGAAAACTGGGATTATCCGGATCAGTCGATGTCGGCACCGATGAAAAAAGGTGATGGGTGGGCGAATGGCTGGAAGAGTCGTGGTTCGGCAAACAGGGTGCGCACATTTTCAATGAATCCTTTAGGGGTGTTTTCATTGGCCTCCACCGGAGGCTATGCCGCACTGAGCGGGGAAGGAACGGGAACTTCTGTGATCGAGCGGTTTTTGGCTAACCCGATTGATTTTAATCCGGAAAAAGAAACTGTGTTTACATTTTCACTGGTTTATTTCCGTGAAGATAATTTAGATAATGCAGGAACCGAAGTGCTGGGGCTTTTCGGTTTGAACACTGTTGATGGGAAGACACTTTGCGGTGTTGAGATCAGCTCTAATGAGGCGTTGGCGTTGACGCTGGGCGGGAAAATGGTGTCTACTGAAGACTGTAAAGTAAGTTTTAACGGCGGCTATGTGGTGCAGGGAAAACTGGTTGTTCGGCCTGAGGGGGACAACGATGAGCTGTTCGTTCGGTTGAGTTCGGATATCCCCTCCGGGGACCCTTTGCAGTGGGATTTGAAACTGGAGATGGATGTCGATGGTGTGGCATCTGTGTTTCAACAGCGAATTATGAAGTATGCAGGCTGGCTATATGTTGATAATTTGCAGATGCATGCAAAGTAGTTCTAAAAATGCAGGCGTAAGGATTTAATTGAGGAGACAGCGATGGCCGGAGCGATGAAAAAGGAAGCGTATCAGTTTATTCTTCAGAAAATGGTGCGCGGTGAACTTTTGCCGGGAATGCAGATATCGGAGCTTTCGATTGCTGCTGAACTGGGTGTCAGTCGCAGTCCAGTGCGTGATGCATTGAGTCAGATGGTTTCAGAAGGCATGGTTGAACGGGTTCCCAGGTATGGAACGGTAATCAAGCAGTATTCTGCTCAGGAATTGGCAAATCTGTATGACTTACGCGTGGCACTGGAAAGTTATGCGGCAGCTCAGGCCGCCCAGAAGATTACTCCGGAGATGCTGGAAAGGCTGGAGGAAGCCTGCGAGCGCATTAATGCCATTGCTCAGGAACTGAAAAAAAGCGGCAATGGGCAAATCACCCCAGAGATGCTGAGTGAGATGTTCAAACAGGACATGAACTTTCATCTGATCATTTTGCGGGCAACCGGGAACCAGCTGCTGCTCAAGAGTGCTTATGAATCCAGACTGATGACCCGGATTTTCGGAACATCCAGAATTGAAAGCTTTGATTTGGAGCATGTGGCTGGAGTTTATCGGTTCCATTGCGAGGTTTTGAAGGCGATTAAGCAAGGGGATGCTGAAATGGCACGGGTGACGATGGCCCGCCACATTTCTTCCGGTAAGGAAGGAGCGCTGAAATTTGTTGCTGAGCATCAGCTTCATCAGGAGCGTGAGGCGTTCGACGATATTGCTGAAACCATTATCAGCAGTGCGGGAGAGATTTAACTGCCAGATCACCTGATGTGTGTAAAGAACAGCAAAATGTGGATGTGTTAGTAGGTGGGCATGATCAGTCTCGGCTGGGAGCATGATCTGCGCGGACTGGACGTTTACTAATTTAGTTAAGTAAAACAGATTACGATATGAAATCATGCAGACTGGTATTCCAGCGGTATTTTAAAGGAGTGGGGACAAATGATAACTCGGATGGGTACTAA
NZ_CP047593.1_gap50	1594065	1594732	667	ATCGCCGGTTGCGGTTCATGCCAGCCGTTCACAAATCACAGATTCGAACGGTACGAAACAGTGAAATCAAAACGGTATGTTCCCGGAGTGCAATGATAGGGAGGTTCGGTCTGCGGACCGCAGGATCCGCTGCCGAGGCCGCGTTGCTTCAGGTCGAGCGTCAGAATCGTTTCTGCGCGCGGGGTCAGCTGGTCGGTGTGAATCGCGGCAAACAGATCGTTTGCTGTAAAATGCGAGGCAGCGAACTCAAACGGCTCTGCGCCGGTCACCCGCAATGTGTTGTCGCCATTGCTCAGGCTTATCCAGCGGGTTCCGACATGGTTGCCGTGTTCCTGCGGAAGAATGTACGGGACGTACTGGTCGGTCACCGTTGATTTCCAATGTCTGGAAAATACGCCTGCGTCCCGGTCGATATAACTTTCGTGCGGACCTTTTCCGAACCACTCCAGCTGTTCAAAGCCGGACGGAAGCATCGCTTTGAGTCCGATGCGGGGGAGGGTGGGCAGATCGTCCGGAAAGACAAACTCGTTTTCAACGCGCAGTCCTTCTGCGCACGGAACGAAGCGCTGTTTGAACTCAATGGCTCCGTACATCCTCGACACCTCAGCAGAACCGTCCGATAAAACCTCGTGCTGCCACGCTGTGGCTTCCAGGCTTTGGAAGCCGG
NZ_CP047593.1_gap51	1597189	1600267	3078	CTGAACCTTGAACTCCACAAAACCTGAATCGTATATCAAAGCTCAGGGAGAAGGCAACGTGTTAGATCGTGCCGTTGCTGGTGGTGTCAGACTTGCCGCTGCGCGAACAGCTTTGCTGTCTAAATGAAAAATCAGTCCGTCATATGCGATCCATGCTCCCATCATTAAGAGATAAAGGCAGCATAACCGGCCATATTGTCGTTGGGGGACAATGGGGGCTCATTCAGTCACTAGGAATGCCGGGACGCCGGGCTGGAGTGAGATGTGGAGTGTGTCGCTGTTGGTTTTCATCAGCTTCGGTTCTGTATGGTCGAACCGGTAGATTTTGGATGCTTCTTTCGGAAGCCGGATGCTTTTTTCACCGCCGGTGGCGGACTGCACCATTAGAAAATTTCCGCCGGCCTGAATAAAATCCGGACGGTCAAAGTCGGTCGAAAAACTCTCATCGGCGAGGTAGAGGTGGCAGCCTGCTTCCTTGAACAGCTTGCGCCACTGCAAGGCGGGCATGCCGGGCGAGCCGAGAAAGGCAGCGGTCCAGCCGCGCATTTTTTTTGTCGCGCAGGACGGCTCCCCTGTGGCGGTATAATGCGCAAACGTATCGGCTTTGTGATCGGCAACCGCAAAGGTCGGGGCGACCGGCTGTTCGTTCTGTCTGCCGAACTGGCGCCTGCCGAACAGTGAGCCGTTATCCAGCCGGGATTCCGGCATGATGGCACCTTCCTGTTTTTTGAGCTCGATGGTGTCGAGTGCAGTAGTACCGCAGAAGATGATGGTTCGGCCGTCTTTCATGAAGCGGCTTTTCAGAACCGCTTTTTGATCTTCAGTCAGGCTCCACGGCGTGAGCAGGATGATGCAGCGGGTGCGGTCGCTTAGCTGGTCGATTTCCGAGGTTTGGAAATATCCAATGGTTGTGTCGACGCGGTTGAGGAAAAAGCGGTTCTGGTAGAGCCAGCGTTCCGTAAGCCCGTAGGCATCGGTTTTCAGCATTGTCACGGCATCGGGGTCCGCCAGTACCGCGACCTGCGGTGTGAAGGCCGGTGCCTGGCGCTGTTTCATCCACGCCAGATACGGTTTGTACATATCCCAGATCTGATTGTTGTTGAATCGACCTTCGCTGAACAGGTTTTGCCAGAGGAGAATCTGGTTGTGGGCGGTAACGACGCCCAGATCGCGATGCAGCACAGCGAGCGTTTCATCCATGTTCTTCGTACGGCTGGCATAGCCGGGCGCATATCCCTTAACGACTTCCGGAACGTCTTCGGCCAGATGGGTAAAGGTATCTTCTTCGGTCATCACCAGTTTGCCGAACGCGTTGGCGCCGTCGAACGGGCCGTGCAGGTCGACCGGCAGGCCGAAGCCGCGCCCGATCGGGTTGTAGGAATAAGGCGCTCCGACGATGTCGACAGCTGGTGAGCGGTACAGTTTTTCAAGCCCGAGATGACCGCCCTGCTGGAGCCATTTTTCATGCCACGCCAGTTCGAACAGATAGCCGTAGAAGGTCGCGGTGAGGGTGGGGCCGTCGGCGGCTTCTTTAACGGATCGGGAGAAGCGGATGATGTTGTCGGCATTGACCGTATTGTAGAATTTTGAAAACTCAATGACGCGCTGCTGTATTTCCGGATCGCGGAACAGTCCCTCGACGGCGGCATTTCGCTCCTCTTCGGTCGGAACCGGCTTCCCGAAGGCGCGGCGAACCGGTTCTTCAAAACCGGCGGCGCGATGCGGGTCCCAGAAAATCCACTCGCCGGTCTGGTAATAGGTCAGTTTGAAGCCGACGCACTGTTGTGCATACGGCGAGCGACGGATCAGGTTGACCAGTTCGCGCAGGTTGTGGTCTGTAAAATTTTTCCAGGGTTCGGAACAGGGCGATGCATAGCCGCCGATCTGACCGTCGGCATACTTCATCATTTCTGCCGGGAAACTCTGCTGCCATTCGCTGCCGGGGCCGAGCCAGATGCGCGGAATGAAATACGCGTCCGGAAACGGTTTCATGAACCGCTCAATCATTTTGAGCGTTTCCGAATTCGACACCATGGCCGGCAGATACAGGTTGAATGACAGTACCGGAACCCCGGCAGCAACCGCCTTTTCCATTTCTTCGAGAATCCGGTCATCGCGGTTGAATTGGTTGTTGCCGAAATACATCGCCAGGGGTTGTTTTTCACCGTTGATCGTCCATTCGCAGGCGCCGTTTTCGTTTTTAACGACTTTTGCCTCCGGCAGTTTCTGAAGCGGTGCGGCCTCAGCCTTTTCAAAACGAAAGTTTGTGAAGGTCACTTTTCCGGTAACGAAGGTGGCGAGCAGGCGCAGTTCGATTTCCTTCACGTTTTCCTGAACAACCGTTTCGAGTTCGAGATGGATGGTTTTTGTCCCGAGAGCCCGCTCGGATCCCGGTGCGCAGAGCACGCGCCCCGCAGGGTCAATCTGGGCAAGGGTCAGGCAGACATTGCGGGGTTCCAGATTCAGGTCAAACGGTTTCAGTTTGCTGTTGCCTTTTTCGTCACGAATATCGGTCAGTTCTGCATCGGCCGAAAACCGCAGCAGTTCACCCGCTTTAAACGGGCCGGGAATCCGCTGTGTTGCAATTGTGTTTTTTTTCGATTTCTGCGGCTCGATCGTAACCGTTTCGCTGGTTTGCGATGCGCAGGCCGGAAGTTTCCAGGCATTGGAAACTTCCGAGAAGGCTGTTCCGGCGATCAGGGTAATAGTCAGCAGCAGGTTTTTGCGGGTTGTATGCATGGCGGTTATTGTAACAGCTGTTTATTGATTAACAGCTTAATATGCATGACATCAAAACCGGAATCTATACGCAGATGCATATTTTAGTTAATAAAATCCAAACTGCCATGAGATGGTTTTTTGGAAGCCAATGGCGATGGCGCGGGTTTTAAGCCGGTGTGGCTGTCAGATCGTTGCGTTTTTCCCAGAACTGGTGGCCGATGGGGTGTGTCCAGCCGTTCCATTCATCCGCGAGGGCGAGGAGGGCTTTGCGCAGGTTGTGAACGGTTTTCTCTTCTGGATCTACTACGGCGCCTGCGACTTTGCCATCTGTCTGGCACCGGATCCCTCAGTGAAACG
NZ_CP047593.1_gap52	1608467	1612892	4425	GGGGCGGCGGTCATGAACGTTAGACTGGTCAGTTTTATTCATAACGGTAATTCTAGGAAGAGTACAGATGGTGGTGGAAACGGGTTAGCCGTTTACTCAGGAAGTAATAATTTCTGGATGGATGCCCTTAACCATGAGGGCGTGGCCTTTCAACTGAAATTTTATAGTGACGCTGCCAAGACAGAGGAAATTACGGATCTGGATATTACGTTTAAGTCTCTCATGGCACGGACTGCCAGTTCCAATCTGGCGGTGAATGTGTATGCGGGATCGGGAGAGTTGGCGATCAGTGGAGATGCAACAAATGATACGGACATGGTCACGCTGGACGGGACCGATCTGGGTATTACATACGACAGCACATTGGCGTTTGCGGGAGAGACGGATCTGATTCCGTCCGGCTTTATTGGAACAGGCTTTTATACAATCAGCGGAACGGATGCGGTTACTTTCGGTGAGGAAGATACCTTCTGGCTTCGTCGTTATAATTTGAATTCCCAGGCGGATACTGCTTATCAGGTTGCAAATCTTGCTTTCGATGTTGTACCGAAGCCGGCAACGGTCTCTGTGTGGCTGGATGACGGGACAAAAGCGCCCGGATCAACAAGTGCCGGTACCTCCTATGCCAACCTGCGGGATGGAGCATGGGATGTTACCGCGACACAAGAAAATGGTTTAGCAGATATTGGGGCGGCAGTTATGAGTGTCAGGCTGGTCAGTTTTATTCATAACGGTAATTCCCGTAAGAGTACAAACGGTGGAGGAAATGGGTTAACCGTTTATTCAGGGAGTAATAATTTCTGGATGGACGCTGTTAACTATGAGGGTGCGGCTTTTCAGCTGAAATTTTATAGTGACCTTTCCAAAACACAGGAAATCAAAGGAATGGATATCACTTTCAGATCCATCATGGTACGAACCGCTAATGCCAATCTGGCGGTGAATGCATATGCCGGATCCGGCGCGCTGGCAATCAGCGGTGACGGCACGAATGATACGGATATGGTGTCTTTGGACGGAGCGGACATGGATTATAGCAGTGACAGTGCCAATTCATTTGCAGAAGAAACAGATTTAGTTCCTATCGGTTTCAATGGTCCAGATTTCTACACGGTAAATGGAACCCATGCGATCACCTTCAGCGAAGACGACACATTCTGGGTTCGTCGTGATAATTTGAATGGTGCAAGCGATACTGCCTATCAGGTGGCGAATCTTACTTTTGAGCTGCAAAAAATCGGTGGTTATGATGGATGGGCGGCCGGCTACGGTCTTCAGGAACCGGCAACCGGTGATGATGACAATGATGGACTGAGTAATCTCCAGGAATACGGATTGGGAGGGAATCCGACCAATGCGCTTGATCAAGGAATTTCTCCTGTTTGTTCAGTGATGGAACAGAGCGGAAGCAATGTGTTCCATTATGTATATCCTCAATTGTCTGATCCAAGCAGCGGTTTAACCTACTACCTTGAGCTTAATACAGACCTGGTATCCGGTACTTGGACAAATACGGGGTATATTGTTGCCGGGACCAATCTTACTGGCGGAACATTTGATTTTGTCACAAACACCACGGATATGGCTTCTGATGTTAAGTTTATCCGACTGGTGGTTGAGTAGAGCCGCTCATAAAGAGCTGAAATTTTCAGACAGGAAAAGAAGACATGAAACGACGTGATTTTTTAGGGACAACCGTTGCTGGTTCCGCTGGAACGGTGGCGGCCGGCAGCCTTCGAGGTGCATTTAAAAATAGGCCTAATATTATTTATGTGGTGGTGCATGATCTCGGGCGCTACTTCAGTCCGTATGGAGTTCCGATCGATACGCCCAACCTGCAGGCATTTGCGGAGGGCGGCATTACGCTGGACAACGCCTGCTGTGGTGCGCCGCCATGCAGTCCGTCGCGGGCCTGTGCCATGAGCGGTAAGTATTCTCACTCCAATGGAATGACCGGGTTGCATGGTCATGAGTGGTCTTTGACCACGGAGTGCAAGACCATCGTGGATTATTTGAATCAGGCCGGGTACGAAACCGCCTGGGCCGGTTTTCAGCATGAACGGCATGATCCTGCGGATAATCATTATCAGAGGAATCTCAATCTGATTCATCAGGAAGAAGGAAAGCCGGATGTATTTGTAGAGAATGCAGTGGATGCAGCCATCGAATATCTGAAGACCGGACGGGATCGAAGTCGTCCATTCTATCTGAATATTGCGACGCAGGATGTGCATGGAAGTTTGTGGATTCCGGGGGGCTATTACACTAAAAAATTTGATCGTCCACACACTGTGTACGGCATTGATGACCCGTCGAAGGTTTACATACCCGCCCAATGTCCGGATAACGAACAGACCCGACAGAGCTTTGCCCGTTTCGTTCCGTGCATCCGCCACATGGATTCGCAATTTGGCCGTCTGGTTGATGCCGTAGATCGCTTGGGGTTGCGCGAAAATACTTTGTTTATTTTCACCACTGATCACGGAATTCTGGGCAGTCGTGCAAAGGGGACGGTCTACGAACGAGGAACGGAAATCGGGACAATCATGCAGATGCCCGGTGTTATCAAAGCGGGCGACCGCATGAAGGAACTGGTCAATAATATCGATTTTCTGCCGACATTTTTAGAGGCCGCCGGTGTTCGTTGTTCGCCGAAGCCGGAGGTGCAGGGACGATCTTTCTGGGCGCGTTTGTGCGGAAAGAAATATATTCCAAGCGAAGCCATTTTCACTGAGCGGAATTGGCATGAAAACTACGACCCTGTTCGTACGGTGCGGACAAAGAGATACCATTACCTGCTTAATCTGCATCCCGGGGCAAAACGCCATTTGCTCCCCGAAGAAATTCTGAATCATACAAACCCGGTGGTGCGGCGTTCCTGGCCGAACCGGTATGTATGGTGCGGAGATTTTGACAGGCCGGATAGTTCATATTTCCGCTTTTTTGAGCCGCGCCCGAGAGAAGAACTTTACGACTTGGAAAATGACCCGGAGGAATTCGTGAACCTTGCCGATGATCCGGCATATCAGAAAATTAAAGAAGAGCTGGCTGCGAAATGTAAGCGGTGGATGGCAGAAACGAACGATCCTGTATTGGCAGGTCCTATTCCGCTTCCGCCGGGCAGCCACCTTAAGGAGATTTTGAATCAACGCATGGCCCGTTCAGAATCCATGAGCCAGGGAGAGCTTGATCTGCTCCGCGATTAAAAATCCTTATAAGAAAAAGCGAGTTTTCAGGGAGAAATCTAAAACAATTTAACCGCGTCTGGGGAGGCGGGTATTGTTGTTGAAAAATGATATGAATAAGGCGTTTAACAGATCTTTGAATGGGTATTTTAGGAACATCAGCATTGTTTGTGTGTTTTTGTCTGCGTTTTCAATCCAGACCTTTCGGGTTATAGGTGCGCAGGTTTCAGTTTGGCTGGATGACGGCACAAAAGCGTCTGGATCAACCAGCGCCGGACAGGCATTTGCTGGCAGTCGGGATGCGTCATGGGATGTGATTGTTTCTCAGGAAAGTGGCTTGGCCGATATCGGTGCGGCCGTGATGAGTGTTCGTGTTGTCAGCTTCATTCATAATGGCGATTCGCGCCAGTCGACAACCGGTGGCGGGAACGGGTTAACTGTTCGCAGCGGAAGCAATAATTTCTGGTTCGATGCGCTTAATTATGAAGGAACGGCCTTTCAGCTGAAGTTCTACAGCGATGCTTCCAAAACCGTTGAAATCACTGATTTGGGAATTACTTTCAAGTCGGTCATGGTGCGGACGGCCAATGAAAATCTGGCGGTGAATGCATATGCCGGAACCGGAGAACTTGTAATCAGCGGTGAAAGCACGAATGATACGGACAAAGTGTCATTCGGTGGCAATGACATGATTTATACTGACGACAGTTCCAGTTCGTTTGCGCAAGAGACAGGTTTGGTACCTCTTGGGTTTGCTGGAACCGGTTTTTATACAATCAATGGAACCGATGCGATTACCTTCACTGAAGACGATACGTTCTGGCTTCGGCGATATAACCTGAATGAAACTTCCGATACGGCGTATCAGGTGGCGGCTTTGACATTCTCCGTTCAGGAGGGCGGGGCGGCTTCTCATTTGACGGATGAAGGGTGGAGATATGTTCTTGCTCCCGCTGAATCTGTTTGCATAAAGGGCGGGGCGGCTTCATTGAAAAATCAGAACGGCAAACCGCTTGTTGTAAAGCGGATGGACGATGTGGATGGATATTCAGCTGTACTGGTGAAGTATGATCTGACCGAGTTGCCGTTGGAAACTTCAGTAAACAGTATAATTCAGCATTGGGTGAGCGGATCGGGGTCTGGATCAAATCCATCTATTGCAGTTTATGCTGTCGACAACGATTGGGATGCGGAAACTGTTACCTGCGATTCTGCTCCGCAGAAACTGGAGCGACTTACA
NZ_CP047593.1_gap53	1671875	1674839	2964	AGCTGATGACGATCGAGCAGGAGCCCGCAGACATGTTCGGCAACCTCAATGTCGTGGTTAACGATATCGACAGGGACGGCGACCTGGACATACTTTCCGGAGACTTTATCAGCAAAATCATGGTGTTTAAAAACATCGGAACTGCAACGGAACCGCAGCTGGATATCGGGAGAGCGTTGCAGACGACGAACGGAGTGTACGAGTCGACCTTTCAGGCCAATATGATTTCTCTCGCCGATTTTAACGGCGACGGCTATGACGACCTGTTCACCCGCACCGAAAACGACTGGACCGGATATCTGGAGAATACCGGCACGACCGACACCAATGGGCTGCCTGTTTTTAAACCGGTGCAGTACCTGAAAAGTCGAAACGACTATCTGACCCGGGGACAGCTTCCGGTACTGGATATTTGCGACTTTAATCAGGATGGCAAATGGGACCTGCTGGTGGGGGACAGCCCTGGAATGCTGGGATATTTTGCCGGTGACGCGCTTTATCCGAATCTGCGGTTTCACCCCTATCAGCCGCTGGCATCCGAAAGCGGACCGTTGCGCATTGTCGCCGGAAAGAACGGGTCTATTCAGGGGCCTGCGGAAGCGCTGTGGGGATACACGGTTCCCGCGTCAGCTGATTGGGACGGCGATGGCAGAAACGATGTTTTGATGAACAGCATCTGGGGAAGGATTGAGTGGGCCCGGAATCTGGGTAACGGGCTGTATTCCGAATTGGAGCCGGTGAAAGTCCAGTGGGACGGTGCCGCTCCGAAACCGGAATGGCGCTGGTGGAATCCGGAGCCGGATGAGTGGTCCACGCAGTGGCGCTGCATGGTCCAGCCGATCGACTGGGATGAAGATGGACTGCTTGATGCCGTTACGATGGATTACGAAGGCTATATGGTGCTTCATCGCCGCCGCAAAGTGGATGGCCGGCTGGTGCTCGGCCCGGGGGAACGGATTTTCCGGGACTATAAGGGTGATCCCTGGCAGATCACGACGAACCGCGGCGGAGGCAGCGGACGGCGAAAATTTGAATTTGCCGATTGGGATAATGACGGCGATCGTGACCTGGTTGTGGATCGCAAAGAGATCGGCGGCAATGTGGTGCTGTATGAAAATGTAACAAATGACGAAGCTCCGCAGATGGTGATGGTGGATAACCTCGCTGACATTGTGGTGCAGGGGCACACCTGCTCTCCGGCGCTGGTGGACCTGGACTCCGACGGGAAGCTGGACCTGGTGATGGCGGCCGAAGACGGACACTTCTATGTATTCCACCGTTCATATATCGAAAACAAACAGCAGCTCCAGGCCCGTTTCCTGACGGAGGACGGACCCGTTCGTACTGAGGAAGAGATCGTGCTGTTTGATGACAAGCTTGCGATTGGGAAGCTGGGCGGAGGGACTGTGTCCGGGGAGATGGTGCGCAGTGGACGGTTGGCGATTAAAAAAGTCAGTGAAGGAGCGGACTATTTCAACATCATGCTCGACCTCCGGGGATGCTGGGATGTTGAGAATTCCCGGTATATGAAATTCTTCATTAATTTTGTGCCGGACGTGGAGCATGCAAACCGTCGCCTGAAATATGTTCGTGTTTATGAGTACAACGGCTACCGGAAAGATAATGACGTTGTCGTTTATGATTCGATGTCGCGGGATTGCCCGGCGCAGTTCTATATTGACGGCCGGGTGGTTTGGCCGGGAGATCCGGTTGAGCTGGATGCTGACCCGGAGACCTGGCAGTCGGTGATCGTTGATCTTCACGGCGGTGCGCGCACACATGGCATCAACACGCGGGCACCTTCTGGTATTTACCGCCGGGTGGACATCATCTTCAAAAACGCCTCCAGAGTTTATTTGGATGACATAAGCTTCTTTTCTGACTCTCCGGATATCTTTGAGCAATAAACCCAAAACGGATGGTGCCGGGGGGAGATAGCAATGAGGTCTGTCCTGTGTTTTCTCGTGGTTCTTTCCGTCAGTAGGATGGAGCCCGGCCTGGAAGGAGATCCTTTTGGAATGCTGGGTCGGATGCCGGTTGAATCGGTCAGCTCCCCCGGCGATTGGCAGTGGATGACTGCCAACCGCTACCGTGTTGTGCTGCAGTGTCAATCTCCGCTGCCGGGGTTTTCGCACAAACTGGCGTGGGCGGAGCTGGATTTTGACGGGGCTTATGCCGAGGGCCTGATCGATTCGTCCCAGTGGAATCCCGATTCCATCCGGGTGATCGAATACGATGCATGGACCAAAAAACCGATCAAGTACGACCCTTCCAGGGAAGGGGATGAAGCCTATTTCGTTCCCGCGAAAATTGATGAATGGCCCCGGCGGCACATCAAAGACTATCTCTTTCGAAAGCCGCATCTTTCCTGGCTGCGCCGGAGTCGGGATGCCGCGCTTGCGGTTTATATCTGCTACTTCGATGTGCGAGGGTGCGGGGAGCAGCAGGCGCTGGACACGCCCGCTTTTATCGGCAGTGGCGATGCGCTGTGCTTCGGCGGGTCGGGCGGGACGGGGCCGGTTCGAGGGCTTCCGCTGGTCTTTGACTGGGATCTGGACGGAGACATGGATTTGGTCGGAGCGGTGAGCACGGTTCCGGAGCGCGCCATGTATCTCTATGAAAACCGGGGCAGTCCGCTGACGAATGGATTCGCCGCGCCGGTCAGCATGAAAGGGGAGGAGATGCGGACCGGGTGTTCGCAGATTATGGATGTCGATGGCGATGGACAGCTTGATGCGGTGAGCGGCAGTGGCTACTACTCCGGGTTCCGGACAAACGGGTTTGTGCAGAAAACCTCCATTGCTCTGCCGTTGGATTCTGAAGCGGGATCCCTGATTCAGGACAGCCGGATCAAAGGATTTGCAATCGCCGACTGGGATGGCGATGGCGTAAACGATCTTATTGCCAGTGCCTGCTACTGGAAAGAGTACGGGTTTTCCGATGCCTTTAACAGCGACGGTGTGT
NZ_CP047593.1_gap54	1679234	1681521	2287	CTTCAGGGGCGTCTGGAACTCGACGGCGGCAGCGTGATCGACGGCGGATTCAATGCCGCAACCAATCTGGCTGTTGTTGCGATGGATATCGGCAGCGGATTTACTCCGGTACAGCTCCTCGGGACGGTTCTTTTGACCGGTGCAAATCTGGAACTCACATTTAATGAGCCGGTTTCCGGAGTGCAGACCATTGATCTGTTCGACTGGACTCCCGGCAACATTATCGGGACGTTCTCGATAACATCCAATCTCGGCGATGGATATGTGATTAACACGGACGATCTCTATACAACGGGAGAAATCACTGTAAGCCCGGCAGAAGTTGGCGAAGTCGGCTATGAACTTACTGGCTCGGATGTCGTTGTCAGCTGGCAGGGGGTCAATGGATTGTCCTATACATTGCAGCGCACAACCAACCTGGTTGCCGGCAGCTGGAGCAATGTTGTGGAGGGGCTTTCCGGGGCCGGGGCGCTGTGGGCCACCAACGAGACAACCGAGCCTGTGGCCTTCTACCGGATCACCGTTGAATAGTCCTGAATGACTGAGGGCCCGGAACTCCAATAAAAACAGCTCTCCTTGCTGCATGCAACGGAGAGCTGTTTTGCTCAACGCCTCTTCCGGGAAGAGCGGTCGAAAAAGATTCCGGGAATTTTGTCGCGATCTGTGACGTTGTGGATTTTATTAGGTTTTATCCGTTTTTCGTGATTCTCAGGGTTGGTATTTTCATAGAATATCATGTTGCTTTCAAATGTTGAGAGGAACCAAGCCCTATGAAAAAGACCGCTTTTGCTGCTGCAACCCTGATCTGCACATTGTCGGCGCAGGCCGCATCGCCGAATTTCCTGGTGATTCTGCTCGATGATGCGGGCTGGCGCGATCTCGGATTCACCGGCAACACATACATCGAAACGCCGAACCTTGACCGGTTGGCGGAGCAGTCCATCCAGTTTCCGACCGCCTATGCCACCCATCCGTTCTGTGCGCCGAGCCGCCAGAGCCTGGTGACCGGCCAGTGGCCCGCCCGCACGGCATGGACGCAGCGCTCGGAAGTGGCTCATCCCGATGCGCCGCGCGGCGCGGCGGCGTATGCGGCGGCGGGCGCATATGCATGGAGCGGCCGTCCTCTCGAATTCACCAGTCTGGCCGAGGCGCTCAAAGGCGCGGGCTATGCCACAGCCCATATCGGCAAATGGCACTTCGGCGAAGTGAAGGCCCGAGTGACTCCGGAGAGTGAAGGCTTTGACGTTAACTTTGGCGGCGGGCAGGGTGTCGGTGCTGTCAAAAACTTTTTTGCGCCCTACCAGGGGATGCCCGGCAATGTGGAAGCACCCGAAGGCGAATATCTTACCGATCGTCTGACGCAGGAAACCATCGACTTTATTCGCGACCATAAAACCGAACCGTTTTACGTGCAGCTCTGGCACTATGCTCCGCACACGCCGATTATGGCGCCTGAAAAGATCGTTCAGAAATACCGGAAAAAACGTGAAGCGCTTGGTGACAACTCGCTCAACCCGACCTATGCGGCGATGATTGATGTGGTCGACCAGGGCGTCGGCCGGATTTTCCAAACCTTGGAAAAACTGGGGTTGGCCGACAACACCGTCATTCTCTTTGCTTCCGACAACGGCGGTGTGCAGTCGCTCGGCTCGGTCCCGGTTACGTCCATGCTGCCGTTGCGGGGACACAAGCAGGTGATGTATGAGGGCGGTGTGCGCGAGCCGATGTTTATTCACTGGCCGGGTGTCACAGCCGGATCGGTCTGCGGCGAAACCGTGAGCATGATTGACTTTTATCCGACCATTCTCGACCTGGCCGGTGTGCCGCTTCCGGATCAGCCGGTGGACGGCGTGAGTCTGGTGCCGCTGCTGAAAGGGGAGTCGATGCCGTCGCTCAGCGACCGTCCGCTTTTCTGGTACAATGTCACCCATGGAATCACCGACGAAGGCGAAACGTTTCAGCCGGTTGCGGCGGTGCGTAAAGGACAGTGGCGGCTCATTAAAAATTTTGAAAAACCGCTCGAGCTGTATGACCTCAGTTCAGACGCCGGGGAGTCGAACAATCTGGCGGAAAGCCATCCCGAAAAAGCCGCTGAGCTCGAAAAGCTTCTCGATCACTGGCTCTCCGATACCGGGGTGGTGGTGCCGACCAAAAACCCGGCGTACGATCCGGATTATGTGATTCCCCGCCAGGTCGATTCGCTGCCGGAGGGATACGAAGTTTCCAAGGTTTGGAAACTGGACAATGCCTCCTGCGGCTGGCAGGCCGCCCGTATGATTAAGACGTC
NZ_CP047593.1_gap55	1759859	1761800	1941	GGATGGGGCTTTGGAGATTGCCCGTCGTTCGCGCGGCACGCCGCGTATTGCCAATAATCTGCTGCGCCGTTCCCGCGATTATGCGCAGGTCAAAGCGGATAACATCATTACTGAAGACGTCGCTTCCAGAGCGCTGGCTCTGCTGGACATTGACGACAGCGGCCTCGACGAAATGGATAAGCGAATCCTTCAAACGATGATCGAGAAATTCGGCGGCGGTCCGGTCGGCATCAGCTCGATGGCGGTCTCGGTTGGTGAAGAACCCGGCACCATTGAGGAGGTGTACGAACCGTACCTTATTCAGGAGGGATTTCTTCAGCGCACGCCGCAGGGCCGCGTCGTCCTTCCGCGCGGATTTGGTCTTTTCGGCCTCAAACCCGGAAACACTCAGCAGGAGCTTTTGTAAGTGGGTTTCAAAATTCGATATTCAATATTGGTTGTTTTGCTTTTCGCCGTTTTTCCAAACATTGGAAAAGCGGTGGATGGATACAGGCTGGTTTGTGATAAGCCGGTTTTTGATTTCGGCACAGTGGGCCAGAGTGCGGTGATCACCAATGTTTTCACGATTCGCAACGAAGGCGACCTGACTTTTCCGGTCAAATACGTTCGGACTTCCTGCGGGTGCACGAAAGGTCAGGTCGATAAGCGGATGATCGGTCCCGGGGAAACCGCCCGGGTGTCGGTGGTCTATACCGCGGCACGCCGCAAGGGTCCCCAGAAAAAGAATATCTGGATTATGGCAATGAATTCTCCCGAACCCGCCCTGGTGCTGACCATAACGGGGCTTGTGAAAGTCCCCTGATTTTATGATGCTGTCACCGGTCCAGTTTGGGAATGTCACCATTGACTTTCCGGTTGTTCTCGCGCCGATGGCGGGCTACACCGATGCTGCGTTCCGCTCCATCTGCAAGGACCACGGTGCGGGAGCCTGCTACACCGAAGTTACCAGTGCCGAAGGCATTCGCCGCGACTCTCAGAAAACGTTTCAGCTTCTGGAGGTATCCGGAATCGATCATCCGATTGCCGGACATATTTTTGGAAAATCAGTTGAGGCGATGGTCGCCGCCGCACGGTATATCGAACAGCTCGGCTGTTTCGACTGGATCGATATCAACTGCGGTTGTCCCGTGCGCAAAGTGGTTCGGCGCGGCGCGGGCGCCGCGCTGATGAAGGAGCCGCAAGAAATCGGTCAGATTGTGCGCGCCGTTAAAAAAGCAGTATCGCTCCCGGTATCCGTGAAAACCCGCATCGGATTCAGTCCGGCATTTCCGGATCATTTAACGATTGCCAAAATCATTGAGGACGCCGGAGCGGATATGATCGCCGTCCATGGGCGCCTTGCCTGCAATTTCCATAAAGGCGATGCCGATCTGGAAAAGCTGGGCGAGATCAAACAGGCTGTGAAGGTTCCAATGTTTGGAAACGGCGGCGTTTTTGCGCCGGAAGATGCTGCGGAAATGGTCCGTGTGTCAGGGGTTGACGGCGTTATGATCGGCCGCGGCGCGGTCGGCAACCCGTGGCTGTTTGAGCAGATCAAAGATCCGGCGATGCTGGGGCCGACGCTTGGCGATCGGCGGAATGTGATTGAGCAGCATTTGCAACGATTGGTTGAACTGAACATTGCGGCCGCGCCCCGCCGTAAAAACAAGTATGAGCCGGAGCAGGCGGCCTGTCTGACATTCCGTCCTCATCTGGCGCAGTATCTGAAAGGTCTTCGCGGACGGCGCGAGCTGATGCAGCATTTGAATGCAATGCATGAGGTGACAACAATTATGAATGCGGTGGATGCCGTACTGGAGCAGAATTAATGAGCGACAAAGAACGCGAGCTGGGTCCGCAGCCTCTCGATGCGATTATGGAAGAACAGGGCCTGAAAAATCATGATCTGGTGGCCGCTTCAACCGATGGGCTGACACATAAGCAGGTGAATAAAGGTCGTAA
NZ_CP047593.1_gap56	1772455	1773493	1038	CTGCTGTCCAGCCGTATCGCAGAATTGACCGAGCACCTCAAGGTGCACAAGAAAGACCACAGCTCGCGCCGTGGCCTGATTACAATGGTCAATAAACGCCGCAAATTACTTAGTTATCTGACGAAAAAAGATGCCGCGCGCTATCAGGAATTGATCAAGCGCCTTGGCCTCCGTCGCTAAGTACACGCCACGCCAGCCCCGCACTTCTGCGGGGCTGTCTTGTTTAACGCCTGTTTCACAGGCGAGAACCGCCCCGGTTTGGGGTTTTTCCACGTTACAGAGGTTTATGCATCCGGCCTCGCTGGCTCCCGGAAGTAATGGATGCAGAAGGTAAAAGAAATGAAAGATACAGTAAAAGTAGAGTTCGAAGTCGGCGGCATGCCGATGAGCTTTGAATCCGGAGTTCTCGCCCAGCAGGCTGCTGGCGCCGTCTCCTGCCAGTTCGGCGGCAACGTCGTCTTCTCGGCGGTCACTGCCGCCAAAGAGCCGCGCGAAGGATGCGACTTCTTCCCGCTTCAGGTTGAGTACCGCGAAAAATTCTATGCCGCGGGTCGTTTCCCCGGTGGATACTTCAAACGTGAGTCCCGTCCTTCCGAACAGGAAATCCTGACCGCCCGCGTAACCGACCGTCCGATTCGTACACTTTTCCCGGAAGGGTTCTACTGCGAAGTGCAGATCAATAACATGCTGATGGCCTCTGACTGCACCCGCGAGTGCGACTTCCTCAGCATTAACGCCTCCAGTGCCGCGCTTATGCTCACCGACCTGCCGTTCGGCGGCCCGATCGGCGGCGTGCGCATCGCCCGCATCAACGGCGAATTCGTTGTCAACCCGACGCACGATGACATGCTGAAGAGTGATCTCGACCTCACTTACGTCGGTACCGCCGACAAAACCATGATGATCGAAGGCTCTGCCGAAGAAATCAGCGAAGCAGACTTCATTGCTGCGATGAAAACCGCGCACGAAGCCATTCAGCCGATTATCGCCGCTCAGTTCGAACTGCGCAAACAGCTTGGCCTGCCGGAATGGAAAGTT
NZ_CP047593.1_gap57	1776132	1780467	4335	CCGTCTTCGAGTTGATAGATATTACCGTTGTGCAATCCGGAGAAGGTGCTGATAAGCATGCTCTCTGTCACGTTGATCTGTTCAACGGTAGTGTAACTGGCGACATCTTCAATAAACATCCGGTCTTTGCCCAGGACATTGGTGACCGTGACTTCCGGTTTCCAAAGTCTGGAGCTGAGTGTTTCTCCTGCCCCTCCGGTATTGCGCCAGAACTGCCCGTTGCCCAGTTTGACAATGGTGTCCGGTTGCCATCCGTAGAAATATCCGTCTATATTGGCGCTTCTGGAAACGGTCAGGTCAATCAGCTTTGTGGTTGTTCCGGCATCCCCGGATGCGAAAAAGCTGATTGTGTAGACTCCGGATGCCGGATTGTTCCAGCTGAAGACGCTGGACACGCTGTTGGTCCCTGTGGCCGGATTAAAAGATGCACTCACCGGTAGATTGGTTGCCGAAATGGTAATTTCATCTGTACGTACGGTGTTGACTGCGGTGACGATCAGGCTGAGTTCTGTGCCGGGGAAAATAAACGTATCTTCCAAGCCTTGGAACTGCGGTTTCGGACCGTGTTCTCCCGGGGTCATGCTGTTGGTGCTTGCGCCGGTGGTAATGGACCATTCCGAGGCGGTCCAAGTGGGGTTCGGTTCCAGTATATCGTTGTTTCGTACGGCCCGGCTGTCTTCATAGTCCCACTCGGTATCGGTTCCGTCGATGTCGAGTTCCCCATAGATATCCACGAGCGTTCCGGAATCATGATCCCCACCGATATATAGGAAATATACATCATCGCCGTTTCCGCTTACTGAGCTGCTTTCCTGATCCGGCGTAGTGCCGTAGGCCGCTTCAAAATCAGCAGCACTGTTGGCAATGACCCAGGTGGAAGCTGGAGCAATGGAGCCGGTCAGAGATAGGTCGCCCCAGGAGCTTCCTCCATTAACCTGTTTGCTGAGAACCCATTCATCAGCACTCAGGTCGATGGTGTTGGTCCCTGCGTTGTAGAGTTCAACAAAGCGGTATGCGTCGCCACCGTCATCGCCGGGGTCCGCAATTTCTGAAAACATGAGCCGGGGTTTTTCAAGGACGGTGATGGTAACGGTTTCGCTGTCTGATCCGTCTTTGTCTGTCGCGAAAAACGTTACCAGATATTGACCGGCCGGAGCTGCAGTGCTCCATGTGAATGTGTTGTTTGTGAAAACGGCTCCGAGCGGCAGATTTAGTGCGCTGTATGAGATGGCATCTCCATCTGAAAGATCGGACGCAGAGATGGGGAAGGAGATGGTCCCGCCTTCCATTCCTCCCTGGTTTCCGATGACACTGAGCACCGGCGGCACATGATAGGCTGCGCCGGGATCCATATCGTTTGTTGTTGCTCCGCCGACAATCGTCCACTCGGAGGCGATCCATGTTGCGGCCGGTCCTGTTGCCGAATGGTTACGGACGGCTCGGCTGTCGGTGTATTCCCATTGGGTGTCAGTTCCGTCGGTGTCGAACTCACCGTAAATATCCATGAGTGTTCCGGACGAATGATCTCCGCCGGAATAAAGGAAATAGGCATCATCCCCGGTTCCGCTGATATCGTTGTCGGACTGGTCCGGCGCAACTCCGTATGCTTCCTGGAATTTGGAAGAGCTGTATGCAACCACCCATGTTCCGCCGGCAGGGAGGGTTCCCGAGAGCGCCACATCGTTCCACGAATCTCCGTTTACCTGTTTGCTCAGAGTCCATCTGCCGGCATTCAGATCGACCGTTTCATTTCCTGCATTATAGATTTCCACAAAGCGGTAATCGCCGCCGCCGGTTCCGGCAGGGTCGGCCACCTCGGTGATCATCAGTATGGGTCGTTCTGAGACCGTAATGGAAATGGTTTTGCTGTCTGATCCGTCTTTGTCGGTTGCAAAAAAGGTGACGGAATAGACTCCGGCCGGTGCGGCGACCGCCCAGTTGAAGGTATTAGAGACCGTGCCGGCGTTTGTGGCCGTGTTAAACCCCGAGCCGGGCGGCAGGTTGCTTGCGGAAAGAGTGATGAGATCATTGTCTGTATCGGTGGCCCAGACCGGGACGCTCAGTGAATTGCTGATTGCAATTGAAATGTCTGAGAGCGAGGACAGTACCGGCGGAATGTTTGTCGGCGAAGGGCCGTTGTCTTCTGCGGAGACGTCATCAATATACAGATATCCCGAACCGCTTTTTTGAAACCTGACATAAATCGTTTCAGGGGAGGAGAGCGTGATGATGTGTTCATTCCACTGTTCGGTGTTTCCGGAAAACGGACTGCCGGTAACAGCTGTCCACGGTCCGGAGATGCCGGGTGATGTTTCAATGATAATATCTGGATCGGCGGAGGTGGTGTATGTCCAGCAGGTCAGGACCTGTGCATTGGTGAGCGGAGGAGTGATCAGATAATCCGTGGCGGCACTCAGGTAGACGCTGTTGGTTCCCTCATGAGCATATGCGGTTTTTTGATCTGCAGAGTTCTGAGTCCATCCGGAGGGCGGAAAGGTTTCTTCAAAGGATTCCTTCAGAATTATTTCCGCCGAAACACCGCCGCCGAGAACAACAGCGATGAACAGCAGGGGGTGAAGCCTTTTCTTCATATGTTTCCAAATATTGGAACTTTTTCTCAAATGTTTTCCTGTCTTCGGAAAACCAGTTGTCGGTTATGGCATCGGGCCGACCTCCAGCTTATAAAAACCTTCGGTGTCTGCGGTTCGCCCTTGATCCGTGTCGGTCCAGCTGTTAGTCGGTGCGCTGACGGTGGCCAGCAACCGGAATTCATTCGTGAGCGATTCTGTCCACCAGATGCCGTAGTTATGACCGGAAACGGCGTGCCAGTTCAGGGTATAGAATCCGTTGGTATCAATTTCCGTGCCGGAAACGTGGAAGTAGGACTCGGTGCTGTATAGGTCTGTGCCGGCAATCAGCTCATCGCCATTGATCATTCCGTCTCCGTCTGTGTCTGCTTCCAGGTCGACCACAAGAACTTCGATGCTCGCATAAGTGGTGTCTACATCGCCGTCAGCGGTGAAGGTGACCGCATAGGTGCCTGCGGGCGGGGAGGTCCAGTTCAGCGTGCTGGAAACGGTGTTGAAGCCTGTTTGTGTTGCGAAGCTGGCTCCGTCCGGCAGTGCTGTTGCTGAGAGGGTGATGACATCGGTTCTGACGGTATTGACGGCTGTCACAACCAGGCTCAGATCGTTACCCAGTGGAACCACCTGATTTTCCAATCCGTGGAATTCAGGCGTCGGCCCGTGGATGCCGGGGGTAAACTCGTTGGTGTATGCATTGGCAAGAATTGTCCATTCCGAGGCGGTCCAGACGGGATTCGGCGTCAGAACCGGGTTGTTACGTTCAGCTCGGTCGTTTTCGTAGTTCCATGCCGTCCCTTCTCCATCCGTATCGAGTTCGCCATAGATATCGATCAGCAGTCCGGTGGAGTGGTCACCGCTGTAGAAGAGGACGTAAGCGTCACGTCCGTTGCCGTCAATGTCTGTGTCTTCCTGATCGGGCTCAAACCCGTAGGCGGCCAGAAAATTTGTGGTGCTGCAGGCTACAATGTAGGTTCCGGTTGGTCCGACGGAACCGGTGAGCGCAATATCGTTCCATCCATCACCGTTATCCTGTCGGCTCAGGAACCAGTGGTCTGCTGCCAGATCAATGGCGTTGGTTCCTGCGTTGTAGAGTTCGACAAAGCGGTAGTTGTTGCCGCCGGTTCCTGCGGGATCGGCGATTTCCGAGAGGATCAGCATCGGTTTGTCGAGTACGGTGATCGTGATGGTTTCGTTGTTGTATCCATCCTTGTCGGATGCTGTGAACGTAACCTCATATTCTCCGGCGGGGGCGGCATTGATCCAGGTAAAGGTTCCGTTGGTGAAGACTGCACCAGACGGAAGGTCTGTTGCGCTGAGTGTGGTTAAATCGTTGTCGATTGGGTCGGAGGCGGTGACGGTGAAGCTGAGGGATTGATCTTTAAAAACTTTCCGGTTCCCGACCGGATCGAGAAGTGGGGGCTGGAAGAAGGCTGTTCCGGGGGTCATGTTACTGGTGCCGGCACCGGTGATGTCCCATTGTGATGCAGTCCAGGTCGGGCTTGGGCTGCCGTCGATGGTGTTGCGGACCGCCTGGGAATCGGTATATTCCCAGGCGGTTCCGGTTCCGTTGGTGTTGATTTCACCGTAGATGTCGATGAGGGTTCCTGTGGTGTGGTCTCCGCCTGAGTAGAGAACGTAAGCATCATTTCCGGTGCCGTTGATGTTGTTGTCGGTCTGATCCGGTGCAAAGCCGTAAGCGGATTCGAACAGGACAGCATTGTAGGAGACGATATAGGTATCGGAAGGGTTG
NZ_CP047593.1_gap58	1802185	1803919	1734	TCCTCCGGAGGAGGGAGGGAAGCGCGGACGCCTCCATCCACGCACCTATATATTCCGTCGGAGTCTTGTTATCAAGCGACTTATGCGGTCGCTGCTCATTGTAATCTTTTTTCCATGCTGCGAGTTTATCACGGGCATCGTCCACTCCGAAGAAAAGCTCCACATTCAAACATTCATCCCTCAACTTTCCGTTGAAGCTTTCGATGTATCCATTTTCGGTCGGCTTACCCGGTCGGATAAACTCCATGGCGACCTCATGATGATATGTCCAGGCATCCATCGACCTGGAGTAAAACTCGCTTCCGTTGTCCACACGAATGCTTTTGGGATAACCGCGTTGATTAGCCACTCCGTTCAGACAAGACGCGACCTTTTCACCGGTGATGGATCGGTCAGCATATAGCGCCAGGCATTCCCGACTAAAGTTATCGACTACCGTCAGTATCCTGAAGTGACGCCCGTCCTCGGTGCGATCCATCACAAAGTCCATACTCCATTGCTCGTTGGGCCCGGCAGCCTGCTCAAGAGGAACACGAGGCCGGTTCGCCAACTTTTTACGGGGTTTCGTGCGAACGGCAAGGTTTTCCTCCATGTAGACCCGATAGACTCTTTTGTGATTAATCTCCCATCCTTCCCGGCGCAACAGAACATGAATGCGCCGGTAACCGAACCGGACACGTTTAGCGGCCAGTTCCTTAATCCGCAGACGAAGCGCCTCATCGTCCCGAGGCTTCGCTTTGTAGAAAAAGGTGGTCCGGCTTAACTCAAAAAGCCCGCACGCCCGGCGGCCCGAGAGTCCGTATGCATCACATGCCCCCTCGGCCAGTTCGCGCTTCCGTGCAGGCTTCAGAGCTTTTTTGCAATGACCTCCTGCAAGATGTGCTTGTCCAGACTCAGGTCGGCTACGAGCTGCTTCAACTTGCGGTTTTCATCACGTAACATGCGTAACTCCCGCACCTCGCTTACTCCAAGCCCCTTGTACTTCTTGCGCCAGTTGTAAAACGTGGCCTCACTGACTCCCATCGACCGGCATAGTTCGGCTATCTTCTCGCCGTTCTCCGCCTGCTTCAGGGCATATACGATCTGTTCCTCTGTGTATCTCTTCCGCTTCATTCGTCCTCCTTATCATGAGGTTAAACGAAGCCGAATCCTAAAGTATCAACTGGTCCAGTTTTCGGGGTGAACGTCAGGGCTTGTCCGGTGAGGGATGGGCTTTGAGAGCAGTTTGCCGATATTTTAATCGGAATTGTTTAGGTTAAAAGCATTATGGAAAATAGTAAACAATCGTAGCTTGAGCAGGGGCGTGTATGATTATTTCTGTTTTATTTCGAATTTTAGAAACAGGAATATTTATGCGGAAGAAGTCGAGATTGGCGGCGATTGGGTGTGGCGGACGGACGCAGACATATATGTCGATTGCTGCAACGCTGCCGGAGCATTATGAGAATGTGGCCGTGGCCGATCCGGTGGCTGTGCGTCGCGAGGCGATGCGCACAATTTCCGGGAATGCAGATATTGCCCTTTATCACGACGATAAGGATATTCTTTCCGTCCCGAAGCTGGCTGACGTCATGATTATCGGCACGCAGGATGATTATCATGTTGAGCCCTGCCTGCGGGCGATGGAGGCGGGCTATGACATTCTGCTGGAAAAGCCGATTGCTCCCACCATGGCCGAGGTGCGGGAACTGGCGGACGCTGCAAAGTGTCTGGATCGGCGTGTGCTGGTTTGCC
NZ_CP047593.1_gap59	1831095	1834631	3536	TCGAAGAAGGGCTTCGGAAAGAGCAGGCCTATCAGGACGAAGTCAAACGCCTCGAAGAGCAGCTCTCCCGGACATCGGAGCTGGCCGAACAGGCACTGGCTCAGGCCGAAGAGGCCCGCGACACCGCCAGCCGTGAGCGAAGCGGCAGTCAGGAAATGCAGACGCGTCTGCATGAAATGGAGCTGACCGCTGAAAAGGCCCGGGCCGCTGCACAGCTTGCAAAGAGCGAGGCACAGATGGCTCAGCAGACCGCCGAGGAAGCACGCCGCCAGGCCGAAGAAGCGGCGCAGCGCCGCGCCGCCGCCGAAAAAGCAGTCCTGGAAGCTCAGAAAACCGCATCGGATGTCACATCCCGGATCAGTGAACTGCAGACAGAACTCACCGATCATACGGAAGAGCTGGCAAAGCTCCGGGCGTCCGAAGCGGCCGCGAAAGAACGCGCCCTTGCATTGGAAGAGGAGCGCTCCCGGCTGGCCGCCCAGAATGAACAGTTTGCCTCTAAAATGGCTTCGCTCAGTGGAGAGGTTGCTGCTCTCGAAGTTCAGAAGCAGGATGCAGAACAAACTGTTGCTCAGCTGGAAAAACAGAAGCAGGCTGAAGAAGCAGAACGCAAAAAATCCATCTGGGTGCGCCGCGATGAATCCCTGCGCCGCCTGAACATCAGCTACACAGAATATAATTCCAGCGATGACCGCAACTTTGTGACGCGCCGTGAACTGGTCATGCCGCTCGTGCAGGTCGGACGCGCAGTTCTGGTTCCGGCCGACTTCCGCAAGCTGGGCCTCGCCCGCTCTTTCTTCGGCGGGCTGTCCGAGTCAGTGACCCAGGTGGACGGCTCTGTCAGTTCTTTAACCGGTGCATTCAACGCCCTTCCTTTGGAATCCATTGTGGTTCCGGGGGCCGAGCCGCAGGTCTGTCTGGTTCGCTTCACCGGCGCACTGGATGGCGCGCTGCAGTCGATCACCATGGAAACGCTGAAAGAACGCCGCATCAAAGATGCGCTTCTGTTCAGTCCTGATGAAGTCAACGAGCACGGCCGGGTTGAAGTCAGCCCGATTATCGGGAGCGACTATCTCACCGTGCTCTATACCAGCGGCAAAAAACCGAAAGTCGGCGACTATCTGTTGACCGACCGTGGAGAGTTCATCGGCGTTATGGTCACCAAAGAAGAGTGCTACGTGATGCCGCAGGTGCTCAGCCGCACACCCGCGCCGATTTCCATTCCGATTGCTTCCCGTACGCAGGACGGTGGTTATTTCGATGAATTCATCAACAGCCTCAATCGCGCCCGCAAGCGGATGGACGACCATCTCAAAATCCGCAAGTTCTAGGCGAACAGCTCCGTGAGCCTTTCGCCGGTCAGTCCGTCGAGTGTATCGACGATGACGTCGGCGTCTTTGAGAAGTTCTTTCGGATAGCTGTTGGTTACGGCCAGTACCTTCAGGCCCGCACCTTTGGCGGAGGCGATTCCCGCAGGGGTGTCTTCGATTGCAATGCCGGATGCAACGCGAAGCCGCTCTTTTGCCAGCAGGTACGGAGCGGGATCGGGTTTGCTGATATGCGTATCGTCCGCCGTTACAATCTGATCAAACGCATCGGCCACGCCGAGTTTTCCAATGATTGGAAAGATATCCTCTTTCAGTGCGCCGGAGCAGATTGCGATCGGAATGGTTCCCGACAGATGTTGAATCAGCTCAACGGAGCCGGGCAGAGCCGCCGCGCCGCCGTCGTTCAGCAGTTCCTGAAACGCCGCCGCCTTGGCTTGAATCAATTGGGGCAGCTCATCTTTTCCAAGGTTTGGAAAAGCACAGCGGAACGCATCGCGATCATCAAAACCGATGTAGGTTTCGAGATACTCCGGCCATTCAATCGTTTTTCCGCGCGGCTCCATAACTGCATTGAATGCCGCCCAGTGCAGCCGCTCGGAATCAACAATGACCCCGTCAAAATCAAAAATTACTGCTGAAATCATGTAAATAATTTAACTCCGAATAGATGCAAATAGACACACATATTTTTGAATGAGCTAAAATAAATTCTGGGCATGAAAGCCTCAAGGGAAAATTTGTATCCGGCGCAATGCGTGATTTCTGATGGTGAGACTTGTGCGAAAAAGGTCGTTCCGCCGGAATTTCGGGAATTGATCGCAAGACTTTTCAAAACAGGCTCAAGGCATAACCGCTTCTGTCCGGAGCTGTAGAGATTTTCTTCATTGCGGAATTTTTCCGCAGAGTCTCAGGGGCCGGGCAATACAGAATGCCGGTTTTTTCCGAAGCGGGCTCGGCCGTTTGGTTCCTGCGAACCCATTCATTGCAGGGGGAATCTGTATTGTTGCGGCGGAAAAAATGGTTTCAAGTGCCCCTGTCTTTTTTTGGCATACCTTTTGCATATGGAGCCGGCTGGAAAAAGGAGCAGGTCATGCATTTTCACTTGATTGATAAATTAAGAAAGGTCTTCCGACGCCGGTATGAGGCCAGTCGTTTGCATCAGAATAGAATTACGCCGATTCCGCGGCTGTTTCCCACCATCGTGCGCATTCTGCGTGAACGTAACAAATCTGCGCGATGGTTAAATCGGAAAGACGGGAAGAGCGGCTTCGAAGCCATGGAAGATGGATTGTGAAGACCCAGCCTGAGGCAGAAAAAGTAACGAAAGGAAAACGAATGAAAAAAAAGCCCATCATAATAACCTGGCCGGATCATGCGCGGCTGACCGAACTGGTTGAAGAGCAGAATCCTACAAGCCTCGCCCCCGATGCTCGCGCCTTTCAGCAGTTGCGTCGTGAATTGGAGCGTGCGCAGCTGGTTGCGGCTAAGGATATTCCCGCGGATGTTGTCACCATGAACTCTCAGGTTCGGGTTTTTGATCTGGAGGTAGGCGACCAGTATATCTTTACACTTGCCTGGCCGAATCAGCAGAATATGTCGGATGATCGGATCAATGTCTTGGCTCCGCTGGGCATGGCGTTGCTCGGCAGCCGGGTGGGGCAGGAAATTGAATGGCCTCTGCCTGATGGAAGAAGCTGTCAGTTGCGGGTTGAGGAGGTTCTTTACCAGCCGGAAAACAGTCCCCAGAATGAGAATGCAGGCAGGAGCGGTTGGCATGAGTCAATTTCGTCATGAAATCACTGTGATCATGGTGGCTTCACCGGGTTTCCGTTCTCTTATTGGCTGTTATGCAGAAATGATTGCCGGAAATCCGAGCGCGCGAATTTATTCGACTGATGAGGGAGGTCTTTCCGGTCTGGTGGCAGAACTCAAATGTTCTGCCCTCACCGAAAGAGTGGACCTGATTGTCAGTGAGTGGATGAAGGATCCGAAGATCATGCAACGTCTGCTGCGGATCGCTCAGGAGCTGGAACTTCCGGCCGTGTTTATTCGACCCGGCACGACTCAGCCGGGGGGGCGATTGGTTGTGTCCACAAGCGGCGGCCCGAATATTTGTGAACAAATGTGGGTTGCTCGGGAGATATCGACCCGCATCGGGCGACCGCTGGAGATACTTCACTGGCAGGACGAAGGGTGCTTCGGCAGGCG
NZ_CP047593.1_gap60	1849495	1853708	4213	GGGAAATGTGCAGCGGCTGGTTTTCGGGAACATAGTAGCCGTTGGAGGCGGCATCGATCAGCCAGTGCGGCGCGGAGGTGTCCGCGGCCTGTTCCAGCGGGAAGGCGGTGGCGGCGGTTCCGTCGATGACGGTGGGTGTCGCCGGCGTCGCGAGATGGGTTTGGAACAGGGTGGTCGCGGTCGGATAGCTCGCATCCGTATTGGCAATGCCGCGGCCGAGGGCGACGATCAGGTCGTCAAAGAAGAAGAGGGTGGTGCGGCCCTGCACATTGCGGTCGCGCCACGGGTAGTCGTCGAGTTCCATCACAAACGCGCCGTCCCGGTTTTCCAGGCTCAGGCCGCCGGTGAAGCGCTTTTTCATCAGCACGTTTTCGTCCCAGCTCTTTTTGACCAGCAGGGAGGCGGGCAGGGTGATGGCGGTGGTGCCGGGAATCCGGTTCCAATCCCAGCCGTCTTCGACCACGCCGCTGGCTTCGCGCGTGACCGGATTGCCCTGGTTGAAAATCTGGATGCCGCCGTGGCCGAGGTAACGGCCGAACTCATTTTCATGGTAATAGTGTTCGGTGGAGGCGCTGTACTGGCTCATGCCTTTGACGCTGACCATCCAGTTGTCGCGGCGGTGGACGGAGAGCAGGCTGTAGTTGTGCGCCCAGTGGCCGGAAGGCGGGGCCTCGGCCGGCGTGCTGAGCGCGGCGGTCTGTTCCATCAGTTCGACGGCTCCCAGCGTGTTCATGTACATAATCGTCGGCTCGACGTCGGCAATATGTTCGTTGACCGGGCTGGAGGCGGGTTCCCACAGGCGTTTGAGCACGCCGGCCATTTCAACGTCGACGGCCGCGCCGGTTTCCGGGTTCCCGGACAGGGCCATGTAGGCGAACGACGGCATGATCTCGAGCAGGATTTGGTTGTTGAACGGGAAGCGTCCGCAGACGCCCATCGGGACGTCGTACTGGTTGCACATGTTCCGCAGTGTGAGCAGAACGTTACGCAGGTTCTTTTGAGAGTTGTCCGAAAGAGCAAACGGCGTGTCGTGCAGGAAATAGTTGACCAGCGCCGAGAGGTGGAACGCCTGCGGGGCATAGGCACCGGAGTACGGAATGTAGTGATGGAAGCCGGTGTAATCCGGCTTGATCGTGCCCATCCAGCCGTGCGCAATGGACAGCCCGTTGTTCTGCCAGAGCAGCAGCCGGCTCATGTCGCGGACCTTGGCTTTGAGCTGTTCCTCGGTCGCGTCGTTCATCAGGAGAACGGCGATCAGCCGGTTCAGGTAGATGCTGCGCAGTTCGTCGGCGCTGGCGCCGGTCCGTTCGGGATCGGTGTAGATTTTTCCCAGGTTGGAATACCAGCGGATGGCGTTGCGCTCGCGTTCCAGCCGGCCGGTCGCCCGCAGCTCGTCGCGCATCAGTACGACGGCGTTCATGTAGCCGGAGGTGCGCAGCGGTTCGAAATTCATCGATCCCATGGCGCTGCCCTCGTGCCAGCCCTGGTCGTGGCAGTGGTCGAGCAGGTCGAAAAACTTCTGTTTGGAGGCGTCGGAGCCGTTGAGTTTGCAGTCCATGGCCAGCGGAATCATGATCTTCTGGAAAACGTCCCGCCCGATATCCGGCGAGCCGCCGTTTTCTTTTGTGAACAGCGGGGTGCCGGTGATGGTTCCGTTTGCCCGCTGGATGTTCAGCGCGGCGTAGTTGTTCAGTCCGTCCTGGATATACCGCTGGAGCGCCTGGTGGCGCGAGCCGATGGGATCGAGCATGCCCCAGGTGATGTCGTCCATGTTGAAATAGGGGCCGGTTCCGGCGGTGACTAAAAAGCCGCCGCCGTCGATGATGCCGCCGACTCGGTCGGCGAATGATCCCGGAGTTCCTGTGATCGTGAGGGCGGTATCATCGCCGCTGTCGAGGGCGTTGAGCATTCCATTGTTGGCCGTGCTCAGCGGGGTCCACGAAACGCTATGGACGTCAAGGTGGCCGTTGAGGGAGAGCAGGTCGAGGCTGTCCGAGGCATACCATGCGGAGTCGGCGGCGGAGCGGACGAGGAAACGCATCTGGATTCCGGAAAAGGAGCCGAGGGTTGAAAACTGAATAAAGTCGACGGTCTGCTGTGTCGCGTTGGCCGGCGGCTGACTGCCGGAGGCGTCGAAGATGGTGTAGGCGTAGCTTCCGGCGGTTGCGGCCCCCTTGCGCCAGCGCAGCGATCCGGTGTCTTTGAGCTGGATGTTGTCGGACGAGCCGGCGTTGAAGCCGCCCCAGCGGTAGCCGGTGTCCTGGCTGGTCTGGACGGTTTCGTTGCCGTTGCCGGCCTTATCAATTGTTTGGCTGGTGCCGGAGATCGTGAACGATTCGGCGATGCTGGGTTTCGGCGCAATGGCGGTGCCCAGGTTCCAGCGGTCAAAGCGGTCGAGGATGGCGGCAAAGGCATCCCGCTCGGCCTGGCCGGCGCTCGCCGGCAGGGCGGTCGGCGGGGTTTGGCTCCATGCGTAGGAGCTGAGCCAGAGGCTGCCGGACGGTTCGTTGACAAACGGCTGCTGATAATCGCGCTGGCGCGAGCTGATGATGCTTTCCTTGAACTCGATGCGGTCGAAAAAGAGCGTTCCGGCCTGGCTGGCGGCGGGGGCTTCGATCTGCATCATTTCCAGCGTGCCGCTTCCGGAGTAGCCGGGAACCGCGGCGTCTTCCGTGAATTTTACGAGGACGGCGCGCCAGCCGGTAAAGTTGAGGCCGAATTCAAAGGTGTAGCGGGGATTGCCGGCGGCCAGTTCGGCGGCCGAACCGAAACGGAAGCTCAGGGTTTCATCGGATGCGGCATCGTTATAAATCCAGCCGCTGATCCCGCCCCCCGCGACGCTGCCCGCGGCGGCCAGTCCCGCCGGGTTGTTTGCGGTGAGAACGGCCGCGCTGTCGGTGCGGTTCCACTGCAGCGAGCGGGTTCCGTCCTTGAAATGAAGGGCGCTCGTTTCGAGCGTTGCACCGGGGCCGGTCGTCCAGGTTGCCGGGACCGTGCTCTCCTCAAAACTTTGTATCTGTCCGAATGCGAAGAGCGGGCAGAAGATCAGCAGACCTATATTTACGTGAAGGATATTTGAAATACTTTTCAGTTTATACGTTGTTCGCAGCTTTAATGTTTGAGTCATCAATTCACCTTCATTGTTAAGAACGGGGATTCCCTTGGCTTCACTTTAATTTGATCAAATCAAACTCCTGCGCGCGGGAGAGATCAACGGGCTTGCAGGTTTAACCGATTACTAAAGGGTTTTTTTTGAAAGAGGGGCTTTTGCGGCGGGGATGCGTTTACGGTTTAACCGGATAGGATCCCAATAAAACGCCTGTCTTGTTCATCTATCGTTTAAATTATGAGTTGGAAAAGCGGTATTAGACTGAAACCTGAAGGGCGTTGTTATAATGAGCAAAGCAGGGTTGGTAATTATAGCGGGTCTCGTATTTTGTTTTTGTTCGGGTGCTTTTTCGGCACTGACAACGAATGAGATCAATGCGGCGCATGCGCAGATCAAGGCGCGTTACCTGCAGTTTCTGAAAGGAACGCCGAGTTCATTTGACGGACCGCTGGGCACAGAGATTGCGAACCGGTTTGTCGGCCGGGTTGACCTGCGGGTGCGGCAGGCGCAGGCGTTTGATTTTTCTGCAGATGCCGATATTGTTTTTTCGCTCTTTCCGGAAGAGGTGGGGTTTGAGGAGGAAAAAGAGATTTACAGCGTATTCCTTCAAAGCTGGCTGCCGGGGCTGGCGCTGGCCTATACGGTGGATGCGCCGGGCAATTCATATTATCTCGACCCGGCGGTGAAGGATCTCTATTTCCAAGCGCTGGAATATCTGTATGGCCGCGGGATTAAGAGCGGCATGACGTTTCATCGGAACGCGACGCGCCAGCTGAATAATCCGCCGCCGCCGGGCTGCGCGAATATTGTCGATATGGAGCTGCGCATGGGTTCGCTCTGCCAGTCGGTGCTGCTGATGGAGGAGTATGCGGCCGGCGAGTCGATTTTTGAAGAAATGAGGGCACTGGTCGAATTCCTCGAAATGCTGGGATATACGTCGGGGCATGTGGAATATTGGATTCCATATAACCCGCCGCCCGGGCTGGACCATCTGGTGCAGTCGGATGCCATGCAGATTTATCCGGATGTGACTTTTGTTTCTGCAATGCTCAAGACCAATGTAACTGACCGGCACAACGCGCTGCTGGATGCGCAGAATGTATT
NZ_CP047593.1_gap61	1964433	1966078	1645	GGTGGGGACAATCCACTGCTTCCATGCGTAGCGCACTTCCTGCGGTTTCCTGACGGAAGGCGAAGAGATCCGGATTTTTCCATCGATCAGCTCCGCCCGGGCCGGAATGAAGTTTTTGTCTTTGCCGCAGATTTGAAAACCGCTGACCGGTTCGTTTTTTAACATGAGTTCCGACCCGAAGGTGCTGAAAGTCAGTTCGATAAACCCATTATCGCGCGTTGCTTTTTTAAGCTGCGGGCCGCGAGTGACAAGGTTGGTTTCGCCGTAGACCATCTGGCGGGCAAGCAGGGCGAGGCGGGTTCCGACTTTGCCCTTGGAGTGGGGGTGAATGTCTTTGAGGTCGCCGCCGTCGAGCAGAACGGCCATGCCGGTGTTGGGGACGTTGAGGTCTGCCCACAGCTGCGCATCGCGCAGTTCGGGCCACCCGGGGGAGGCCGAGGTGGCAGGGCCCAGGGGCGGAAGCTGGACAAAGAGAAACGGCATGTCGCTGTTTTGGAAGGCGGAGCGCCAATTCTCGATAAGGGCCGGGAAGACCTTGCGGTAGTGGGCGCTGGTTTCCGTTTTTGCGTTGTTCTCTCCCTGATACCAGATAGCTCCGCGGACGGTGTAAGGAACGGCTTGCGCCAGCATGGTTTCGTGAAGGCCGCCGGGACGTTTGGTGTTGTGCGGGCCCATTTTCCAGACAGGGCGGGGATTGGGGGTTTCTTTTGCGGTTTTTTTGCGGGCAAACTCCCTTTTTGCTGCTTCAAATTCCTCCAGATACTTTTCGTAGTCGCCTTCGGCCGGGAATTCTGTCCGGCAGTATGCCTCGTAGGGTTTTAAAACCTGTTCGGCTAGCTCCGGGCTGTTTTGGAAGGCCCGTCGGCTGATCCAGGCTTCGGCCGGGGTTCCGCCGACGGCACAGGCGATGATGCCGATCGGCACATCGCCCAGAGCCTTACGAAGGTTTTTTGCAAAGTAATAGGCGCTTCCGGAAAAGTCCTGAACGCTTTGCGGAGCGGCCGTCTGCCATTGAGGGGTCGGGCTGCTGTCTCCTTCAAAATCCTTGCGCGGAACCGTGACAAAGTGAAGAAGTGGATCGCTTGCCTCGCTGATATCCTGCGGGTGTTCCCTGAACCGTTTCATGGTTCCGGCCATGTTGGACTGTCCGCCGGCCAGCCAGACCTCTCCGACGAGAACATTTTCGATTGCCGATTTGTGATTTCCGTTCGAGGTGGAGCAGATCAGTGTGCGCGGTTCGCAGGAGGCATCCATCGGATCCAGCGTAACAAGCCAGCGCCCCTGGGGGTTGGCGGTTACGGTTTTTTTCTGTTCAGCAAACGAGATCGCAACCGTTTCCTGGGGATCGGCGATTCCCCAGATACGTATCGGAGCGTTTTGCTGGAATACAGCGTTGTCGGTAAAAATGGGCGCGAGTTGCACGGTGGCCATGCAGGATATTGATGCTGTTATTACTGCAATTACTATCTGTTTTTTTCTCATTTTTAGTTCTTTTTTCGTTATTTGCGCTAGCATATCGTAAAGATGACTTGGTTCAAGTTCGTATTTCCTATAAAAAGAGGACGAAAAATAACGCAAAAAGGAATGCTGTATGAATCTTAACGCTGTTGCAGAACGTGCCGGGGTCTCTGTTGCGACCGTTTCC
NZ_CP047593.1_gap62	1969812	1974114	4302	TTTCTGATTCAGGTTATTCGCACCAGTACCATTGTTTATTTGATTTCTCTGTTGATGCAGACGATTACCGGGTTGGATATTATTTACTGCATTCTGTTGTCGGGTGGAATTACCGCCGTTTATACCACGAGCGGTGGATTTGATGCGGTGATCTGGACGGATGTGCTGCAGACTCTGACGCTGATTTTCGGTTCGGTCCTGATCCTGATTATTATCTCGTGTAATCTGCCCGAAGGGTTCAGTCAGATTATTTCCACCGGGGTCGAGTTCAATAAGTTCTCATTTCATCAGCTGGCAGCTAACGGAGAGCTGCAGCCGCTTGCGCATGGGTTTTCTCTTTCGGAAAAAACCGTGATGATGATGTTGATCGTTGGGTTCGTCAATTTCCTGACCGGCCAGTTCGATCAGACCGCTGTGCAGCGCTGGTGTTCGGCAAAGTCGGCCAAAGAGGCCCGTCGTTCAATCTATTTCCTCATGTGTTCCAGCCTCCCGGTCTGGGGGAGCTTTATGCTGGTCGGTACCGCCATTTGGGTCTATTTCCATTGTTTCCCGGATGCGGCGGCCTCGCAGATGCTCGATGGCACCCGCAAAGCGGAAGAGATTGTTCCCTATTTTGTGATCCATTATCTGCCGCCGGGCATCACCGGTTTGGTGATTGCCGCCGCTATGGCGGCGGCGATGTCCTCCTTGAGTTCCAGTATTAACGCGGCGAGCATGGTCTGGGTGCGCGACATTTACCGGAAATTCATGGTCAAGGATCGCGACGACAAGCATTACCTGCGCATCGGGTTTGTTGCGTCCGGGGTGGTGTCTGTGCTGATGATGATCGGGGCTTACTGGCTGTATACTGCGCCGACCAAGACATTGATTGATTTCGGAATGATTTTAAACTCGCTGACCATGAGCGGGCTGGCCGGTGTTTTTCTGATCGGCATGTTCACCCGTCTGGCGGATTCGCGCGCGGTCTGGGCGGGCATTCTGTTCAATATGGCTTTCTCTGGTTATGCGCTGCTGTCGGACCGTGCGCTGCTTCCTGAGGCTCTGTGCATTCCATTCGATCTCTATTTCACCTCGATTGTCGGCAATGTGATCATGATAGGGGTTATCGTTGTTGCTGCCCGTTTCGTTTGGCGAAGCAAAAAAACGAATTTAAAAAACCTGACGTTTCGCGATCAGGAAAAAACAGCGCTGCTTTAGCGTGGTAAGAAAGGAGATCTGAATGAAAACAGGAAAGATATGGAGTAGGCTGTTTCTGTGTGTGTGCTGCAGTTCATTCGTCTTATCGGTAGCGGCAGTTGAAGTCCGCCGGGTGGAATCTCCGGCTCCGGAGGCTCCGATCCGGCTGGCGACCGGTTTGCTGAAATCCCCGGACGACGCGACGTGGGGACTGCCTGAGATTCCAGACGCGGAGGTGAAGACCGTTTACCGCGGAAACACGGAGACGGGTACGTTTGTAAATCATCCGCAGCTTGCGGTTTTTAAAGACAGAATGTACGTGGCTTTTCAGCTCTGTCCGGCGAATGAAGATTCAAGCGATTCGGTCGCCGTCTACAGTTCCAGTACAGACCTGAATAAATGGACTGCTCCGGAAGTGATTGGGCCGCCGGCCGATGGGCATATCTTCCGGGCGAGCGCCGGCTGGATGCAGGACGATGACCATCTGTATGCATTAATTATCCGCCGGGATGATACGGGACAGATTACATCGACCGAATATCGCGCAAGCACCGACGGGCAGAACTGGTCTGAACTCGGCATGCTGCTGCCGGACATGATGGCGGGCGGCAATAGTCGGGCCGTTACACCCGGCGGACGGATGCTCATTCTGGGGCATGGCCATCACGACGACGAGGGGCAGTTTGTCCGTGATGCCCGGTCGTATTATCACGACGGCGGTGATCTTTTGAAAAACTGGAAGCGGAGTGTTTATCCGCAGGAGACGGTGGAGGTTGCCAGGCAGGGCCGGTTCATGGGACGAGAGGTGGAGGCGCACTGGTTTCGCCGTCCGGATGGTATGCTGGTGCTGGTGTCTCGCGATATTCTGCGGTCCGGTTATGTGATGGCTGCTGAAAGCAGAGACGACGGTGCGAGCTGGGGCAGATCGCTGCTGACGAACATTCCCGATTCGTCCAATAAGCAGTGTGCCGGAAGCCTGCCGGACGGAACCTGCTACATGATTACAACCCCGGGGCCGGTGGAGAAAAACGATCGTCTTCAGCCGCGCACGCCGCTGGTTCTCTGGCTGAGCGACGACGGCGTTGTGTTTGACCGCGCTTTTCTGATTCGTCGTGCACCGGCGCCGCTTCGGTTTGAAGGAAAGAGCAAGACCTTTGGCTACAGCTATTTCAGCAGCCTGGTTCATGACGGAGTTCTTTACATCGCCTATGCGACCAATAAAGAGGATATCGAGATGTCCTGCATTCCGCTGGAGGCATTAGAAAGAAAATGAAGATCAATAGAATAAAACCGGTTGTTTGTGCAGTCGTTATGCTCGCTGCGGGAGGGGAGTCCGGAGAGACGCGCCGGGCTGAGGCGCCGAATCCGTCGGCGCCGCTTCGGCTGGCAGGCGGGCTGCTGAATGGTGCGGATGATGCGACATGGGGATTCCCGGAAATCCCCGGTGCGTATGTGCGGGTGATTTACCGGGCGGATGAACAAACCGGAACGTTCGTGAACCATCCTCAGCTGGCCTTCTTTAAAGGTCGAATGTACGCGGCCTTTCAGCTTTGTCCGGCGAATGAGGATTCCTCCGATTCCGTTGCCGTTTACAGCTCCAGTTCGGATCTGAACGAATGGACTGTGCCGGAAGTGATTGGCCCGCCAGATGTCGGCAATACCTTTCGGGCCAGCGTCGGCTGGCTGCAGGATTCCGACCGTCTCTATGCGCTGATTCTTCGCCGGGATGAAACATTTGAAGTTGCCCAGACTGAATACCGCTTCAGTACGGACGGAGCAAACTGGTCAGACCTGCAGGTGTTGATTCCGGACATGATGGGGTCCGCCGGCGGGCGGGCGGTTATCCCCGGCGGACGCATCCTGATGCTGGGTCACGGCAACCGTGAAGTGGATGGCCGAAGCCAGCGCGAGACGCTGGTCTATTATCATGCCGGCGGTGATTTTTCCACGGGTTGGAAGCAGGCGGATACGCCGCAGGAAATTCTGAAATACAGCAGTGCGGATAAGGTGACCGCCCGCGGAATTGAGCCGGACTGGTTCCGTCGTCCGAACGGGGAGCTGGTACAGGTTTATCGGGATATTGTCAGGAGCGGTTATGTTCTGGCTTCTGTGAGTACCGATGACGGAGAGCGCTGGAGTGTTCCGCTTCTGACGGATATTCCCGATTCGTCCAATATGCAGTGTGCCGGGAACCTGCCGGATGGAACATGCTATATGATCACAACGCCGGGGCCGGTGGAGAAAAATAACGACCGGCTGCAGCCGCGCACGCCGCTGGTTCTCTGGCTGAGTGAGGACGGTGTTGTATTTGACCGTGCGTTTCTGGTTCGTCGCGCTCCGCCCAGGCGCCGCTTTGAAGGAAAAAGCAAAACCTTCGGTTACAGCTATGTCGGCAGTCTGGTGCATGACGGGGTCCTGTATATTGCTTATGCGACCAATAAGGAGGATATCGAAATGTCCTGTATTCCTCTGAACAGTTTGAAAGGGACAGATGTTACGGCCGGTCGCAGGAGCGCTGGTTTTTAAAGGTAGGGAGATGGAGAATGCGAGTTATATATTTTGACCTCGATTGTGTGCGCCCGGACCATTTGGGCTGTTACGGTTACAACCGTCCGACTTCACCGAATATTGACCGAATGGCGGCAGAAGGGGTGCGGTTTACCAACTATTACTGTACGTCTTCGCCGTGTCTTCCGTCGCGTTCCGGACTTTATTCCGGACGTTACGGAATCCGCAGCGGAACCCTTTCCAATCATGGAGCCGGGGCGGAATTTCATATAGAGAAAGAACTCTACTGCGGTCCGAAGCCGGAAAACGAAATTTTCCCGCGTCAGCTTCGCCGCCACGGACTGGATACCTACTGCTTCTCCACATTTGCGGATCGACACAACGTCTGGTGGTGGTCTGCCGGCTGGACGGAATTCCATACACCGAACCTGAAAGGCGGGCTGGATACCGGCGCGGAAATCAATGAAAAGGTGCTGCCGTGGCTCGAGAATAATGCGCGTAGGGATAACTATTTTCTGCATATCAATTACTGGGATGCCCACCGGGTTTACAGCAAAGACCCTTCGTGGGCTGAGCCGTTGAAGGATTACCCCGTTGCTCAGGAATGGCCGGATGAAG
NZ_CP047593.1_gap63	2014590	2015935	1345	CAGTATAAAATGTGGGACTGGAACCAGGGCGGGGCGGATATGCGAACCTATCGGACGCCCCGTTGGAAGCTGGTTCGGGACTTTAACGGGGTTATTTCTGATGAGCTCTATTATTTGTATGAAGATCCGAGTGAATGGCACAACCTGATTGATGTCAATGAGCCGCAGGTTCAGAAGTATAGGGAAATGCTGAACCGGAAACTGATGGAACAGATGCGGGAAATTGACGATCCGTCTTTGCCTGACAGTCATCGGGATTAGCGAAAATCGGCTGGCGGGTGCGCACTGAAAACTTTAGTGCTTGCATGCTATGAATAGTCGTTTGGTCATATGGTTTTACTGGTGAATGAGTGGATAATTATCGTTGTGAGTTAAAAAAGGTATTGAATGTTAACGGATAAGAATCGGAAGGAGTAAAGGATATGAATGTAAAAAAAGTAACGGTACAGTATATGGCATGGGCTTTGTTTGCCGGCATCATCGCAGTTCGTGCCGAAGTGGTTGCCTTGTGGGATTTTGAAGAGGGAACGGTTGATTCGAACATGGTTGTATCAACGGATTCAGTTTCCGGATTAATTGCCGTTCCTGCCACTGTAAATCCTCCAATATACATTGCGGGAGCCGATGGCGTTGCCAAGGGGGCCGGCATTCTTCGGGTGGAAGATGCTTCCGGACTTCTCAATGGGTTCTCGGAATTTCATATCAAGTTCGATATCGACCTGACTCAGGATGCGACAGGCGGAACGCAGGTTTTTCTGAGAAACGGCTGGGAGAAAGTTTCCTTTGATATTTACCTGCAGGCGGATAATACGATTCTTGCCTGGTTGGTCGATACAAACGGAACGGAGCAAACGGTCAAAGCGGTTGGTTCTGATTTATCGGCGGATGCCGGATGGCAGACGGTTTCGGTTGTCTGGGATGGTTCGGCGATGTCCATTTCAGTGGACGGTGCGGCACAGGGACTGAACAATACAACCGACACCTCTGTTGCTGTTGAACTGGGCGCTCTTCAGGCTGCCAATGTCGACCTGGCGATTGGAGGAGCGCTTCGTTCGTCCGGAACGACAACCCAGTATCTGTACGGCAGGATGGATAATATTATAATCAGCAATACGAGTGTTCTTCCTGTGTCTGCTTCTATTTCCAGCCTGGCTTCTGTTTCCGGAGATCTGATCCGGCTGACGGTCTCCACCGATTCTCCGGTTGATTTTTATCCGAAAAGCACGACCAACCTTGCGACTGCCGTCTGGACGGGAGTTGCTCATTCTGATGATGGCCTGAATCCTTTTGTGGTAACCAACCTGTCCTATTCAACCCAGGCAGGGGCCGACCGTGTCATTTACCT
NZ_CP047593.1_gap64	2017570	2018870	1300	TGGAATTTCCGGGCTGACACCGTTGCCGTATGATTCCAGCGTTGTGACGCTGAACGACGGGGTGCTGCTGTTGGATAATCAGAATCGATCCGATGCCGAAGGGTCCATATGGGTCATTCCGGACGATCCTGTTTTGACCGGGCATGCCGATGGCGGATCGGGATATACTTCGCTGATTCTGGAAGCGGATGTGAAACCATCGGCAGTCAGCGAACAGATGCAGCTTATTCGAAAAATGGATGGAGAGCTCGGGTATCAACTTTTTATTCGAAAGGATGGCCGGATCAGTTTCCGGATACGAACCGACGAAGGAGCATTTGCTGCGACCAGTAAAAATGCAATAGCTGCGGACGGTCGGTGGCACCATATTGAGGCCGTTTGGGACAGCAGTCTTTGGAGTTATAACATACACCTTGCCGTGGATGGGGTTGTTGCCTGGAAGTCGACCAAAATTAAAAACCTGACCGATACGACGGGTCCGCTGACCATTGGCGGGCTGTATCGTTCGGCGGGGAATATCGGGCAGCGCTTTTCGGGGCAGATTGATAACGTTCAGATCAGCGTAGACCGTCCCGAAGTCATGCAGAAGCCAGGCAGGCCTCTCGAAGACCCGGCGGTTATGACCGGTCAGCATCTGACGAATCAGCCTGGGTTTTTGTCCATGCAGTTTGTGTATCAGGAACCGGTTACGCCGGAGTGTCATGCCGGCACTTTGGTGCAGCGCCCGGACGGTTCGGTGATGGCCGCCTGGTTTGGCGGTACTCATGAAGGACATGTGGATGTCCGGATCTGGCAGAGTGTGTTTGATGGATCTCGCTGGTCGGATCCTCGCGATGTTGTTGCTCAGGGAACGTTTAAAGACGGCAGTCCGAGTTCTGTCTTTAATCCGGTACTGTTCCAGTATCCGGATAGCGGTCCGATGCTTCTTTTCTATCTCAGTGGTAATTTTAATCCCGGAAATATGATGAGCAGCTATGATGGAGGCCGCACCTGGTCTGATTGGGTCGTTTTGCCGGGAGATATTCGAGGGGCTTCTAAAAATAAGCCGATTCTGTTGGATGACGGAACATTGATCTGTCCTGACAACGGGAATAAGGGGCTTAAGTTTGACCGGACCCGCGACTTTGGAAAAACATGGTTGGAGTCCGGCCTGACGCCGCCCGGCGAAATTGATGCGATTCAGCCGGCCCTTCTTGTGCATCAGGACGGCCGCCTGCAGGCGCTGGCCCGTTCTAAAACCGGATCCATTGTGACAACCTGGTCCGAAGACCAAGGGGCCACATGGTCTGCGTTGGAAAAA
NZ_CP047593.1_gap65	2209182	2210299	1117	GATGCGATGGAAGATATCGGGAGCCGGGTTCTGGACGCTTTCTTTCCGACCGGTGTGAATCCGGCCACCCTGAGTGGGCAGTCATCCGCCGTCTATTACGATCAAGAAGAGCAGCTCATGGTTTCGGGCTTCCTGACGTTTCTGGACAGCAGCGGAACGGCGCAGATCTTGTCGGCACCGTCGCTGGTGATGCGTCGCGGCCATACCGGCAATATTCTTTCCGGTGAAGATATTCCGATTACAAAATCCACGCAGAACTCCGCCGGCACCAATTATTCTGTCGATTACAAGTCCGTCGGCATCAAGCTGTGGGTAACCCCGGAGTCTATTTTTAACGATCGCGTTGTGCTTGAGGTGAAACCGGAGGTTTCCAACATCATTCGTTACGAAGAATCTGCTGCCGGCCGCAACCCGGTGATTGCCATTCGTAATGCCAGCACGATGCTGGAAATGAACGACGGGTTCATGGTGTCGATCGGCGGCCTTTTGCGCGAAGAGCAGATTGAGAGTCAGAAGCAGGTTCCAATCCTCGGAAGCATTCCCCTGGTGGGAACGCTGTTCCGTTCATCATCCAGTGAAAAGATCCGGTCGCAGCTGGTCATTTTCCTGACGGTCAACATTGTGGACCCGGCCGATCTTTCGGTGGATACGATTGCCGATGAAATCCCGCCCAAGCTTCAGGAACAGGTGGATGCCTCGAGGCAGGCGTTCCCGCCGCAGAAGCGGTCCGTCTGGGGCGGAATCAAAAAACTTTTCCGGTGAAAATGATGCGAGGTTCTGTTCGTCCGTATATGTGCTGCCTGTTTGCGCTGAGTCTTCTTTGCGGCTGTGGAAAGAAGAAAGACAGCGATAAACAGCTCGATCAGGTTTATGAGGTAACCCGCGGCAGTTTTAATATTGTCATTTCCGCCAACGGAACGCTCGACGCCATCAAACGCTACAATATCGAAGCCCCGCCTGTTTCCAAAAAGGGGCTTGATATTATCGAGGCGGTCGAAGACCAGACGCCGCTGAAGAAAGGGGACCTCATCGTTGCGTTTTCCGACGAAAACTATCTCGATGAGCTGGAATCGCAGGAGATCAAAATCGAAGAGGGCGAGAAAAACCTGATGCTTGT
NZ_CP047593.1_gap66	2216540	2217582	1042	ATTTTGAGCAAACGATCAATTGCATATATGGTGTAAATGGGACAGGCAAAACGGTTCTAATTAATTTGATCGTTAATGCTCTTCGGGTAAATGCAACAGAATTATTGAGCGCGCCTTTTGAATCAATAACAATTCTAACAGCCGCTGAAGGCAAGAGGCAGCCTGAGACTTTTCTGACAGTTTCAAAATTTGAGGACGAACTTCAATATGTTTTCCATATCGATTGTAAGCTAGATGCAGATTCCCCTGTTGGGTTCGAACAATGTCAGGAGTTCAGGTCTGGGATTACTTATATTCCTTCTTTTGGGAGTCATCGACGTCGTTCCCTTCGGCAGTTAGCTATGCCATTTGATGATGACCAAGTTTTGGTTTCTGCTGATGATTTGTGGAATGTCATCAATCAGCACGTATCATTAACATATGTTCCCTTACTTCGCCATAGTTCCTCGAATGATAACCATATGAGCTCTGATGATTCCACTAGGTTCCGTTTTGCGACTGGTGATGACAATGGCAATGAAGACCCCAATGATAGAGTTCTTAAAGGGTTGCAGAAAGAGTTCTCAAAGAGGTATGCGTCTGCACAGTCTGACATCGCCAGACGACTAGAATCTTTGAGTTCGATAATTTTTGAAAAGCTTTTTTTAAGCGAGCAAACGGCTGAAGAGACTTCGGGAGCTCAGCAGTTTGTGGCGGATTTTATTCAGAAGGGAAAAACGGATGAGGACAGTGATAAAGTTGAATCTGTTGTCTCTCAGATCCGAGATCTTCATTTAGGGATTCCTGAAAGTAATATTAGGAATCATTATAAAACATGGTTTGGTATGCAGAAAGAACTGCTTTCTGCGAATAAAGAGTATCAGGCAATGCAGTCTGCTGGAGCGACCTATTCCGAGTTAGAGCGCGATAAGGTTCTCCAGTCTTGGAGTGCCGCATATTTCAACATACTTGCTACAAGTAGAGTTTATGAAAAGTTAGAGGATGCTATTCAGGAAATCCAAAAGGTTTTTTTATCCAAACAACTCGTGTTGAGCCCATTCAA
NZ_CP047593.1_gap67	2228985	2231580	2595	GCACTTTTGAGAAGTAGCCGACCACGCGGGTTTCGCCGACGACGTCTTCCGATTCGCAGGACGGACATTTTTCCAGCAGGCCGCGGGTCTGATGATGGCAGCTGTTGCAGAAGGTGAATTCCGGGGAGACCGTGACCTGCGCCGACTGGGTGCGGAAGAAGGTTTCGGTCATCAGCTTCTCGATGGAGGCTGCGGACGGTTTTTCTTCTCCAATGAAGGCGTGGGTGATGGCGCCGGATTCAATCAGGCTGTGATATTTTGCCTGTTCCTTGATGCGGCCGACGAGGCCGACCGGAGCGTCTGCGGTGAGATGGACGCTGTTGGTGTAGTAGCAGACGTCTTCGCTGTCGCCCTTGACGATGTTCTCGGCTTCGTCGCGGAAGTAAACCAAATCCGTTTTAGCCATGCGGCGAGCGGCGGATTCGGCCGGAGATTCTTCGAGGGTGAACTTGAGATTGTATTTCTTGGCCAGTTTTTTTGTTTTGGCATACATGTGCGCCACGATGCGCAGGCCGAGCTGCTGGGCTTCCTGGCTTTCGTGCAGTTCCTGGCCGATCAGGAACTTGGCGGCATCGTTGACGCCGATGAGGCCGAGGATATAGGTGCAGGTTTCCAGGTCGACATAGGGTTTGCCGTCGCAGGATACCTTGCCGATCTGCCAGAGCGGGTGGCCCGGGCCGCTGATCATTTCTGCAATCTTATCCTTTTTCTGGATATGTGCCTGTACGGCCAGTTCCATGGTGGAGTCAATTTCGTCATAGAAGTTCTGCAGGATATCGCCGCCTTTGCGGGCCCCGCGGTATGCGGCCTGCGGAATGTTGATGGTGACGTTCTGGAAGCCGCAGAAGCGCATGCTTTCCGGATGCAGCAGCATGCGGTTGTCATTAATGGTCGTGCGGAGGCGGCAGCAGGCGGACAGTGTGACTTCGTCGCGGTCGAAGATGAAGTAGGTCGAGCCGTTGCGCTCAGCCAGTTTGCAGGCGGCCTGGAAGATTTCGTACTGTTCCGGGTCGCTGAAGGTTTCATCGCTGATGTGGAAGTCGCATTTCGGGAATTCGAAGATGCGGCCGTTGCTGTCGCCGTCGCCGAACACCTCAAGCAGGGCGCGGCAGAATTCCTGGCTTTCTTTGGTATAGTCGCCGTAGGTGACGATTTTTTCGCCGCGTTCTTTCAGCGCTTTTGCCACTTCCGGATCGTATTCGACGCCGTCTTTGCCCTGAATCTCGCGCAGGACGAGGCGCTGGGAGCCGTCTTCCTCTTCGAGGTAGAGGTCCATCATCTTGTATCCGCTGGCATCGAGTTCGTCGCGAAGCACTTCTTCGAGCTGGACCTTGGTGCCGTCTTTACGGCGCAGCATATATTTGCCGCCCGGACCGATGGCAGGAACCACTTTCAGATAACCCGGCACGCCGCTGTGGATGTTGAAGTCGAGGAACAGGGTCTGTCCACCGCGGCTGAACGCATTCTGGGACCCGTTGAAAATCAGTTCCTGAGCAATCTGCTTCAGTTCTTTGGCGCCCATGTCTTCGAGAAGCGGGGCGTAGAGAATGTTGATGTAGGCAATGCCGAGAGCGCCGGCGTAGTTGGCCTGCATCGATGCAAGGAAGGTGTTGAGGTGACCGGTCAGCACTGAGGCGGAACGGGCCGGGCTCGATTCGGTATTGAGGTTCACCAGGCCCTGCAGGCCGTACTTTTTAACATACTCGATGGAGTGGCTGGAGCAGTAAACGCGGTGCGGGTAGCCGAGGTCATGCAGGTGGACTGCGCCGGTATTATGGGCGCGCTTGATGTCTTCGTCAAAGATGGTGTCGAGGGCCCACTGTTTCAGGACGAGCTCGGCGATGCCGAGATTGACCGCTTCCGGGTTGTTGTTGACGATGTTGGAGTTTTCGGTCGATTTGGTGAACATCAGGTTGTCGACATAGTCGCGCGGTACACCATAGAGAGAGAGGTCGCGCAGCTGGGCGGAGAATCCGCGTTCAGCCAGCTCGTTGTTGACCATTTCGCGGATGAGGGTGGTGTTGATCGTCGTGATCTTTCCGCCGATGATGCGGTTTTCGACTGATTTCGCGATGCTGATGGACATTGCAACAGACAGATCGGTCTTATCGAGAATCTGTTTGACGATTCGTTTGCGGTCCCAGGGAAGGGTGACTTCAGAAGAGTTGGACTCAACAAGAAGCAGGCTGGCATCGGTCACATCAACATTGTCTCTGGAATCGCCGCGAACGCGAATTTTGCGACGGGCGATATCGCGCTGTTTGCGGTAGCGTTTGTAGGCGGCAACAACGAGGGATTCATTGTTGTCGGAAAGCAGGATTTCAACGAGGTCCTGAACGTCTTCGATCAGAGGAATACGTTTGCCGTCGTTGTTGGCGTGAACATAGAATTCGGACTGCGGATTGTTGAGCTGCTCAACCACCATCGAGGTGATTTTCAGGGCCAGACCTTCGTTGCGTGGAGTTCCTTCTTTGCGGGCAACTTCTTCCACTGCATGGTGTATCGCCATTTCGATTTTTTTGGGACTGAAAGGAACTACCAAGCCCGATCTTTTTCGGAATCCGTCGAATAGCTCGTCTTTTGATACAATTGTTT
NZ_CP047593.1_gap68	2294493	2299166	4673	GCGCGGGCGTCAACCTCGAAATGATCAATCAGGGTGCTTCTGAAATCAGCATGATGTTTGCTGTAAAAGACGCTGACCGCGAAAAAGCGTTGCGTGCTCTCGGCTCAGAATTTTTTGGGGTCTGATCGCCACCTGATCGCTTTTTATTGTTTCCGTTCAACAGAAGCTGAGACGGGCGTGTCCTATACATTTAAATGTATGGGATAAGTTCACATGTAAGCAGTTAAAAGAAATATGCTTATATAAATTCATTAACGATGCCGTTCGAGTCTCTAGGGGAAATCTGGAGAGCGGTGCTTCCGATGTGGAAACAATATAGACAATGCGGTGCGGGCAGGGCATATTGGACCGAGTTTAATGGAAACGAAGCAGAACAGTGCGTTGTTAAGTGTTGAGGATCTGGAGGTTCATTTCGGACCGGTTGATGATCCGGTCCGGGCGGTTGATCGTGTGGATTTTAATATTTTTCCGGGCGAGATTGTTGCGCTGGTCGGCGAGAGCGGCAGCGGCAAAAGCATCAGTGCGCTGTCGATTGCCAAGCTGATTCCTCAACCCGCCGGGCGGATTGTCGGCGGAAAAGTGGTTTTCCAAGCATTGGAAACGTTGGGGCTGAAAGATTCTGAACTTCGGAAAGTTCGTGGTGATAAAATTTCCTATATCTTTCAGGAACCGGCGACGTCGCTCAATCCGGTGTTTACAGTGGGCTGGCAGATTGGTGAGGCGATTCGTTTGCACCGTAACGATGTACAGGTGAAGCCGGAGGTGGAAAAACTGCTGGCTGCGGTTGGGCTTCCCGATCCGAAGCGCACGGCGAAATCTTATCCGCATGAGCTGTCCGGCGGCATGCAGCAGCGTGCCATGATTGCAATGGCTCTGGCGTGTGACCCGGACCTGCTGGTCGCCGATGAGCCGACGACTGCGCTGGATGTGACGGTGCAGAAACAGATTCTCGAGCTGCTGATTGATCTGCGCGAGAAACGAGGGCTTTCGATTTTGCTGATTACTCACAACCTCGGAATTGTCGCGAATGTGGCGGATCGGGTGTATGTGATGAAATCCGGAAAGATCGTTGAGTTTGGCGAAACGAAGACGGTTCTGAAAACTCCGCAGCACGATTACACAAAAAAACTGCTGAAGGCCGTTCCCCGGCTGCATTCAGTTAACCGCCAAGACGCCAGGAATGTATAGAGAACCATCCAGAAAAGTCGATGAGATGGCAGCATTGGTAATCGATGCGGCGTTGGAGGTACATAAGGTTTTGGGGCCGGGATTTTTGGAGTCAGTTTATGAAGACGCGCTGTGTCTGGAATTGTCTTTAAGGAATATTTTTTTCGAGCGGCAAAAGGCTGTGCATGTTTTGTACAAGGGCAGTGCTGTGGGCGAGGGGCGGATTGACATTCTGGTTGGTGGAGAGCTGATTGTTGAACTCAAGGCTGTAGAAGAGTTGGCTCCGATTCATACAGCCCAGGTTCTTTCATATTTGAAAGCAACAGGTTTTTCTTTAGGCTTACTGGTCAATTTTAATGTCCCATTGCTGAAGAATGATATAAAGCGGGTGGTTTTATCCTCTTAATCTTGGCGTCTTGACGGTTATGAATGAGCTTTTAGAAGTTGAAAATGTAAGCGTGCGTTATGGCGCGCTGGAGGCGGTACGCAATGTGAGTTTGTCGCTGGCGGCCGGTGAAACGCTTGGGCTGGTGGGTGAGAGCGGGTGCGGCAAAAGTTCACTGGGTCGTGCCGTGCTGGCATTGGAGCCGGCTGCATCGGGCCGGGTTCTTTTTGAGGGCAGCTGTGTGCACGAGTTGAGGGGGGCTTCTTTGAAACAGTTTCGCTGCGAAGCGCAGATGGTTTTCCAGGATCCGTTCGGGTCGCTGAATCCGCGCATGAGTGTGGGCGCGGCGATTGAAGAGGTGCTTTATGTGCATGGCCTCGGCAAAACGAAGGCTGTACGGCGCGAGCGGGCTGCCGAATTGTTCGAAAATGTGGGGCTGAATCCCGACTGGTTGCGACGCTATCCGCACGAATTCAGCGGCGGACAGCGCCAGCGGATCGGGATTGCGCGTGCGCTGGCTGTGGAGCCGAAACTGCTGGTGGCCGATGAACCGGTATCCGCGCTTGATGTGTCGGTGCAGGCCGATATTGTTCGTCTTTTGAAAAAACTGCAGCACGAACGCGGGCTGGCGTATTTGTTTGTTGGGCATGATCTGGCGGTGGTCCGCGATATGAGCGATCGCATTGCGGTGATGTTTAACGGCGAAATTGTTGAAACCGGCAGTGCGGATCAGGTTTGCGACGGCCCGCAGCATCCATATACTCAGAAGCTGCTGTCTGCCGTGCCGGATATCGATACGGCTTTGGCTTTATAAAAAGGAGAATTCCATGAAGAGTATAACACCGATTCGTGAACTGACTGCAACAGCACGCGCCGGACTTTCCGGCTGCTGGGGAAGGTCCATAGGTGTGATGCTTGTCTATTTTCTGCTGCTTTCCGGATCCAGTCAGGTTCCGTTTGCCGGCGGAGTTCTTCAACTGATTTTTACAGCTCCGCTGGTGGTCGGTCTGAACCTTTACTTCCTGCAGACGATCCGGAAGGGAAGTAATCCGTTTGCTCTGCTGTTCGGAGGCTTTGACCGGTTTGGAACCGCATGGTGCGCTCACATGCTGGTCGTACTGATCATTTTTGCCTGGATGATTCCGTTTGTTGTTGTCGGGGGAGCGGCGGCTTTTTTTGTGCATCCTGATCCGGCGGTTTTCCCCGGGTATACGATGACTGCGCTGTATGTGCTGATCGGTCTGCTTGCAGCCGTTGTCCTGATCCCGGTTCAGATGCGCTATGCCCTGGTTCTTTATGTTGTTGCGGATGATTCCTCTGCGCGCGCGGTGCAGTCGATTCAGCGCAGTGCCGCGCTGATGAAAGGCAACTACTGGCGACTCGCGCTGCTTTGGCTGAGATTTGTCGGCTGGCAGGTGCTTGCTGTGCTGACCCTCGGAATCGGGTTTTTATGGGTGGTGCCTTATATGTCGGCGGCTACAGCCGCATTTTATGATGACCTCACGCGGAACGGCTGAACAGCCTGTTTCGAGCTTGCCAAGGGCAGAGGCGGACTTTAGCATGTTCGCCTTTGTAATTTTCAGAACCCACAGGAGAAACGCGCATGTTTTTACAGATTCTTGCAATGGCTGCAGCACCGGCTGCTGAGGGCGGAGAAGCCGCCGGTGGAGGACTCCTCCAGTTTATGCCGCTCGTCTTTATGGTAGCAATTTTCTACTTCATCATGATCCGTCCGCAGCAGCGACGCGAAAAAGAACGCAAGGCCATGATTGCCGCTGTGAAAAGCGGTGAACGTGTACTTCTTTCCAGCGGAATCATCGGCGAAGTCTGCACAGTTAAAGAAAAGACGCTGATTGTGCGTATTGCAGAAAACACGAAGGTCGAAGTCTTGAAGTCTGCTGTATCGCAGATTATCGAAAAGGGCGAAACTCCGAACGACGTCAAAGCTTAATTGGGTGGGAAAAGGCAACATATGAAAAATACATTGTGGAAATGGCTCCTGCTGGCGGGTGTAACGGCTTGGTCGCTGGCGCTGGTTCATCCGTTCAAAGATAAAGTCAAACTCGGTCTCGACCTGCAGGGTGGTGCCAGTTTTACAGTTCAGGTGGATCGCAGTAAAGTTGAAGAGCTGATTAAGGACGAAAATCCGGAAATCGGCGGCTCAAAACTGTCCGCGAAGGTCGATAAAGATGTTCAGACCGCCAAAGATGTTGCGTTGGAAGTGATCCGCAATCGTGTGGACGGCCTCGGGATTGCCGAGCCGGAAATTTATCCGCAGACCGACACCGACAACATTATTGTGCGTCTGCCGGGAATCGACTCCGAAAATATCCAGGAAGCCACGGACCTGATTCAGCGTGCCGCGTTCCTCGAATTCCGTTTGGTGCACATGGACAGCGACAAATGGGTGAGCGAACTGTTTGCAGAGCGTCTTGCCCCTCCCGGTTATAAAATTCCGGATGCTGCCGGCGGCAACTACTACATTCTCGACCGCAGTGCCGGCAAAGATATTGACACCAAGGACTTCGGGAGTTTCGGTTTCCGCGGTAAAGCGGAGTTCATGCTGATGAAAGACAGCCTGCGCGACGGTTCCACCATCTATCGTCCGCTGTATGTCGAAATCCGCAACCAGCTGCCGGGCACCTCGCTCAAAGATGCTTCCGCGCAGTACGACATGAACAACCAGCCGTACATCTCGCTTTCCTTTGACAGCAAAGGTGCGGATCGTTTTGCTCAGATAACGGCATCCTATTCTCCGAACGGCGAAAACAATCAGAACAACAATGAAGGTCGCCGCCTGGCGGTCGTCATGGACGGCACTCTGTATTCCGCTCCGAGCATCCGGGAACCGATCTACGGCGGAAGCGCCCAGATCACCGGGCAGTTCTCTGTGGAAGAAGCGATGAAGCTGGCCAATGCGCTGCGCGCCGGGTCTCTGAAAGCGCCGCTGAATATCATTCAGAAAAGCGAAGTGGACCCATCCCTTGGAAGCGACTCCATTCAGAGCGGTATTCGCGCCGTTATTTTCGGCGGCATTCTCGTACTCGTTTTTATGGCGCTCTACTACAGATTTGCCGGAGTTATCGCCGACCTTTCCCTGTTGCTCGTCATGATCCTGCTT
NZ_CP047593.1_gap69	2306651	2308053	1402	TGTGACTGAACTCGGCACAAAAGTTGACCCGGCCACTCAGAAGGTGGTTTGCAACGGCAGGCCGGTTTCCCGCGAAGAGAAGGTCTGGGTGATGCTCAATAAGCCGACCGGCGTTATCTGTACCTCAGATGACCCTGAAGGGCGCGAGCGGGTCATCGACCTGGTTCCCGACCTCGCGGGTCGTCTTTACACGGTCGGACGCCTCGATGTGATGAGCGAGGGCCTGATTCTGCTGACCAACGACGGCGAGCTGGCGCACCGCCTGATGCATCCGCGGCATCATGTGGAGAAAAAATACCAGGTCTGGATTGATCGTGAACTTTCGAAGCAGGACATCGCCCGGATGCTCAAAGGCCTCAACTGTCGCGGCGAAATGCTGAAAGTGCTCAGGGTGGAACCGTTGAAGCGGATGATTGCCAGTCAGCCCGGTTATACGCTGACCCTTGGCGAAGGGCGTAACCGACATATTCGCCGGATGATGGAAGCCCTGGACTGCAAGGTGGTTCGCCTGCTGCGGGTTTCGGTCGGTCCGCTGCGCCTCGAAAAACTGCGTTCCGGTGAATATCGCGAACTCGCTCCGTGGGAACTCGAAGACCTGCGTAAGGCGGTCGGTCTTTAAATGTAAATAGCTTTATCGTTTAAGAGTTTTTTTCAGCAAACAATTAGACTTTTGTCTTTCCTGCTTTTAAAGTGTATGGGTTATGCCGCCCCATACTTCTCCAGTGTTTTATGCTCACAGCAATGGTCTCGACCCGGCTCACTGGCAGCCGCTTGAAACGCACCTGAAAAACGTTGCTGAAAAAGCGGCCGATTTCGCTCAACCATTCGGTGGAGAAGAGTGGGGGCGACTGATCGGGATCAATCATGATTTGGGAAAAGGGACGCTGGCTTGGCAGGCATGGTTGCGGCAGGTGAATGGCATTTCCGATGAATTTTCCGGACATTACGCTGGGCACCCAGCGCATGCGGATGCTGGGGCGCAATGGTTGTTCTCTCAATCAAAACAGGCCGGACAACTTTTGGCTTATTGCGTTGCTGGGCATCACGGAGGGTTGCCGAATTGGAATGAGGGTTCTGTTCGTGCAGGTTTGAAAGTTCGTTTGAACCAGTCCATGCCGAATATGAAACTGGCGAAGGTGTCTTCGATTCCTGCTGAACTTCCATTTGTACTGGATCCAGAGCGCTTGGGTTTTCAGCTTCAGTTTTTTGCACGGATGTTATTTTCTTGTCTGGTTGATGCTGATTATTTGGATACGGAAATGTTCATTGATGGTGAAAAGGCCAGGTGGCGTTCCGGATATCCGAAGTTGGATGAGTTATCAAAGTGCTTTTGGATGCGGTTTAATGCGTTGCGAGAAAAGGTAGATATCGCGTCGCCGGTTAACCGGCAAAGAGAACGCGT
NZ_CP047593.1_gap70	2311666	2312624	958	GTCTCAGCACCATATTGGAAAAGCGGAGTATGGAACTGTTTCAGATCGGCGCATCGCGGAAATCATGGAACATGTCGATTCGTTTCCTGCACACATGGGCTTGCAGGATCAGGGCTTGTTTGCCATCGCCTATTACCAGAAGAAAAACGATTTATACCGGAAGAAAGAATCAAAAACTGAAGGAGAAGTAGCATGAGTGAACCCATCCAAAATCGTTACGAGTTTGTTTTGCTGTTTGATGTGAAAAACGGAAACCCCAACGGCGATCCCGATGGCGGAAACCTGCCGCGCATCGACCCGGAAACCGGACATGGGATTACCACTGATGTCTGCATTAAGCGCAAGGTGCGCAACTATGTTGAACTCACCAAAGAGGATCAGGCTCCCTTCAATATCTATGTAAAGGAAAAGGGGATTCTCACCGAACGACGCAGCCCCGCCTATGATGCGGTAGCAGATGTGAAGGATAAATCGGAAAAGATCAGTCAGGCGCGTGCTTGGATGTGTAAGAACTTTTTCGATGTTCGAACATTTGGTGCGGTGATGAGCGCCAAGGAAAATAATTGCGGTCAGGTGCGCGGTCCGGTTCAGTTTGCTTTCTCTCAGAGTATTGATCCGGTTGTTCCGCTGGAAGCAAGCATTACCCGCATGGCTGTTGAAACACGGAAAGAAGCGGATGCTCAAGACGGAGATAACCGTACGATGGGCCGCAAAACATATGTTCCTTACGGCTTGTACCGAATCCACGGGTTCATTTCCGCGCCGCTGGCAAAACAGACCGGATTCTCCGAAGACGACTTGGAGCTGTTCTGGGAAGCGCTACTCAATATGTTCGACCACGACCGCTCTGCCGCGCGCGGCGAAATGGCTCCCCAAAAACTCATTGTGTTTAAGCACGCATCCGAACTCGGGAATGCCCCGGCGCAGAAGCTGTTCAATCTGGTGAAAGTGGCGAAAA
NZ_CP047593.1_gap71	2402486	2406341	3855	GGGCAGGGCTCTTTGGTGACGTACATGACAGCATCAGTCAGTCGCCAGTTTTCGAGCTCCGCTGCGGCCTGGGTGATGGCCAGTATTTCCGCGTGCGCGGTTGGGTCTTTGAGCGTTTCGGTCTGGTTATGGGCTTTGCCGATAATGCGGTCGTCTTTCACAATGATCGCCCCGCAGGGCACTTCGCCCGCTTCGGCGGCACGCTCCGCTTCGCGCAGGGCCATGCCCATATACATCTGATCCACTGAAAATTCTTCGTTCATATTTTTCAAATCCTTGGAAAATCACTGTATCTGTTTTTCCGACCTCTGGAAAAGAAAACTGTGCGCGTCTATGCAATAGACCGCACGCCGGACAGGGAGTTGAAAACCGGAACGCCGCAGGCTTCAAGGCGCGGACGGCTGTTGTGGCCGTTGGCGACAAGTGCGCACTGCACGCCCATGGCGTCGGCAACTTCAAAGTCGTGCACGGTATCGCCGACGAACAGAACTTCGGACGGATTCAGGTTTGAATTGGCGATATACTGCTTTCCATTTTCGACTTTCCCGTTGGCGTAGATATCGTTGAGTCCGATGATTTCGTCGAAGAATCCGGTCAGCTCAAAATAATCTGTGGATTCAAGAAGAGCCTTCTGTTCATAAGCCGATAGCACGGATTGCAGAGTTCCCTGGGTTTGGAAAAACTGAATCAGTTCGCGGACTTCCGGGTGCAGATCGCATTCGAAGCGGCGCTGTTCATATTCGGCAATAAACTCTTCGGCGAGCCGGGGGTACGGATCGACTTCGTAGTCGAATCCGAGCTGGCAGTAATAGTCTGTGACCGGAAAGCAGAGTTTGGCACGGTATGTTTCCGGCTGGATCAACGGCAGTCCGCGCCGTTCCAGCATGTGGTTGTTGATTTCAACGCACAGCCAGGTGTCATTCCACAGCGTTCCGTTCCAGTCCCAGATAATCTGTTTGTATTTCATGCCGTTTCCAGTTGCCAAAGTCCGAAAATAGCAGGGCGGCCCAGAGGCGGGAAGCATTTTGGAGGAGGTTTCCAGGGGTCGGAAGAAGTGGGGCGGTGCCTATCGTTCTTCTGTGGCTGTTCGGTAGAGCTCTCCGGCGCGGTAGGAGGAGCGGATGAATGGTCCGGAGGCGACGGCACGGAACCCGAGTTCGAGCGCGAGGGTTTTCCAGCTCTCAAACTGTTCCGGAGGCGGGAAGGAGAGAACAGGGTAATGAGTTGGTGTTGGCGCGAGGTATTGCCCGATGGTCAGCAGGTCGACACCGGCTTTACGAAGCGCCCGCAGGGCGTGTTCAACATCGGCTTGTGTTTCGCCGAGTCCGACCATGAGGCTCGATTTTGTCAGCAGGTCGGGTCGCAGTTCTTTGGCGGCTTCCAGAATGCGGAGGCTGACGGCAAAGGATGCTTTTGGGTCGCGTATGTTCGGGGTGAGCCGCTCGACGGTTTCGATGTTATGAGCAAAGACTTTGAGCGGTGCGCCGTCGAGCAGGGATGCCAGTGCGGTTTCGTCGCCGGCGAGGTCGCTTCCGAGCAGTTCCAGTCCGGTGGCGGGGGACAGTCGGTGAACGGCTTCGAGGCAGGCGCGGTAATGGGATGCGCCGCCGTCAAAAAGATCATCGCGATTGACGACCGTGATAACGGCGTAGTCCAGTTTGAGTGCGGAGATGGCCGAGGCCAGCTGGAGCGGCTCGCCGGGATCGGGCGGGGGCGGGGCATGTTGGTGATCAACGGAACAGAAACGGCAGTTGCGCGTACAGGATTTGCCGGCGACCATGAACGTCGCTGTTCCCTGACTCCAGCAGGTGGTGCGGTTGGGACACTTGGCTTCTTCGCAGACGGTGTGCAGGGACCGGGCTGATGTTGTCGTGTGTATTAGTGTTTGTGTTTCCGAGCCGGCTTCCGGAAGCCGGGTTTTAAACCAGCCCGGAAGCGGTGGGCGTTTGCGCTGGAGTGTGGGCATAGGGACTCATCGGATAGGTTGCGATTATGGTTTGTTAATGAATTCAGAGTGGATGTCTTCACTTTGATCATTTACTTAATCCGTTTTTGTACGAAGCCGCTCGATCAGGGTAAAGGCGAAGGCGGCCCGCTCGTTGCGGGTGCACTCGGCCTCAACCTTGGCCAGCAGTCGCTGGAGTTTCGGTGCAGACTCCGGATCATTTTCGGTCAGCCGCACCGATTCAGACAACTGTGCCTGATTGATGCAGTAGACGGATTCTCCGCCAAGAATAGATGTAGGTGGTACAGGCATTATCGGCAATTTCCTCCGCAAGGGGTGACTTCATCGGTTTCGCGCTCCTTAAAGCTGGCTCCGCAGCCGCAGGAGTGCTGGGCATTCGGATTCTTCAGGATAAAACCCGGTTGAATCAGATCGTCGGAAAAGTCGATGCTCAGTCCGTCGATCAGGTGAAGGTATCTGTGGTCTGCTGCAATGCGCAGTCCGTCCTCATCATAAATAACGGCATCCATTTCTGTGAGAATGTCATCTGCGTAGGCAGAGTATGACATGCCGGCACATCCGCCCGGCTGTACGCCAAGCCGCAGGAAGGTCTCTCCGCCGATTCCGCCTTCGAGCAGTTTGTTAATCGCCTGGTCACTGACTGTGATTTCCATGGTGTTCCTCTCTGGTTGCGTCTCAAATGTGACCGCATTAGTCGCATTTGGCGCGCGGCCTGTCAATTAAATAAGATAAATAAAAACCTAGTTATTGATTGTTGCTGTCAGTGCGCTATAGTGGAGCTCTCTCAAGGAGAATCTATGATTGTTGGAACTGTACCGAAACAGGTGGAATATGCGCTGATGGCCCTGACGGAAATGCAGGAGGCCAATCCCGGAAAACTTTTTCCTGTCCGGGAACTGTGCGATCGGCACCAGGTGCCGTTTGATGTGATGTCCAAAACCATGCAGCGCATGGTGCGGGTCGGTCTGTTGCGCTCTGTACAGGGTGCCAGCGGGGGCTATCAGCTTATACGCGATCTGGAAACGGTGAGTCTGCTTGACCTGATGGAGGCGGTGAGTGGTCCGGTTGCCGCGGTGAACTGTTTGAAACAGTGCGGATGTGCCCGTTCCGGCCAATGCATAATTTCAAGTTCCATGCGCCGTTTGAATGAAAAGATGAGTGCGGTGTATGCGGAGCTGACCGTGGCGGAGCTGGTTGCTGAGGATGATCCGGTAGAACGCGCCGCCAGTTAAAATCGTTTTTTAAACGCAAATAGGTTTTTTTATAACTTATATCTTGAATCGTGACCGTTTTGATCGTATTTGTCTTCACATCTTAAGTCGAGAGAAAATTATGGACCAGAAACAGACAGTGCAGGCGGGAAACCGGGAATATAAGTATGGGTTCGAGACCGATATTGAGATCGAAACTGTTCCCAAGGGGATCAATGAGGATATCATTCGTTTGATTTCCTCTAAAAAGGAGGAGCCGGAGTTTTTGCTCGATTTCCGTCTGAAAGCGTATCGCTGGTGGAAGGAGCAGCGCGAACCCACCTGGGCTCACCTCGACTATCCACCGATTGACTTCCAGAACATCCGTTATTTTGCGGCCCCGAAAAAGGGTGCGCAATATGACAGCCTTGATGATGTAGAGCCGGAAGTCCTTCGTACTTTCGAACGGCTGGGGATTCCGCTGGATGAGCAGGAACGGCTGGCCGGGGTTGCGGTCGATGCGGTGTTCGACAGCGTTTCCGTGCGAACCACTCACCAGAGCATGCTGGCGCAGTACGGGGTCATTTTCTGTTCTTTTTCGGAAGCGGCCCGCAAATATCCCGAGCTCATCAAAAAATATCTCGGCAGCGTGGTTCCTTCCAGGGATAACTTTTACGCCGGACTGAACTCCGCGGTGTT
NZ_CP047593.1_gap72	2407427	2410286	2859	CGTGACGCTTCAGACGCCGGACGGTTCGATTGATCTTCTGGATGCAGAACCGCACGAGCGCGCCCGTGCCGGGCTGTTTCTCGGCTTCCAGTATCCGATGGAAGTGCCGGGCGTCAGTAACCGCACATTCCTGCGCGCGGCGTTTAACACAATCCATCGCGCCCGCGGACGCATGCCACTCGATCCGCTTGAATTCGATCGCATTCTGCAGGACAAACTGGAGCTGCTGGGTATCAGCCGGGAATTTATCCAGCGTCCGGTCAATGTCGATTTTTCCGGCGGTGAGAAAAAACGCAATGAAATCCTGCAGATGGCACTGCTGGAACCGCGGCTGGCACTGCTGGATGAAATAGACTCCGGCCTGGATGTGGACGCGCTGAAGGCGGTTGCCGAAGGCGTCAGCAAACTGCGTACACCGGACAACGCGGTAGTGCTGATTACGCATTACCAGCGTCTGCTCGACTACCTGACCCCGGACCATGTTCACATCATGTCCGATGGCGTTTTCATTCGTTCCGGCGGAAGCGACCTGGCACTTGAAATTGAGGAGAGGGGCTATGACTGGATCCTTAACAGCGCAGCGTAGCGACCCGCTGGCCGTTTTTGAAAAGCTGCTGCCCGAATCATTTGAGGAAGGCTTCAGCCGCGAAGAGCGTCTTTCCGCATTCGAGGCCCTGCGCGACTGCGGTCTTCCGCATCGCAAGGTCGAGGCGTGGAAATACACTGATCCATCCGGCGCGGTGACCGGACCGTTCGATCGTCCGCACCACTGCGGGTACGGATTGACGTCCCCGGACTCTGTTCGGATCGGAATGCTTCGCACGTTTCCAGACATTGGAAAAAATCATCCATTCGCACTGCTCAGTCATGCGCTTTCTCACGGCGGCCTCGAACTGGTCGTTCCCGCCCATACAGTTGTTGACGAGCCGGTGCAGATCCGGCTGCCGGTTGTACAACCGGGTTCTCTGCTCTGTCCGGCGCTTAAGATAAAAGTCGGAACCGGAAGTAAGGTGGACTTTATCGTGCGTTCGGAAGAGCAGGGGGCGGACTCTTTGGTCAGTCAGGTAACGCAGATGACCGTCGCAGAAAACGCGAATGTGTCATTTACGCGGCTGCGTTCCGGGCAAGGGGCTCATTTTCATCTGCTGCTCACACAGCAGGCAGCCGACAGTCGACTGACTCTGTTCGACAGTACGGTCGGCGGCGCATTGACCCGTAACGACCTGCATGCGGAGTTGAAGGGCAGAAATGCAGAGATTGATCTGTACGGACTCTACCTTCTGGACGGTACCGGGCACGCTGACAACCACACCACGGTCAGCCATTCGGTTCCGTACACGTACAGCCGACAGCTCTACAAAGGCATTCTTGATGACCATGCCTGCGGTGTGTTTAACGGGCGGGTTGTCGTTCAGCCGGGCGCCTGCGGAAGCGATGCCCTGCAAATGAACCGCAACCTGCTCAGTGGAAAAGCCAAGGTCGACACCAAGCCGCAGCTGGAAATCGGAAACGACGATGTGCGCTGTTCGCACGGCGCCACGATCGGGCGCCTCGACGAAGCGCAGATTTTCTATCTGCGCAGTCGCGGTCTCGACCGTTCTGCCGCCGAAGCGCTGCTGGCGCGCGGCTTCGCCGGCGAGGTGATCGATCTTGCTCCCGCCGGGGCTCAGGACGTTTTAAACGCCCAGATCGAAGAATTCTTTGAACGGGAGGCCGAAGGATGAGTTCGCTGCCGGACAAAGTCCGTTCGGATTTTCCAATCCTTGGAAAAACGGTGAACGGTCATCCGCTGGTCTATCTCGACACGGCCGCCACGGCGTTGAAGCCGCGGTCTGTGATAGATGCGGTCGAGCAGGTCTACGGGCAGTTTCCGGCCAACGTGCATCGCGGCGTTCATACACTCAGTCGCGAGGCGACCGCCGCTTATGAGGGCGCGCGCGGAACGGTGCGTTCGTTTCTGAACGCGGCTCGCTCCGAGGAGATCGTTTTTACATCCGGCACAACCGGCGCCATCAATCTGGTCGCGCATTCCTGGGGCGCTTTAGAACTGGAGCCGGGCGATGAAGTTATTCTGTCGCACATGGAGCACCACTCCAACATTGTGCCGTGGAAAATGCTCTGCGACGCAAAGGGACTGCACTTAAAGATTATTCCGGTGGCCGACAACGGCGAACTGTTTCTGGAAGCGTTTAGGGCGCTGCTTGGCCCGCGTACAAAACTGGTATCCATCGTTCATGCCTCCAACATGCTTGGGACGGTGAATCCGATTGAAGATATAATTCGTGAATCACATGCGCATGGAGCAAAAGTGCTGGTGGATGCGGCGCAGTCCGCGCCCTGCCTGCCGCTCGATGTCCAGGCGCTGGACTGTGACTTCCTCGCCTTTTCCGGACACAAACTTTTTGGGCCGACCGGCATTGGGGTGCTGTACGCCAAAGCGGATCTGCTCGAAATGATGCCGCCGTTCATGGGTGGCGGCGATATGATCCTGTCGGTCTCCTTTGATGAAATCTGCTACAACAAGCCTCCCTACCGCTTTGAAGCCGGCACTCCCAATATTGCCGGGGCAGTTGGGCTGGGTCGCGCGATCGAATACGTGCTGGATATCGGGTTTGACGCAATCTGGCAACACGAACAGGATCTGTTGGAAGCGGCAAGGGCTGCTTTGGAGGAAATCGACGGAGTGCGCATCATTGGCACGGCGCCGGAAAAAGTTGCCATTTTATCGTTTGTGATCGAAGGGGTTCATCCGCACGACACCGGATCCATTCTCGATTCGTGCGGAGTGGCGATTCGTGCGGGGCACCACTGCACGCAGCCGCTGATGGCTCGGTTCGGAGTGCCTGCGACCGCCCGCGC
NZ_CP047593.1_gap73	2434372	2439128	4756	TAGCACTGAGCTTTCATCAAAAAGATGTGCTTACGCATATGATGGCGCTTAACCGCGCAGTTTTTCGACCCGCTGTAAAGCGGGAGTGATTGAAGTTTTGGGTCGGTTTTTCTCGCTCGGCTTCTGCCATCAGCAATTTATTGAGCTTAATACTGATATTGCCGATGCGAACAAGTTGAACAACGATGTTGACTTTTTGATCTCAATGCGCATCATCTCGCATCAGTTAGGTGATGCGTTTATGAGTACTTTTGAAGGAACAGGGATCAAAAATCTTAAGGTGCGGGGCGGAGTGTACTACTGGCGCCAGAAAATTGACGGAATTCAGTTTTCGGAGTCGCTGCAGACCCGTGACCGCGAGGAAGCTTTGAGACGAATGGCGGAAAAAGCCGAAGCCGCGAAGAGCGGAGACATTTTAAAGGAGAAATCAATGACGAAACAGAAAGATATCAGCGCGGAGTCGGTCGACTGCTGGCCGCAGCTCAAAGTGCTGGACTGCACCATCCGCGATGGCGGACTGATGAATAATCATAAATTCAGCAATGAATTTGTCAGAGGCGTTCATAAAGCGCTGGTCGCTTCCGGAATCGACTATATGGAAATTGGTTACAAGGCGGATAAAAAGCTGTTCAGTGCAGATGATTACGGAATCTGGAAAATGTGTGATGAAGAGGATCTGAAAGCATTTTTCGGGGATGAGGATCCCGGTGTAAAAATCAGTGTTATGGCGGATGTCGGCCGCACCAATCACAGCGATATTGCGCCGCGAGACCAGAGCATGATTGATTTGGTTCGCGTCGCCTGCTATATCCACCAGATTCCGGCTGCGCTTGATATGGTGCGCGATGCTAAGGAAAAAGGATATGAGACATCGGTCAATCTGATGGCAATCTCGACTGTTCCGGAGTTTGAACTCAACAAGGGGCTGGAGTTGATCGGACGGTGTGAAGCAGCAGATATGCTGTACCTTGTTGACAGTTTCGGGTCCCTCTATTATGAGCAGATTGAAGATTTGATGCGCCGTTATCGCGGCGCAATGCAGCACGGTCAGCAGATCGGAATCCATGCGCACAATAATCAGCAGATGGCCTATGTGAATACTGTCTGTTCGGCCATTAATGGTGCAACCATGCTGGACTCCACCATCGACGGTCTCGGTCGCGGTGCGGGCAATTGTCCGACGGAACTGCTGCTCGGGTTTCTGCGCAATCCGAAGTTCCATCAGCGGCCGATTATTGAGGCGGTTGAGAAGCTGATGATTCCTCTGCATGAGCAGATCGACTGGGGCTACAGCATTCCCTATATGATCACCGCCCAGATGAACGAACATCCGCGATCAGCCATCAAGATGCGTGAGAGTGAGGGTAAAAATCAACTGGTCTCTTTTTATGATGAAATTCATGACCAGTAAGAAACCTGTTTAAAAATCAAAGCCCCTGCTTGCAATGAGCAGGGGCTTTTTTTATGTTCTCCGCTTCTCTTGATGCCGGAGTGGCGGAATTGGTAGACGCAGCAGACTCAAAATCTGCCGATAGCAATATCGTGAGGGTTCGAGTCCCTCCCCCGGCACCACTTTCCTGTTTGACCCTCAATAGGACAGGTCGAGTCTTGGAGCCCTTTGTTGTTAGGCTTTTTTGATGTGGAATCCTCTATTGGGTCGACCCGTTTCGTCATAGCCCGTTCGATCGGGGGATGCTCTTAGCTAAATTACCAGAATGTGACACTTTACCAGAAACAACGGCATTACAGAAGGGTTCCGTACCAAAATGGAACTGATTCAGGGGAGAGCCTATGGTTGCAGGAATTTGGATAATTACCAATTGCGGGTAATTGGATTCCTTCTTTTGGAATGAGTCTTATGTGGTTAATACAAATCCGCCCTTGCTCCCCGTCTTTTGGGAGGAGCCCAAAAGAAACGGTCGGCCTGTCTGGATGGCAATACGAACCTCTCCAAAACCACTCTCCATCCAGCATGGTGTCGATCGAGATGGCAATTCGAACTTAAAAATTTTCACGCTCTGTTTTTGTAAGGTATTGTAAATCAATAATTTGAAAGTTGATTCCATAAAAACGGGTCAGATCTGCTTTGTGTTCGATTTTTAGACGATTATTCAGCTTGGTCCACCTTTCCAAATAGCAATGCAAATCTATCCGGTTTCGCAAACCTAACCTTCGGATCACTAAAAACCTTAAAGCTCCGGTACAGAGCTTCATGGTCGAATGCGTTTGTGGAATGTTATATTGGCAAATGCAACCGGGAATGCCTGAATCACTTTGTCTGAGAAAGTCTTGATCATCTTGACTGCATCAATCGCGAATGGCTGGGGTATTACAACAATCACTGGTCGTATCAGGGTGTGGATATCGGAACCAAGGTTTTGCGACCGGATTTTACGTCGACAACCGAAGGCGAGATTAAGCGGGAACAGAGACTCGGCGGCATTATTTCGTGGTACTACCGCGCAGCTGCTTAAACCTGTTCCGGCCAGTATTATCAGAGCGCGACTCTCCGTTCGGTATGGTCTGCTGATCTATCACGCCTTGACTCTGCCAATCTTGCTATTTTGACTTCAATCATCGTTTTCATCGTCAGAGAAAGTTGCGCTCTTTTTTGAAATTGCTCTGCAAATCCTCTTTTACCTGCTATAATTAGCAGGTTTTTCGATCTGCGTTTCGTTTTCGCACCGATCAATGGTCGTTTGTTTTGGCTGACTATCCTCATAGATGTAGATTATTCAGAGCTGATTTCGCTTCTGTTTAATTCTGAACTTTTGTTCAAAAAGTCCAAAAAACGAACCGCTTTGTCCATGGCGGGGTATATAGAGAAACCTCTATCTTTGAGGAAAAATCAAGCGGGAGTCTGGCCGCTCGAGGTTATAAACGGGAGTGTAATAGTGAGATTTTTGTCTTTAAAAATCCGGCTGAAACTCTGGGGTATGGCTTTTGTCATATGGGGCGCAGCCGGTTGTGTTGCGAAGTCGCAGCCGAATATTATCATCATTTACAGCGACGATCATGGATATGCCGACATTGGCGCCAACGGAATGGCCGATGATATCCGTACGCCGAACATTGATTCGCTGGCGAAGGATGGGATTCGTATGACGGCCGGATATGTGTCGGCTCCGCAGTGCGGGCCGTCGCGTGCGGGATTGATGACGGGCCGTTATCAGGAGCGGTTTGGGTTTGATTACAACGGGCAGGGGCCGCTGCGCAAGTCGGAAACAACCATCGCTCAGCGGCTGAAAGAGGCTGGGTATGTGACCGGGATGGTCGGCAAGTGGCACCTTGCGCCGGAGTGGCACCGTGATCGCGGCTGGCTGAAGCAGAATGCCCCGCAGTTCAAAAATTCAGGCAAACAAGAGCCGCCGGAATTTGAAAAGTATGCTCTGGGCTTTTCTCCGAATGCGTTTGGTTTTTCAGAATACTTCTGGGGGCTGCATAACAAATACCGGATCAACTATACTCTGGACGGCGATGTGCTGGATGAAGAGCAGGTTCAGACTTTTGATACATTCCGGGTGGATACACAAAGTGAAGCCGCACTGTCCTTTATCGACCGGAATCACAAAAAGCCGTTCTTTCTCTATCTGGCCTATTACGCGCCGCACGTTCCGGTGGAAGCCACGGAAAAATATCTGGCCCGTTTCCCCGGCGAAATGCCGACCCGTCGCCGCTATGCACTGGCGATGATTTCGGCGATGGATGACGGGGTCGGTCGCATTCGCGAAAAGCTGGATCGTTACGGGATTGATGACAACACGTTGATCTTTTTCATCGCTGACAACGGAGCTCCGACAAAAATTGACAAAGAAGATAAACCGCTGTCGGTTCCACTGAACGCATGGGACGGTTCACTGAATGATCCATGGGTCGGTGAAAAGGGCATGGTGACTGATGGCGGTATTCGGGTTCCGTATCTTGTCTGCTGGCCGGGCAAGCTCCCGAAAGGAAAAGTTTACGACAAACCGGTTCTGCAACTGGATGCCACAGCGACCGTGCTGGCAGCTGCCGGCGTGAACGCAGGTGACTCACTGGACGGCGTGAACCTGATACCGCATTTGACCGGCGATGACAATGGTGCGCCTCATGAAGATCTGTACTGGCGCTTCTGGAACCAGGCAGCGATGCGGTCCGGGCGCTGGAAATACCTTTATCTGCCGGATGGACGGCGCTGGCTCTTTGATATGGAAAGTGAAGAGCACGAGCACAAAAACCTGATCGACCAGTATCCGGAAACTGCCGAGAACCTGCACAAAAATCTGAAGGCGTGGTGCGGCGAGCTGCAGAACAAAGGCCTGCCGGACAAGCCATTGAACAACCAGGAAAAAGCGTGGTATACGCATTACCTGAAATAGCGATGGCTGTTATGGAACATTGCACGCTGTCTCCGCACGATGTTGATCGATAGGATCTTATTTCCTGCGGAATACGGACGGAGTGCAGCCGGCAACTTTTTTAAACAGGCGTGAGAAATAATACTGATTTTCAAATCCACACATTTCGGCAATGTTGGCGATCGACAGCTCTGAATTCCGCAGCAAAGATTTGGCGTGCTCAATGCGGGCATTGATGATGGCTTTTACCGGTGACAGTCCGGTGTATTGGGTGAATAAATGGCGCAGGTAATCCTTACTTACAAAGAGTTGGCCGGCAATGTCGTCTATCGATAGGTTTCCGCTTTTAGATTCGATGATATATAAAGCTTTGGATACAATGGCCTGTTTGCGGTCTTGAGGAATGTTTTCTTTAATCA
NZ_CP047593.1_gap74	2515716	2520090	4374	ACTGCAACAATGACGGAGAAGCGGATGCTTTCTTTTTCGATAACATCAACTATTGGCCGCTTGGCATTTACGACTTCTTTTACACGCTTCGCAACGGCCTTCCCGGCGTCTTTAAAGGAACTGGAGACGACTGTATCCTGATGGGGGACTCCAACCACAATGAAGACCAGCGCTTTTTCGATCTGCTCAATGGCGGGGAATACGAATACTCCATGCACCCCGTTTGGTTCATGCCCTGTACATATTCAAGCATGCTGGACCGTCTGCTGCTCTGGAAGGAACGGGGCTGCAAACCGGACAGCACCTTTGTCAGCAATAAGAACCCCGACGAAATTTATCACGGCGGAGACGCGTTAAAACTGACCGGAGTGATGACTCTCAGTCACTGGCGCATGGATATGGCCAGCGCCTGCATGACATCCGGTTACGCCGGCAAGGACATTTCCCGATCCGCCGATAAAAGCAGCCCGGAACTGATTCAGTATCCGGCCGCAGTTGAACAGCGCAAAAAATACAGATTCCCGCTTCCCCCTGACTACGACGAATATCATGAAGGCGTTCTGACCAATTATAACTGGCTCGGGCGGCCGGTTGGCGAAGCGACACGCATCGGCACGCATCTGAGCCCGGTGCTTTACCGTTTTGAAGAGGGCAGGAAACCGCCTGTTATGCACGCGAAAGGGAAGTGGGACGCCGGACAGCCGGAACGTGATAAACACCGCTTTTCCCTGAATGTGGACCAGGTGGATTTGTGGCGCGAGGACAAAGATTCATGGAGCTGTTACGCCGAACTTGATTTAGGAAAAACCCGGTTCGAAAAAGATGCGGATTACACGCTCACGTTCACCGTTTCCGGTTCCAATCCCTGGAAAAAACTGAAAGAGCGCTATCGCAGAATTCCCAAAAACATCCGGTTCCGACTGGCGGTAAACGGAATTGAAGAAGTCGATTTCGGCAATTTTGACGGCTCTTATTTTCAGGAAGCGCTGGTTTTTGAAGAACCCCGCACCTGTACGCTGACCCTGAAGGCGCCGGCAGACGGCACCGGCGTTTTGCAGATTGATCTCACTGAAAATACAGGCGAAACGGTTATCGAAAACCTGCAGATTCGGAAAGGCTGCGGCGATGTGCTTTATCGGAAATTTGAAAACGGCCTGGTGATCCTGAACGGCTCCTATTCCGAACCGGCTGCTGTTGATTTCAGGCAGCTGTTTCCCGGCGAGTCCTATTGCCGGATCAACGGCCTGCAGGATCCGGAGCACAATAATGGCAAACCGGTCGTGAAACCTCTGACGGTTCAGCCTCACGATGCATTCTTCCTCCGTAAAACTCAATAACCGCAGGTGAATTCCATGAATTGCAAGAAACTATCGGGATTTGGTGCTCTGGCTCTGGTGGCAATGTCTTCACAGGTTCATGCGAAACCGTCTGAGCAGAAAATGAATGTCGTTTTCTTTCTGGTGGATGATATGGGCTGGATGGACAGCTCGGTGTACGGCAGTCAGTTCTATAAAACACCAGCGCTGGAACGGCTGGCACAGTCCAGTGTACGGTTTGTAAACGCCTATTCCGCCAGTCCGCTCTGCTCCCCGAGCCGGGCCGGCATCATGAGCGGGCAATATCCCGCACGGCACGGCCTGACCACGGCCTGGGGCCATCTGCCGATTGATCCGGACCTTCCTGAATATCAGGACCCCAAACCGTGGAGTCCGGTGCTTTTGCCGAACTCAAAACGGGTGCTGGAACTGGAGCAATACACAGTCGCCGAAGCGTTTCGTGATGCAGGGTATCGCACCGGATTTGTCGGCAAATGGCATTTGGGTTTGGATGAAGCCTATTGGCCGGAACAGCAGGGGTTTGAGTTTACGTTTCACGGGGCTCCGGATGCCGGACCGAGAACGTATTTCTCGCCGTATCAGTTTAAAGCGGGGACGGTTGCTGACGGTCCGGACGGAGAATATCTGACGGATCGGGCCACGGAGGAGGCGCTCCGGTATATTCACAATGGAGATCAACGACCGTTTTTTCTGTGTCTCTGGCACTGGGCGGTTCATGGTCCGTGGTATGCCAAGCAGGAACAGATTGATTATTTTAAGCATCATCCGGACCCGACCGGACTTCAGAAAAGTCCCACGATGGCGGCTATGCTGGAGAGCATGGATGAGAGTCTCGGTCGGTTGCTCGACGACCTGGAGAAGAGCGGATTGGATGAAAATACGATTATTATTTTCACTTCAGACAATGGCGGCGTGGTTAAGAAAGGCCCTAAGGAGGAACAGGGGATTCCAGCGACCTGCAATGCGCCGCTGCGCAACGGGAAAGCTTCGGTTTTTGAAGGCGGAACCCGTGTGCCTGCGCTGATCCGGTGGCCAGGGGTGACTGATCAGTCGCGCGTGGATGAGACGCCGATTATGGGCATTGATTATTATCCGACACTGCTGGAGATGTGCGGCATTGCGCCGAATCCTCAGCAGATAATCGATGGAGTCAGTCTGGTTCCGCTTTTGAAAGGTCGGGATATTCAGCGTGACGGGCTTTTCTGTTTCTTTCCTCATTCATTCGGAAAGTGGTCTCCTGCCGGAGCGTGGGTGCGCCAGGGTGACTGGAAGTTGATCGAGGTGTTTGATCCCGGCCGGTTTTATCCGGAACCTTACGAGCTTTACAATCTGAATGATGATATCGGCGAAACGCAGAATCTGGCGGATCGGTATCCGGAACGGGTCGCGGCAATGAAAGCCATGCTTCAGCAGCACTACAAAGATACCAATGCGCGCATGCCGATCCCGAATCCGGATTATGAGAAACCTGATTTGTCTGCTGCTCAGGCTTCGCCTGTGCAGCAAAATTTTCAGGGGTGGATCGAGTCGGGGCCGGGGAATCCGTTATCGTTGAAAGACGGGGGCCTTTGTGTAGACACGCGGGGTATTGCGACTTCCCGGCTGCCGAACGCGAAGGGCCCACTTCGGGTCTGTATTCGCACAAAGGTTTCTGGGGTGCCGCATGGTGTGTTCTTTTGGCGTGAGGGTGATCAGAAACAATTTGGTGCAGATCGTCGAATTCCGTTTCATCTGAAGTCCGGTGAGTGGGAAGAGCATTCAATCGACTTTAGCGCTGCTGCTCCGTTGGCGGGGTTGAGGATTGATCTGGGACTCAGAAAGCAGGCGCCTGCCCAGGTAGAATGGATCAAGCTTTTTAAAGCAGATGGTACACTGCTGCAGCCGTGGGACTTTTCAATAGATTAAACCGGAAAAGGAAATCATGATTTCAAAAGCACAATCAGCCCGATGGATTTGGCGTGGAACGATTTGTATGTGTGTTGGCCTGCTTTTGGCCGGATGCATGTTGACTTCGTCTGAAGTTCGCACATTTACTCCGGAAGAATTCGGCGCGGTCGGTGATGGGGTTCATGACGACAGTTCGGCCTTGCTGGAAGCGCTGGTCGCCATGCGGCGTTGTGGCGGTCCGGTCCGGTTGGTTTTTTCAGAAAAAACCTATCGTTTTGGAAAGCAGACGGTTTGTGATGCAATGTTTGATTTGTCGGACATGACTCGTGTTGAAGTGGACGGGCAGGGTGCGACTTTGATTTTGAATCCTGTTAATGGAGTGGTCCGCTGTTTCAACAGTCGGAGCGTTATCTTCAAAAACTTTGTGATTCAGCATGACCCGCTCCCGTTCATGCAGGGGGCGGTGGTTTCTGTTGATCCGGCTGCCGGATGTTTTGCTTGGGAAATTCAGGCCGGTTTTCCATTGCCGCCGTCGGGGGAGTGGATGGATCAGGAGGGACATTTTTTCGACAATCCGGCATCTGCGCTGCCGGAACCGGGCGAGTGGGAGAATCGCAACAGCGCCCGCAGTCCATGGCAGTGGGGTATCGTGATCGAGGCGGAGTCGCGCCGGTTGAAGTCCGGTTTCCCTAACCATTTGTTTGTCGATTCGGTAGTGCCTGCCGGTGAGCGGGAGTTACGGCTTTTTCAGGTTTCTGTTGCGGAGCCTTACTGGAAATATATGGCAGACCTGCGCGTTGGAGAGCGGTTTGTGCTTCCGCGTTTTCGGCGGACAAAGGAGGAATATTTCAGCCTCAAGGACAAAGGCTGGATGTATGAGCAGAATATTCAGATTCGCAAATCAGCAGATATTGTGATGGAGGATATCACGTTCTATTCCGCCCGGCCGGGAATGGTTTTCGGGATTCGGCGCAACGTGGGGCCGGTAACGGTTCGGGGCTGTACGGTCACCTGGCTGCCCGGGTCGGATCGCCTCATCGCTTCCTGGCGGGATGGCAACCATTGCAAAAACAATCGGGTTGGGCCGTTGATTGAAAACTGCCGGTTTGAAGGCCTTTTCGACGACAGTATCAATCTCAGTGCCGATGCG
NZ_CP047593.1_gap75	2542088	2543077	989	TGATGATGGTCGGCTATTCTTATCCGCATTCCCCGTACGACCCGCTGGATGAATACGCCGCCCGTTATGAATCCGGCAGTATGGCGCTGCGCGACAACGTGAAACCGTTTAAAAAGTACGGTATGGATTATACGCTTGATACGGTGCGTCAAACCAAAGCGGCGTATCTGGCAAAAATTTCATTCATCGACGATATGGTCGGGCGGGTTATTGATTCGCTCAAAGAGAGCGGCCGCTGGGACAATACGGTTCTGGTGTTTACTGCCGACCACGGCATGGCGATTGGAGAGCACGGTAACATCACCAAAGGAAGGTTTTGGGAAGAGGTAACCCGGGTTCCCATGCTGATTCGAATTCCGGGGCTGACCGACTCAGGCATGAAGTTGCCTGCGCTTTCGCAGCTGATTGACCTTTATCCTACGCTGCTGGATGCCGCCGGCGGCGAACTGTCTCCGCATGTCTCCGGACGTTCGCTGATGCCGGCAATCCGTAATCCGGGTGAGACCGTGCGCGATGCGGTTTTCTGCGAAATTCAGCAGGACGGCATGCTCAACTATATGGTGCGCAACGACCGCTACAAGTGGTACATCGAAAAAGACAAAGAATACCTCTATGACCTCGACAGCGATCGGTTTGAGAAGAACAACCTGATCAAATCCGAAGATCACCATGCCGTGGCGACTGAGCTTCGCGAGCGCCTCCGCCGCTTCCTGATGGAAGAACAGATCAACTATGCCGCCGGATACAAGCCGCTGGTGCAGCGTGAAAAAGAAAAGATGGGAAAGTGAATGATGATGCCCTCCGGCAGAGCGAACGTGGGTGAGTTGAAAATGCGTAAAAAGAAGGCGTATTGAGGGCAGTCTTTGTTTTGTTATTTTTGTAATAAAATAATTGACCGGCATGCGGGAATTCGGTAATAAGGGTGTGCGCTGTAAGGAAATTAATATTGCGGGAATGAGTCCTCAAAAAAAAGGAGATGGGAAGATGAG
NZ_CP047593.1_gap76	2546725	2548226	1501	CATGACCACACGGATATTGCCAATATTATTGCTGGCGGCGACCGGGCCGAGGCCGAACGGGTGATGCGTGAACACATTATGCCCACGTATGAAGAGCGCCTGCGGCTGCTTCGGGACGAATATGGTACTGAGCCGATTCTGTAGCCAATTTTTCCACTAATTGGAGGAATCAGGTTGACTTCAGGCAGGCAGTGCACTACCTTTTGATTTCTGTAATAACAGAAATAAATAATATGAGTGCTAGATTGATATTTGTTGTTGTCCTGCTGGCTGCGGGGAATTTGATGGCCGGGGATAAACCGCCGTATAAGCTGCTGTTTGGAAACGACACCACGCATATCACCAGCTGTCCCAGCCCGTTTAATCCGCGCCCGGGACCGTTTGTGGAGGAACACATTCGGGCCTGTGTGCAGGAATCGGCGGTCGAGGGGGTCGATGCGCATTTGCTGCAGCCCGGCATGGGCTGGGTGCCGTGGTGGCAGAGCGAAGTCTATCCCATGGCCGACCATGTTCAGTGGCTGGCCGAGCACGGCATCAAACCGCACGCATACGAGCGCTATATCCTCAACGGCGGCGACCTGGTCGCGGCCTATGTGGAAGAGTGCCGTAAACAGAATATTGCGCCGCTGATTTCCTTCCGCCTGAACGATTCCCATTTCCTGTCGCATGCGAAGCAGGACTATCAGGACGAAGCCGCCGTACAGAATGCCCGCGAGGCCGTCTGCCGCTTTTACGGCGAAAACCCGCAGTTCATCATTGGCGACGAGACGCTAGAAAAACATTACAAATATTTGCAGGACTGGGCACACCCCGAAGTGCGCGACTACCGCTTCCGGTTGATCAAAGAGTTATGCGAGAACTATGACATCGAAGGAATCGAACTCGATTTTTTGCGTCACCCCTGCTTTTTTGACCGGCGGAAAACCACGGACGACGAGCGGTCGGATATGATGGCCGGATTTGTCAGACGCATTCGCAACATGATGGATGCCCTCGAAAAGAACGACGGCAAAAAACGCTGGCTGGGCATTCGCGTGACGGCGTATCCGGATCGGTGGGGCGAGATCGGTGTGGATCTTCAGAAGTTAACTGACGCCGGACTCAACTGGGTCAACTGCTCGTCACACTACTTTACAGACCTTGGAATGGAGATTGCCCGCATCCGCGAAATGGCTCCCGGCCATGTTGCGCTCTACTCGGAATTGCATTACGTAACCGCGGTCGGACCCTACCGCGAAGCCGCAGCAACAACGGGAAGAAATTCTGCGGGGTCGGTACGGCGCATGACCGACCCGCTGCAGTTTTACACTGCCGCGAACCTCGCCTATGAGCAGGGGGCGGACGGCGTCAGCCTGTTCAATTTTCATTACTACCGCGGCAGCCGGGGCGTCTACACCCGCGACGGCGGCAAAGAACCTCCCTTCGACATCCTGAAGTATCTGACGAACCGCGACTGGCTTGAAAAACAACCGCAGTGGTACTTCATTGGGGCGACCTTCAA
NZ_CP047593.1_gap77	2668914	2673803	4889	TGCAGGAACATGATTGTGCGCAATCTCAGCATCGATTATGACCCGCTTCCGTTTTCCCAAGGGACCGTTATGTCCGTCAATCCGGCGGAAGGATGGATTGAAGTTAAAACCGACGACGGCTTTCCGGATCTGGACGATTCCCAGTTTGTGTCATACGGGTCATGGGGTATGCTGAAGGACCCGGCGGTTCCCGGAAAACTCAAGGATGGTGCACCGAATGTGTTGTTTCGGTCATCCTGCGAAAAGGTCGGTGAAGACCTGTTCCGAATCGTGCTGACCAATCCGTTTGATGAATTCCTGGCTGCCGGAGATCGGTATGCACAGATTTCCCGAGCGTCCGGTGGCTGCGAATATTACAACAGCGAAAACATAACGTTCGAGAACATCACTTTTTATGCCATACCGGGCTCGCTGTTTGTCGGTGCGGATACATCCCGGCTGAATGTGCTGAACTGCCGCGGGACGCTGAAAGACTGCCGGATGCTGGTGAGCGGCGCTGACGGAGTGCACTGCCAGGCCGCGCGGATCGGGCCGTGGATCGAAAGATGTGAGTTTGAGGGCCTTTCCGACGACTGCCTGAATGTCTACAGCCTGCCGTTTTATGTGCTGCAGGTTCACGGTCCTAAAACGCTTCGGATCACCCGCCCTGAGAGGATTCGCAAAGGCGATCCGCTGGTGTTTTTCCGCCCGCAGACCGGAGAAATCCTTGTCGAAACAGAAGTGGTCTCTCTGGAAAAGGATGTGGTGACACTGAGGGATGAAGTGCCCGAACTGAACCTGGCTGCAAAAGAAACAGAATACGATCAGCGCGGCTGGAAAATCTATGATCACGCCTACAATCCGAATGCAACCGGTAATTATTTTGTTTATCGCAATAACTATATGCATGACGGCCGTCGTTTCGGCGGGTTTATAAAAGCATCTTATGGACTGATTGAGAACAATCGTTTTGAACGGCTCTCCGATAACGGGCTGATGGTTCAGAATGAGCCGGATTGGCCCGAGGGATTCTGGGCTAATAATCTGGTGATACGCAATAATCGGATTCTGGACTGTGCCTTTATGAAGACCCGTATTCCGATGGAAATGGACTGGGGCATGCTGGGGCATCGATCCGCCGGCGGTTTTGAGCATCAGAATATCTTTTTTACGAGCAATACGGTTCGCGCTGTTGCCGGTCCGGCAGCACGGTTCAATTGCATTGATGGCCTGACTCTGGTCGGTAACACATTTCAAAGCGGCAGTGTGTCTGGAATGCTTGTGTCTGGAACCAATACGAGGGTTCGTGAGAATCGGGACAATACCCCGCAGAGCCGTATTGTGTTTGAATAGGAGTTTTGCGGGAATGGATAAAAAATTAAATGTTCTGCTGATCACCAGTGACCAGCAGCATTGGAATACATTGGGATTTCTGAATTCGGAAATTCATACACCGAACCTGGACCAGTTGGCTGCTCAAGGGATGGTGTTCAGTCGGACCTACTGCCCGAATCCAACCTGTACGCCGACGCGGGCGTCGATGATCACCGGCCAGTATCCAAGTCAGCACGGGGCCTGGTCCCTGGGTACGAAGCTGATGGACGATGTGCATACGGTGGGTGAGGATTTTGCCGCGGCGGGGTATCGTACTGCACTTGTCGGCAAGGCTCATTTCCAGCCGCTGGCTTCCACGGAGGAGTTTCCGTCTATGGAGGCATATCCGATTCTCCAGGATCTGGAGTTCTGGAAGGAGTTCAACGGTCCGTTTTACGGTTTTGAGCACGTCGAGCTGGCACGGAATCATACAGACGAGGCGCACGTCGGGCAGCATTATGCGCTGTGGATGGAGGAGAAGGGGTTTGCGAGCTGGCGGGATTCTTTCCGGACCCCGACGGGTACCCAGGACGCGCAGGAATATAGCTGGGATCTTCCGGAAGAGTTTCATTATAACACGTGGATTTCAGACCGTACCACTGGTCTGCTGGAAGATTACCAGCAGAACGATGAAAACTTTTTTCTATGGGCCAGCTTTTTTGATCCGCATCCCTCCTATCTGGTTCCGGAGCCGTGGGCATCCATGTATGATCCGGCTGCATTGACTTTGCCGGGACAACGAGATGAAGAGCATCGGGATAATCCGCTGCATTATCGGAAGACTCAGGAAAAGAACCCCGATTTTTCGATGTATGAAGAGCCGGGTGGGAATGTCTGCCATGGATTCGAATCACATCTTAGAACCGAAGAACAGCTGCGAAAGGATCTGGCCTGTTATTACGGAATGGTGTCCTGTCTCGACAAATATATTGGTCGTATTCTGGATCGGTTGGATGAACTGGGGCTCGCCGAAAATACGCTTGTGATTTTTACAACGGATCACGGGCATCTCTTTGGTCAGCACGGATTGGTTGCCAAGGGTGCATTCAACTATGAAGATCTTATCAGAATCCCGTTTATCGCCCGTCTGCCGGAAAGTATTGCTGCTGCATCGCAGAGTCCGGCGATGCAGTCGCTGGTTGACCTGGCTCCGACGATACTCGATTTCTGTGGCCTGCCGATTCCCCGCACGATGACAGGAATCAGCCAGAAGCCGGTCTGGCTGGGTGAAGCAGGTGGGGTTCGTGATCGCATTATGGTTGAAAATCGTCATCAGCCGTTTTTGGTGAACAGCAAAACCTATGTTGACCGACGATATAAGCTGACTGTCTATTGCGGCTCAGATGAGGGAGAGCTGTTTGATCTGCAGGAGGACCCGGGAGAATTCTATAACCGCTGGAAAGATCCGGGGTGCCGCGAATTAAGGAGCGAACTGATGCTGAAACTGATTCAGGCGGAAATGCAAAAAGAACCGATGCCCATGCCGCGGATTTCGATGGCTTAAGGAGACCTTGTACAATGAGCGAAAAACGATTGAATCTGATGGGGATTTTTAAATATGCCATCGGAGATGGAGCCTTTTCCATCACGATGAACGGTATGAATAATTTCGCCATGATTTATCTGACCCAGATTCTGGGCCTGAAAGCGGAATGGGCATCGCTGTCAATCAGTATTGCGATTCTGTGGGATGCGGTTACTGATCCGATCATGGGGCATATTTCTGATAACACCCGCACCCGCTGGGGGCGGAGGCATCCGTATGTTCTGGTCGGTGGTCTGCTCGCGGCAGTCTCGTTTGTTCTGTTCTGGACCGTTCCACAGGTGCTCGGTTCGACCGGGCTGATGTTTGCCGCAGCGGTGGTGATCAATCTGATGATTCGCACTGCATTGACGATCTATGCGGTTCCTTATACGGCACTCGGCTTCGAGATTTGCCCGGAATATGAAGATCGGGCGCGTTTGCAGGGAGTTCGTTTTTTCGTGAATCAGGTTACCAACTTTGTGTTCGGCGCGTTGGCGTGGCGGATGTTTTTTACCGAACGGTTGAATGACTCTGGAGAAATGACCGATGGATCACTGATCCCGTCAAATTATCTGATCATGGCCATTGTCCTTTCCTCGTTTATCGCCATTCTGGTTTCAGCCTGCTGCTTCGGAACGCGGCAGTTTGCGATCGATAACCGCGACGATGAGATTGAGGGAAACAACCTGAAAGAATTTTGGAACGACTTCTCGGATATTTTCAAAGACCGTCTGGCGGTCAACGTGTTTATGTTTTTTGTCGTCGCTCAGTTTTCTATGATGCTGATGTCGCAGACCCAGATGTTCACCTACATCTTCTACATGAAATTCAGTGCGCTCGAAAAAACCATTGTACATGGCGGCGGCATGCTGGCTTTTGCGTTCTGTTCATTGAACCTTTCGAAACTGGTTACACGTTTCGATAAAAAACCGGCAGGTTATATCGGCATGGCGCTTGCCATGTTCGGCGGACTGGGCCTGATGGTGGTTTTCCGGGGCGGGTTGATGGCGCCTCAGGCCGGACCGTTTAATATCGGTGGCGAAACGCTGCATCTTTCCATGCTGGTGTTTGCTTTTCTTCAGATGTGCTGGTGGGGCGGGTGCGGCATGGTTGTGCCTTTGGCCAGCTCTATGATCGCGGATGTCGCGGCGATTAATGAGAAAAAGACCGGCAAGACAAAAAATGCCAGTTATGCCTCTGTCTTTACCTTTTGCCAGAAAGCGGCCGGTTCGATCGGGATCATCATTTGCGGGAAGATTCTATCCCTGTCCGGTATTGTTTCCGGGGCGAAGGACCAGACCGTGGATGCTTCGAATAATATTGCCCTGATGACTTTTATCAGCGGTCCCATTGTCATTGCCGGAGCCATGTTGCTTCTTCGCCGCTACCCGATCACCCGCGACACTATCAGAAAACTCACGGAATAAACTGCTGGAGACTGTGTTGTGAACTTGTTGCTGCTCTCCGTCATTTTTCTGGTATCCGGTCCGAAGGGCCAACCGACCACGGCGTTGTATTCAAACGGTTTCTCTGGCGCGGTGGGCACCGTTGCGACCGAATCATCACCGGTTCATGACATTCAGGATTATTATTCCGCATCCACCGCGACCGCACAAATGGACGGCGAGGGGCACCTGCAAAGTGTGAATCCGGACCAGGCGGCAGCCACTTACCGGTTCCGTCTGGATCCAACCGGCGCTCCGTCTGAAAAATTCGGCGCGGTTAAGCTGACTGCGGATGTGCGGGTGCCGTCAGAGAATTGGGTCGGCTTTGGATTTCACGGAGCGGATGCGGGCGGAATTCTTACTCAGGGGGCTGATGCCGGACCGTGGGCGCTGATTGCGCCAACGTATACCCGCGTTTTCGGCGGTTGTGTAACCAGCAATGCTTTGGACATAATCAGAACTGACGGGCTTTGTTCTGCCGGGGATTGGATCACTTTGGATGTGACATATTTCTGCCGGACGGAAACCGTTTCTCTGCAGATCAACGACCATCTCCTGATCGACCG
NZ_CP047593.1_gap78	2676771	2681104	4333	GCCAGAGAGGGAGGAATTATCGAGGAAGCCGGCCGGATGGCTGCGGTGAAAGACAGCGTGATCCTGACTCGTCCGTTTGCCGACCTGATCGCCGCGGAACCGGGTCTGACAGTCGTTGAAAACATGTTTCTGGAAGGTGTGGAGAAAGACCGCGGAGGGAAAATAAAAGCCGCGCTGGCTCGCGACACCCTGACCGGAGCCCGCCGGCAATTTGCCGGAAAAATCTTTGTGGATACCACCGGTGACAGCTGGCTCGGTTATCATGCAGGTGCAGAGCATCGTCTTGGCCGGGAAGCTCGAGATGAGTACAGTGAGAGTCTTGCGCCGGACATTGCGGATAACATCACCATGAGCGGCTGCCTGCGGGGGCCGCATGAAAGTTTCCAGCGCTGCATTTTTTACCGGACTGTAAAAACCGGAGCGCCTCAGTCGTACACGGCTCCGGAATGGGTTTATGATCTGCCGGAATTTCCTGTGTTTTCTCATGGGAGGGGCCATCCGGATAAGCTGGAGTCCTTCGCAAAAAACGGTATATGGTGGATTGAATACCCCGGAACAACCGATGATCTGAATGATCCCGAAGGTGCGCGGGACGAGCTTTTGCGCATCAATTTTTCATTCTGGAACCACATGAAGAATATCTGGCCGGAGAGAGGACGCCTTGCGGAATTCAGGCTTGATTATGTTCCTTTTTCGAATGCCAAGCGCGAAACCCGTCGGCTGATAGGTGATTATGTGCTGAACCAGAATGATTGTGTCGCGGACCGGCATTTTGAGGATGCCATCGGCCATGCAGGCTGGATGCTCGATATTCATGCAACGAAGGGAATCTTCTCAACGACCGGCCCCTTTGATTCGCATCAGAAAATTCCAGTCTGTGAAATTCCGTATCGCTGCCTCTATTCCCGCAATATTGAAAACCTGATGATGGCCGGACGCAATATCAGTGTAACCCATTATGCGCTGGGAACCGTGCGGGTTCAGGGGCAGACCTCCCTTACGGGTCAGGCTGCCGGAACGGCCGCAGCGTTGGCCTGCTTGAACGGAACGACTCCGCGGGCAATTTACGAAAAGCATATCGGACAGCTTCAGCAGACACTGCTGAAAGAGGATCAGTTTATTCCCAAGGTGTTGAATTGTGACTCGCAAGACCTGGCCCGGACGGCATCGGTTCGGGCATCCGGTTCTGCGCCCAATTGCGCGCCCGAAAATGTGATTAACGGAATTGCGCGGCCGTGGCCGGGCGAGTCCAACATCTGGCGCTCCGCCGCCGGTGAGGCCCTGCCGCAGTGGATCGAACTGACGCTGCAGGAGCCGGCTGAAATTTCCATGGTTCAGTGCGCGTTTGATACCGATCTGAGTGTTCCGCTCCCGAACCAGCGATGCAGCTGTCCAAAGGGGTGTGTGCGCAACTATTTCATTGAGGTGTATGCGGATGGGCAGTGGAAAACAGTTGCTCGTGAAACCGGTAATTTTCAGCGGTTTCGGCGTCATTCATTTTCACCGGTGATTGCGGAGAAAGTCCGTCTGGTTGCTGAGTCTGTTCAGGATGTGTCACAGGCAATTGTTCATGAGATCCGGATTTATAAAAACAACCGTCCGGCGGTTCTTTGGGAGGAGCCGATATGATCCGGAAATGTTTGACAGCCGCAGTATCGTCCGTACTTACGGTTGCTGCGGTTCAGGAGAAGCCCAACATCCTTTTTATTGTAACCGATGATCAGGACTTCGCCACTATCGGTGCCTATGGTGGAAATGTCCTGACGCCCAATATGGATCGAATTGCCAGAGAGGGAATGCGTTTTAATCGGGGATACTGCACCTCCAGCAGCTGTGCGCCGAGCCGCTACGGCATTATGACCGGCCGTCTTGCCAGTCGCTGTTCCGCAAAGGAATTCGGAGCAAAGAACGCGCCGGGCGAACAGGCCTATATCACCAACGACGCCATCGTTCTGGAACCCGATCGTCCGACTCTGCCGCAGGCGCTTCAGGCCGGCGGATATCGTACCGGAATTACCGGCAAATGGCACCTCGGTCCGCATCACTATGAAACCATCGGAATGCAGAATGTTTCCAAGGATTGGAAACTGGGCGACCCTGAAGCCGATGTCGTCCTTCAGGAAAACCAGCGGAAGATTGCAGCGTATTTTAAAACACTCGGCTTCGAGTACACCGCGAACATGTACTGGGACAATGTCGGCGAGTGGTCGGTGTACATTGACGGATACAACGCCCAGAATCTGGAGTGGACCGTTGACGGCGCGCTGAAATTCCTTGATCAGCAGGATGACCGTCCGTTCTTCTTCTGGTTTGCTCCGCTGCAGATGCACAACCCGTGCGGTGCGGTCAAAGAGTTTGCTCCGCTGGTTGGCAGTGAGCGAATTACACCCGCCGGACTGCTCGCCGAAGCTCCGCAGGTGCAGCCGCCGCGCTCCACCATTCTGTCGCGTCTGGAAGAGGCCGGTGTTCCGCTGAAAATTCCGCAAACAGACGCCTGTGTGAAATACGGGACGGAGTATGTTCTCTGGCTGGATGATGGAATCGGTGCGATTCTCAACAAACTCGATCAAATGGGTGTTGCCGACAATACGCTGGTGGTGTTTTTCAGTGACAACGCCACTTGGGGAAAATTCCACACCTATGAACGCGGCTGCAATGTGCCGCTGATGATGCGCTGGCCGGACCGGATTAAAGCAGGTTCTGTCACCGATGCGCTGGTTGCCAACGTCGACTTTGCTCCGACGGTTCTGGCTGCGGCCGGGCTGGATGTTCCTGCCGATCTTGGAACGGACGGCGTGAACCAGCTCCCGCTTCTGGACGGAGAAAAACCGTCCGTCCGGGAAACCGTGATGCTGGAGTTCGGAACATCGCGTTCCATCTCCGACGGGAAATGGAAGTACATTGCAATCCGCCACACCGATCGCGACCGGGAATTTGAAAAAAAGACCGGCCTGCCGTCCGGCCACTGGGGCGCCGGAGAAACCGTTCCGCGGTTCAAGGGACTTCAGGGCTGGCGTAAATGGCACGAAAAAAACTATCCGGCCTATTACGACAGCGACCAGTTGTACGACCTTGAAAAAGATCCGGAAGAGCAAAGCAATCTGGCCGCCAATCCGGAATATGCCGATGTGCTCGTGCGGATGAAAAAAATGATGACGGACGAAATGAAGGAGCTGTCGCGCCCGTTCGGAGAATTTAAAAACTGAAAGGAAGATGATGAGGAGAATGATTAGTTTGCTGGTTCTTGCGCTTGCCGGAATGTCCGGGGCAGAACTTTCATTCGCGCCGGTTTTTAATGAGGGGGCCGTGCTGCAGTGCGATATGCCGGTTAATGTGTGGGGAACCGCCGATCCGGGAGCGACGGTTACGGTTTCATTTGCCGGACAGACGCAAAGCGCTGTTGCCGATTCTTCCAGGCATTGGAACATTGTGCTGGGCCCGATGTCCGCTTCTTCCGAACCTCGGAAACTGGCCGTCGTGTCCTCCATCGACGACCAGAAATCCTCAATCGACAATGTTGTTGTCGGTGAAGTCTGGCTGGCAACAGGACAGTCCAACATGGTGATGCCACTTCGCAATTCCACAGGTGGCGATGAACGGCTTAAAATGACCATTCCGGAAATTCGTTTTATGAAAGTGCCGCAGCAGACCGGTATTCCCCCGAAGCCGATGAACGCAGAACAGCTGGCATGGGACACGTTCCGTCCGGGGCCGAACGGCAAGGTGGCTGCGGTGGCTTTTTTCTTCGCCGAATATCTGCAGAAAAACATTGGTGGAACCGTGGGGATTCTTCAGTGCTCCTATGGTGGAACGCCCTGTCAGGCATGGACTCCATTGTGGGCATTGGATGAAAAACCGGAACTGAAATATTATGCGGATATTTTTCGAAAGGGATGTGAGTCCGGAAAGAGTACAGACGAGTCTCAGGCTGAGATTCGCAATTGCTATGCCCAGAATCAAAAATGGAATGAGTGGCACAAAAACCAGCAGGGCCCTCGTCCCGAGCCGCCGCATCGGCCCTCCGCTGATAACCTGTGTTTTCAGCAGGCTCCGGTTGTTTTGTACGAGAACATGACCAAGGCCATCATTCCGTACACTGCGCGTGGTGTCATCTGGTATCAGGGTGAGGGCAATGCCGGGAATCCGGAAGAGTATAAAGTGCTCTTCCCAACGATGATTGAGGCTTGGCGCAGCGCCTGGAATCGCCCGGATTTGCCGTTCTATTTTGTTCAGCTGGCGGCCTGCGATCATCCGGTTTGCGACTGGCCCGGTCTGCGCGCCGCCCAGACCTTTACGCGAGATACGGTTTCAAATACCGGTATGGCGCTGGCGA
NZ_CP047593.1_gap79	2734437	2738725	4288	TGTGAACACTGCAGTGTGAAACGAACGTATCACAAAGCACGGCATCGGTTGATCTGTCATCTTTGCGGCGATGAGCAGGGTGCTCCGGATCGTTGTCCGGAATGCGGTTCGCCGGAATTCAAGTATTCCGGGGCCGGAACCGAAAAAATTGAAGAGGTGATGGCCAAGCTTTTTCCGAAAGCGAATATTGCCCGGATGGATTCGGATACCATGCGGAAGAAAAATGCGCACCGCGAAATTCTGTCAAAATTCCGGGTTGGAAAGATCGACATTCTGATCGGTACGCAGATGATCGCCAAAGGGCTGGATTTTCCGAATGTGACCCTGGTTGGAGTGGTGAATCCGGATCACGCACTGCATATGGCGGATTTCCGGGCCGGGGAGCGGGTGTTTCAGCTGTTGACGCAGGTGGCCGGTCGCGCCGGCCGCGGGCAGGTGGCCGGCGAGGTGCTGGTGCAGACGTATACGCCGCATCATCCCGCCATCCAGTTTGCCCGGCGCATGGATTTTGAAGGCTTTTGCGATCAGGAACTGGAATTCCGCAAAGAGCTGTTCTATCCGCCGTACTCTCATCTGACCTGCATTACCTTGCGGGGAAAACATGAAAGTCAGGTGGAGCAAACCTGCGACCTGCTTTGGCAATGTTTGGAACAATGCGTTTCTTCAGACGTAATGCTTTCTCCGCCTGTGCCGGCACCGATCAGTCGTGTGCGCGGCGAGTATCGCTGGCAGATCCTGCTGCGTGCCGAGAAGACGGGCGAAATGACACGGCCGGTTCGCCGTGCGGTCGCGGCAATCAAAAAATGGCCGAAAGGGGTCAGATGCACTATTGATATCGATGCGGCATCTTTGCTTTAATAAACTGGAAAAAAGGAGAACCAAAATGGCAATCAAAACCGTAAAAGTTGAATCAAAGCTGGACTCAAAATTTAAAATCGAAAGCACGGTGAGCGGGCATCAGGTGATTGTCGATCAACCGGCTGCCGCGGGAGGGAATGGCGAAGGCCCCACGCCGCTCGAATATCTGTTTGTTGCTTTGGCCGGATGTATCGGATCAGTCGGTCGAATTATCGCAATGCAGAAGAGAATGGCAGTAAACGGTATGACCATTTCGGTAGAGGGAGATTTGAATGCGGATGGACTGCTCGGCAAACCGACGGTTGATCCGGTTGGGTTTAAGGAAATCCGTGTGAGTGTGGATGTGGACGCCGACATGACTGCCGAAGAAAAAGCAGCCTTTGTGCACGAAATGGACTCCCGCTGTCCCGTTTCATGGAATCTGCTTAATGCTTCGTCCGTGAAGGTTTCAGCGGTTTAATCTGACTTTTCCAAACATTGGAAACGATGATTCCAATGTTTGGAACCAACAGACATCAGCGGCGGGTTTGATTCCTTGTTTTTCAGCCCTTGCAGAAGCGGTAAAACGCGATGAGTTTTTTGGGGCCGATACGGTAAGGGGATCCTTTCCCCTGAAAAAATCCGTGTTTTCGGATTAGGTGAGCGTCGAGCGGCGTAAACTCCAGCAAATCATTTCCGGCGGCATCTTTGACACCGATGACGGCTTTATGACAATGATCGCCGCATGAGGTGAATGGGCAGGAGATTTGTCCGAGTGTTTCGTCGGACCGGACGGTGATTTTGCCATTGCAGGCCGGCACTCGGCCTTCCCATCCGGCATCCGCGGTCTTGTGAAGTCCTTCCAGAAATGCGCCAAGCTCTTCGATGGTTAACCCCGCCGCTTCGACTTCTGCGGTATCGGCTGCAATAATGTCGGCCAGCGGCCGGTCATCGGTTCCAAGAAATCCTTCAATGGTCAGGGCGCCGGGTTCCATGCGGTCGCGGGATTGTTGTTCGGCGGGGTTTTTTTTCATTTCCGGCTCCTAGCTGAATTTGTCGAAGAAGATATTTTCTTCCGGCATGCCGTTGCCGGTGAGGGCGACGACGGACGCATCGCACATTCCGGGAGATCCGCAGAGGTACGCCTCCATGTTGGAAAGGTCGGGGCAGTGCTGTTTCATCACATCGGTAACGAGTCCGGTATCTCCATCCCAGTTGTCATCGGGCATCGGCTCACTGAGGCAGGGGACGAACTTAAAGTTGGGCAGAGCTTCTTCGAACGCTTTCATTTCATCGAGGCAGATCAGGTCGCGCTTTGCGCGGGCGCCGAAGAAATACGTGACCTTGCGCTGGATGTTTTCGTTGCGCATATGGGCGAGCATGCTGAGGAACGGAGCCATTCCGGATCCTCCGGCAATAAAGATCATTTCCTTTTCTGTGTCGGTGAGGCGGAAGTCTCCATAAGGCCCGTTCAGTTTAATGGGTTGTCCGGGTTCCATGTGTTCAAACACAAACGTGGTGCAGATGCCTCCCGGGACGAGGCGGATGACGAGATCGATATGCGTTTTATCGTGCGGATCTGTGGCGATGGAGTAGGCGCGGTAGACCGGTTCGGGGGTTTTCTTATAGGCCGGGGTTTCGATCTGTACATACTGGCCCGGAATAATGTCGAGTTCTTCGCCTTCCGGCAGGGCGACGCGCAGGCGTTTGATGTCGTGGTTGAGATCCGTCAGCGACTCAACGGTTCCTTCGAACTCTCGGATATTGAAGAGCTCTTCCGGAATTTCGAGCTCCATGTCTTCATGGACTTTCAACTGGCAGCACAGGCGAACATGCTCGCTGACTTCTTCAGGAGAGAGGTGCGGTTCTTCAGTCGGCAGAACCGGCGGTGCGCCGGAGTGCACTTTGAGTTTGCACAGTCCGCAGCTGCCCTGTCCACCGCAGGCGGACGGAATAAAAACTCCGGCTGAGTTGAGCGAATTCAGCAGTGTGGAGCCGCCTTCAACATCTTCTTCGCGCGAGCCTTTGTTGATGATGAGTTTGCAGATGCCGTAGTCGTTGAGGTAGCGATCGGCAATGACCAGCAGAAGGGCCAGGATTCCACAGATGGCAACCAGGCTTCCGACAGCGATTAAAAACGTCATCATAATTCAGGTTCCTACTTTATCATTCCACTGAAAGCGACAAAGGCGAGGGCGATAATTCCGGTGATAATCAATGTGATTCCTGAACCGCGCAGTCCGGCCGGGATTTTGTCCTCTTTAATCTGCTCGCGGATTCCGGCCATCAGCACGATGGCAACCAGCCAGCCGATTCCGCTGCCGAAGCCGAACACCAGAGAATGGAGGAATCCAAAGTCCTCTTTGTTGAGCATAAACAGGGAAACTCCGAGAATCGCGCAGTTTACAGTGATCAGCGGCAGGAAGATTCCGAGTGAGAAGTAGAGCGATGGACTGAAGCGTTCGATCACCATTTCCACCAGCTGTACGAAGGCCGCAATGACGACGATAAACACAATCAGTTCGAGAAACTCAATATGGAGCGGCACCATGACATAGGTGTGCAGCAGCCAGTTGATGGCCGCAGTGAATGTGGTGACGAATACAACCGCAAACCCGAGGCCGAGACTGGTTTTCATCTGGCGTGATATTGCCAGGAACGAGCACATTCCCAGAAAGCGGGCCAGCAGAATATTTTCAGTAAATGCAGCTGCCAGGAAAATGACGATCAGCTGCACGAACAGTCCGGGCTCTGCAACAGCAGGTTGGATGGCGGCCAGAATCATTTCGCACCTCCTTCTTTTTTCAGCACGTAGCTGTTTCCAAACCATGCAACCAGTGCGAGCATGAAAAATGCACCGGGAGGCATGACCATGATCGTCCATTGGTACCACCAGATGTCACGGCCGGGCAGCGGAATTCCCAGCAGGGTTCCAAACCCGAGCGCCTCGCGGAATACCGCGATAACGATAAGCACAAAGCTGTAACCGAGCCCGGCGCCGATGCCGTCGAGCAGGGAAGGCCATGCCGGATTTTTAGAAGCAAACGCTTCGGCGCGTCCCATGATGATGCAGTTGGTAATGATCAGTCCGACATACGGTCCGATCGTTTTGTGAATGTCCGGGAACTGTGCCCGGATAAAGGTGTCTACGATGATGACATAGGCGGCGATGATGAGCACCTGAACCATCATGCGAACCTGCTTCGGAATGGATTTCCTCAGCAGCGAAACCGTCAGGTTGGACAGGGCTGCCGTGAAAACCAGCCCGCCGCACATAAGCAGGGTGTTCTTTAAGAGATTGGTTACGGCCAGAGCGGAGCAGATTCCAAGAACCTGGCGGAAGACCGGATTGTCTCTCCACAGGTTTCCGATCAGGGCCCGGCCTCCGAGTGTGTCTTTGAATGCCATGGTTATTCTCCTGCCTTCCGGTTGTCGGCCGCCCGTCGGAATT
NZ_CP047593.1_gap80	2775391	2777799	2408	GAGCTTTCGGAAGATTTTATCCTGCAGGTGATGCAGTCGATCCACGAAGAGTCCATCCGTCAGCAGGAAATCCGTCGAGTGGATGACTCTTGCTGAGTTTGATCAGCTCCACCGCAGTGATTTGTCCATCAGGCGCTTTGCCTGATCTTCGGTGTCGGTGTGCGTTATGATCAGAGTTCCGTTCTGCCCGAACTCTTTGACGAACGGTTCGACGTCATCGGCAGGAACTCCGTGAAGGAAGGCGGATTTTCCGGCGGCATAAACCTTTTTCCAGACCGTGTCCCACCAGTCGCGGTGGGCGGTATGCGGATTGCCTGCGCCGGGTTCCCACTGCAGTGCGTCGAGTTCCGGAATGGACAGAACAGAATCGATATGACGCAGCGCGTCCGGACCGTCGAGATGATAGACGGTATAATCGAGTCGCCGGCACTGTTTCTGGATGTGCGGTTTAACAAATTCTTCGTACATGTCGGGAGAGATCATTGCCGAAAAGTCACACTGCACTTTGGCGCAGCGCCCGGGTCCCCATGCGTTGAAGGCCATATACGGAACATACCCTGCCGGACTTTTAATAATATCGGCCAGTTCGTCGTAGGCCTCAAAATAGAGGACGTCGAGCTGGTCAAGCAGGCGGTGAATGGCTTCCGGGCAGTCGATCAGATGCATCAGGAATTCCTGAGTTCCGAACAGTTCTGAAAGGATATCCAGTCCTTCAATCAGGTCCGGCATCGTTGCGATGTATCTTCTTTTTGCCTGTTCAGCAATGTAGGCCAGGGCCGCTTTGGTCCAGTTCCAGTAAAAACCGGTTTTGTCTAAATTCAGTTGGTCGACGTTTTCCGGGGTGTCGGCAATCGGGTTATACCAGAGTGTGGTCTCCTGAAAATCAATGGAGCTGCCGAGAAATGGATTCATGCTGCCCGGCCCGAGATAGGCAGTGTTTTCCGGAAAAGCACAACCGAGATAACAGTGCTCGGAAAAGAAGGCCTCCTTGTGTGCGTTTATGGTTCTGAAATCCAGCCAGCGCGTTTGGAAGTCGTCGGACAGCGGCGGCGGTTCATCATGCGGCAGTGGTTCATTTCGTTTTGCAACGACGCCCAGCGCCCAGCGTCCGTCGACTTTGCCGTTCCACCATCCTGTCAGTATCTGCTGTGCTTCAGCCCAGTCGTTTTTGTAAAGTAACTCTTTATTGTCTGTATCGTTCATAATGGGCTTTATAGTCTATTTTTATTCGCGTAATCTTCTCTTTTTGAATTTTAAACATTTCATTTTATGCTGTGCGCGAGCTTTTGAATATTCCAGAAGGACGGGACGGGTTCTGCCTCCTGCATTGCGCCGGCGGGCGGGGGCGCCGTACTCATTCTCACGCGGAGTTGGAGATCAATTTAGTGATTTCCGGTCGAGGACAGTATCTCATTGACGGACAGCCGGTGCCGCTGAGTGCCGGCACATTGCTGTGGCTTTCGCCGAAACAGGCTCATCTGCTCAGCGAGGAGAATTCTGATTTCATAATGTGGGTAGCGGTGCTTCGTGCCGGGGCGTTGTCGGAGGCAGGCGCCAGCTGCAGCCTGCGGACTTCTCCGGATGATACCGCTTTTTTTGATATGCTTTTTCGTAAGCTCCATGAGGCCGACAGCGATGAGATATTTAATGATGGGGTGTTCTACCTTTTTCGTCAGGTCAGAGACATGTGTGAAAGACAGTCTCCGGTAAGTCGGCAGCAGCATCCGGCTGTGGTGCGTGCGGTTCGAATTATGACGAAGCTGGACGATGCCGTGGACGTAGAAACGATTGCCCGGCATGCAGGAATGAGTCGATCGCAGCTCAGCCGGCTGTTTAAAAAACAGACTGGATTTACGCTGGTGGAGTATCGACAGAAAATCCAGTTAGAGCGGTTTCTTCTGCTTTGCGGTGATGGCCGGACTTTACTTGAAGCGGCTCTTGATGCCGGGTTTGGCAGTTATCCGCAGTTTTATCGCGTGTTTCAGCAGCGTTTCGGTTGCAGTCCTCGGGAATATTTTAGGCAAACAGGGTTGTAAATGGACTGCGTACACAAATGATGCTGTGTTGAAACGGCTTTTCGAACAGAGGAAAAACAGATCTGAATTCAGGCGGAGTTTTTAGGAGGGAGATCTGTGTTTTTTTCCGGATTGCGCAGGACAATGAGAAGCAGAGCAATTCCGCCGGCGAATGTCAGCAGGATACTATCGTAGGCGCTGAATGTTTTTCCCAGCAGGGTCCATCCGGAGGGAAGAAGACTGTGCTCAAGCAGGCTGGCGATTGCAAATCCGGACAGTGCTCCGGCGCAGCTCATGGCGGTTCCGTTGAACGCGCCGGCGAGGGATTTATTGTCCCGGGGCATCAATGCCAGCGTTTCGGCACCTACGCTGATTCCGACAATGCCTCCGGAA
NZ_CP047593.1_gap81	2827354	2832056	4702	ATGTCGCCGGTTTGCGGGTTTACGGGAATCTGACCGGAACAGTAAAGAGTTCCGTCAGATTCAACGGCCTGAGAGTACGGTCCGATCGGTTCAGGAGCGGCGGCGGTTTGAATAATATCTTTTTTCACGGGGGTTTCTCCTTTTTTGCGCTTGAGGCGGATACTTGCGAATTGGATGGTTTTTGGCAATCGATTCTATCGCGAGGCGGGCCGTGGAAAAGGCGGCCTGCAGGTTATAGCCGCCGCACGGGCCGTCCACATCCAGCACTTCGCCGGCAAAGTAAAGGCCGGGAACCTTTCTCGATTCCATGGTTTGCGGATACACTTCATTCAGTGCCACGCCGCCGATCGTCGTCATGGCTTCCTTGAGCGGCCGCGGCTTCCCGGGTTCAATTTTCCAAACTTTGGATGCAGGCTGTGCCTGTGCCCGATTGAGTTTCCGGGGTTTGGAAGAGTTGTCGGGTGCGGGCGCATTCTTGGAAATTTCGAATGAGACGTTTTTGAGATTGAGGCGCGAGATAATGCGGCAGGCGTTGATGACGGCGGGACCGCTGATGCCGTACTTCTCGATTTCGAGTGCGCCGTATGTCGTGGCGATGGTTTTTCCGTCCACAATAATTTTCAGTACTGCTTCGTCCGTCGCGCGCAGATGATGTTGTTGCAGATTAAACCCGGCCAGTCCCGGGCGGTATGGCAGGATTTTATGCCCAAGCGCCGCGGCCATTTTCTGTCCGTCGCCGACGGATCCGGTTTTTGGATAGCTGACGCCGCCGGTCGCGATCAGAACATTTTTTGCGGTCAGTTCGACGTTTGCAGTTTTTACAGAAAGCCCGTTTCCCGATATCTGGACGTTCTCAACCGGGCTGTTGAGCATCAGTCCGATGCTGTGCTTCGCCAGCAGATCGGTAAAGCAGTGATGCACATCAATTGCCCGCTCACTTTGCGGGTACACCCGCCGATCGCGCTGCATTTTCGTGATCAGTCCGTTTTGGTGAAACCAGTTGCGCAGAGCAGACGGCGGAAAGTCGGTGATGGCGGTTTTTAAGAAAGGGCCGGCCGGTTCGCCGTAATCGATCAGCATCTGCTCGGCGGGTAGGGCGGACGTGATGTTGCAGCGATTGTTTCCGCACATTAAGAGTTTGCGTCCGGGTTTGGGGCAGCGTTCCAGAATGATCGCCCTCAGTCCCGCTTCGCCGGCCGCCGCTCCGGCCATAAGCCCCGCCGCTCCTCCGCCGATAATAATCAGGTCGGTTGATAGCATTGCTTATTCCTGCGAGGCTTCCGCCAGTTTTTTGAGCTTTTCAAGGGCGGCACCGGAGTCGATGGATTCTTCGGCAAGGGCGATGCCTTCCGGCGGCGTGGATGCTCTTCCGGATGCCATGATGGCAAATGCGGAGTTGAGCAGAACGATGTTGCGCTTCGGTCCTTTTTCTTTGCCTTCGAGGATCGAGCGGACGATGACTGCGTTTTCTGCCGGTTCGCCGCCGGTGATGTCGGATGTGGTCGCTGAAAAACCGAATCCTGCCGGTTGCACTTCGTAGGTCTCAAGTTTTCCGCGGCGAATTTCTGTTACCAGCGTGGTGGTTGTGGTGGTGATTTCGTCGAGGCCGTCATTGCCATGTACCACAAACAGGGTTTTTGCACCCAGCTGGGCGCAGGCGTCGGCCATGACCGGTACCAACTCAGCGGAAAAGACGCCGAGTACGCCGTTGGTGACACCGGCCGGGTTGCAAAGCGGTCCGAGGATATTAAACAGGCTCCAGAAGCCGAGTTCTTTACGCGGTCCGGCGGCGTGTTTCATCGCCGGATGAAGGGTCGGCGCAAAAAGAAATGCGATGCCCAGTTCATTCAGGCACTGTTCCATTTTCTGCGGGCTGTACTGCAGGTTCACGCCCAGCTCACTCAAAACATTGGCAGCGCCGCATTTGCTCGATACCCCGTAGCTGCCGTGCTTGGCAACGGTGACGCCTGCGCCGGCGGTGACAAATGCGGATGCTGTGGAAATGTTGAAGGTGTGGGCTCCGTCGCCGCCGGTTCCCACAATGTCGATGGCATCGGGATCGTTGCACGGGATTTTAACCATGTTTTCGCGCATTGCTTTTGCGGATCCGGCGATGATTTCAGGGGTGACTCCACTCATCCGGACGGCTGTAATAAAAGCACCGGTCTGGGCCGGGGTTGCTGCGCCGGTCATGACATCGGTAATTGCTCCATATGCTTCATCGCGGGAAAGTTTTATTCCTTCTGTCAGGGCTTTTACGGCTTGCTGGATCATAGCGCTTCCTTTTCGGCTTGTTTCAATTCCGGGAGGTCATATCATATCCGGCTTCAATTCTTAATCTTAATCTTACTCCTAATCTGAATCGATGAGAGGCCGGAGTGGATGCGGGATTAGGAGGTAGATTTAAGGTTAGGAAGTTGCTTATGTCCCACACACCATTTGTCTGTACCAGTCCGGCCGACGAAAAAGCCATGCTCCATGCGGTCGATGCCGAAAGCTTTGATGATTTGTTCTCGCACATTCCGGCGGAGTTCCAGACGGATCAGTTCGGTTTGTCTGCCGGTCTGTCCGAAATGGAAATGATGCAGCACCTGCGGAAGATTGCGCGCAAAAACTCCAGCGATCTCACCAATTTCTGCGGTGCAGGGTTTTATGACCATTTTATTCCGGCGGCTGTTGATTCCCTGACTTCACGCGGCGAGTTCTTCACCGCTTACACGCCGTATCAGCCGGAAGCCGCGCAGGGAACCCTGCAGGCGGCCTATGAATATCAGACCGCCATCGCCCGCCTGACCGGCATGGAGGTTTCCAATGCCTCTCTTTACGACGGCGGTACTGCGCTGTTTGAGGGAATGATGATGGCGCTGCGCATTACCCGTCGCAACTGCGTACTGGTCGATACGGGCGTCAGCCCCATCTATCGCACAATGCTTCGCAGCTATACCCGCAATCTGAAAATTGACTACAAGGAAATTCCGCTCAGCGGCGGAATTGCGGACCGCGACGCCTTTGCTCAGCATCTGGATGACAGCATTGGTGCGGTGCTGCTGCAGAATCCAAACTTTTTCGGCTGTATCGATGATCTGACCGGCCTGATTGAGCAGATTCATCGAGTAAAAGCGGTCGCAGTTGTCTCGACGTATCCGGTATCGCTGGGACTGCTTAAAACGCCTGGCGAAATGGGGGCGGATATTGTAACCGGTGAAGGCCAGAGTCTTGGAATGCCGCTTTCATTCGGCGGTCCGTACCTCGGATTTATGGCCACGCGTAAAAAACTGGTGCGCAATATGCCGGGGCGTATTGTTGGAGCCACACAGGACACACAGGGCCGTCGCGGCTACGTGCTGACTCTGCAGGCGCGCGAGCAGCACATCCGTCGCGAAAAAGCTGCGTCAAACATCTGCACCAACATGCAGCTCTGCGCGCTGCGCTCGATCGTTTACCTTTCCCTTCTTGGTAAGCACGGCTTCGCTGATGTCGCCCGCCAGTGCATGGACCGCGCGGGCTATGCATGGACACGCCTTAAGGCCATTGACGGTGTTGAGCCGCTGTTTGATCGTCCGTTCTTCAATGAGTTTGCTCTTAAGCTTCCCAAAGACGCCAGCGAAGTCGTCAGCGACCTGATCGAAGAGGGCATCGCCGCCGGTTTCCCCGCCGGGCGGTACTACGTCGGCATGGAAAATGTCCTGCTCTTTGCCTTCACCGAAAAGCGAACCAAAAAAGAGATCGATATCCTCGCCGCTAGACTGGAAAGCGTGCTTTAGGGAAGGGCCGGTTTCCACCTCTTGGAAAATACGCAGTACGAAATACGGAATAAAAGTTATGAAGCTGATTTTTGAAAAAAGTTCACCGGGCCGGGGCGGAGTGCGGATTCCCGAAGACCGGATTTCTCCGGAAGAAGTGATCCCTGCAGAATTGCTGCGCAGCGAGCCGGCAGAGCTGCCGGAGGTATCGGAAAGTGAAGTGGTGCGCCACTACACCCGTCTGTCACGCCTGAATTTTTCGGTTGATACCCATTTTTACCCGCTGGGCTCCTGTACGATGAAGCACAACCCGCGAGCCTGCGAGAAGGCCGCTTCAGTGCCGGAGCTGTGTGAGACACATCCGCTCTGGCCGCAGCTCCGTCACGGCGGACTGCTGACGCAGGGCTCGTTGCAGATTCTCTATTCGCTGGAGCGCATTCTTTCCGAGATTACCGGGCTGGCGGAGTTTACGCTTCAGCCGATGGCCGGTTCGCACGGCGAGCTGACGGCTGTGATGATGATGGCTGCTTATCACCGTGACCGCGGCAATAAAAAGACGCACATCATTATTCCAGATTCAGCGCATGGAACCAATCCGGCCAGCGCGGCGCTGGGCGGCTACAGTGTGGTAACTGTTCCGTCCGACGAGAACGGTGTGATGGATCTGGAGAAATTCAAAGAGGCCGTCAATGAGGAAACGGCCGGCGTCATGCTTACGCTGCCGAATACGCTGGGCGTGTTCAATCCGCAGATCAGAGAGCTGATTGACGCGGTTCACGCTGTGGATGGACTGATGTACTATGACGGCGCGAACTTCAACGCCATCATGGGGCGTATCAAGCCGGGAGATCTCGGGTTTGATCTCTGTCACCTCAATCTGCACAAGTCGTTTTCAACGCCGCACGGCGGCGGCGGACCGGGCACCGGGCCGGTCGGCGTCTGTGAGAAGCTTCGTCCGT
NZ_CP047593.1_gap82	2852649	2854937	2288	GATTCACTGCAGAACTGGTCTTCACTGAATACGGCCAACGGTGTGACTGCCGCAGCGGTTTCCAACGGGATTCTGTCGGTACACTATCAGCTGCCTGCAGGAACCTGGGATCCGGGGGTTCAGGAGAGCGGAGCGCGTCGCATCGATATGGATGTTGCACAGGAATTTGCGATGAAATACCGGATCAGCGGCTATACTGGCGGGTTGTCAACGGTATCGCTTGGTGTGTTTGGTTTTGTGTTGGGAGAGGACGGCCCTGCCCGGCAGGGCGATGTACTGATTCCGGACGGGGAGTGGCATGTGTTTCGGACGACACTGGACAGTTCAATCGGTACGTTGACATGGCACGGGGATGTTCGAATTCGCGTCGATGTTCCCAACGCAGGCACTGCGGGTTCTCAGGCTTCGGATTTTGCCGGCGGAACTTTTGAGCTGGACTGGCTTGCTGTTTCTGATGATGCGCTGTTTACACCGTCGCGGCCGCTGTGTGAGGGCGGGCAGGTTTGGACGTTTGAGGATGACCGGACTTATTCTCTTTCCGACGGCGGCGGATTCAAGGGAACGGACGGATCGGTTCTGACCGACAAAACCGATCTGGGCATCCAGAAAAACAAGATGAATTTTCTGCAGAAAAACGCGCTGAATCTGTCTCTGTCTCCCAGTACGACTTGGGCGGTGGATGAGTTTGATGTCGGTATTAACGCAAACTATGTTCACAATAACCTGGGAGAGGATATTCGGTATGTCACAGCCAACGGTATGGCCACGATCATTACCTCGCTGAATTCTTTAGGGGATTATTGGCTTGATGAAGGGACGGCCGATCAACGTTTCAACCCGTTGCGCAACCCGCTGTCTTCCCCTAGTTCTCCAAACTCGTTTTCTGTTGCTCATAACGTGATGGACCCGGTTGGACTGGCGTATTATCGAGGTACGATGGAATACCTGGGCCGTTACTTTTCCGATCCATCCGGCGTAAACGGGGAACTGTATCGGTTTACCGTTGGAAACGAACTGGACCAGCATTGGAGCTGGTACAACGTCGGCGAAATGGAAATGGAAGAGGTGGTGGAAATCTACCTCGTTTCCTGTCGCATCGCCGACCTCGCGCTGCGCTCGCAGCATCCCGATTACCGAATCTATCTATCGTTTACTCATTACTGGGACATGCTGGGCGGAAATGTCGGAGCATTGAAGGCCTGTAATATGCGCGACTTCCTTGATCTGTTTGCAGCGCGCGCCAAAGAGGAGGGCGACTTCCCATGGGCACTCTGTCTTCACCCGTATCCGCAAAGCCTGCTTGATCCCACGTTCTGGGATGATCCCGGTCCGGTTGATTCGTTCGATACGGAATATGTCACCTTCAAAAACCTGCAGGTGGCCCGCCGTTATCTGCAGCAGGAATCCATGCTCTATAACGGGCAGGTGCGCGGCATCAACCTCGGCGAACAGGGGTTCCATGTGGCCGTCGATGGCGACGCCGAAGATGAAGCCATTCAGGCTGCTGCAATGGCCTATTCGCACAAAATCGTTGAGCAGATCCCAAACATGGAGGCTTATCTGTATCACCGACAGGTCGACCTCTCACTCGAGGGCAATTTGCGTTTCGGCCTGTGGGCCGATAATCCGGACATTGACGGGGCACAGCTGTTCCGCCGCCGCCCATCCTGGTATGTTCTGCGCGATTATGGAACCACCAACGAGGCCGTGCAGTTTGATCCGTACCTGTCGTACCTGCCGCTCAGCAGTTGGGATGAAATCAATTTGGCCGATATTGCACTCCGTTATGAGTTCAATGCTCCGGATCCTGATTTCACATCGGAGCAAATTGATGCATTTCAGATTACCGATGGAGTCTGCCGCGGAACGGTGAGCGGTTTGGATCCAAAAATTCAGAACCTGAACGTCAACACCTACGGGGACGGGCAGGAAACCTGTATTCTCCGAATCAAGACGGCGAAGTCCGGCAGCTGGCAGTTGTTCTGGCGCAAGGCAGGAGGTACGTTCAATCAGACTCAACCTATCTCGTTTTCGGTGACGGCTTCCGGTGAGTTTTCCGTTTATCAGTTTGACCTTTCTGCGGATACGAACTGGTGCGGAGCCAACATTACCGGCTGGCGACTGGATCCCGTCGGCTCGTCAACCGCTTACGACTTTGAAATCGATTATATGTATTTTGGCCCTGCCGGCGATTTCGACGGAGACGGCATCGCTGACGCTCTGGAATCTACCGCCGATTCCGATGGTGACGGCCTGCCGGACTTTGCTGATACCGATTCCAACAACAA
NZ_CP047593.1_gap83	2860391	2864422	4031	ATCGACGGGAATCGCGGGCAGTTTGAGCATTACGATTTTTCGTTTTCCGGAAGTGAGGTTTCCAATCTGCTGATGCGCGTCGGTTCGCCTGTTGCGAGCGGGCTGGTGTTTCGCTGGGCAACGGCGGCTCAGAATGTCTTTGCGCAGGATAGAACACTGCTGGCGTCCTATGAGACTGGTGAAACAAATGTCATTGTGATTCCTGTTGGTGTGCATACGCAGTGGACAGGGCAGGTGATTACCCAGATGCGTTTGAATCCCGCCAATGTGCCGGCGCCGTTTGCGGTAGACTGGATTCGTGCCTCAGATGGCGATTATGACGACGACGGGGTTTCGGATTCTGATGAAGATATAGCAGGCAGTGATCCGACTCTGAGCAGTGATTTTTTCAAGATTCAAAACAATCCGTTTGTTTTAACAGAAACAGTTCAGGTTCAGTTTAGCTGCCGAGCAGATCGGACTTATACGCTGCTGTATTCCGCGGACTTGATTTCCAATGGCTGGATTGCGGTAGATTCATTTACCGCGCCGGAAGATGCACACTGTTCTGTTGTTCATACAAACTGCGAAAACAGCGGCTTCTATAAAGTAGAGGTTTCTTACTGAAACAAGAGAAATCCGGCTGTTTTTCAGGAAAATTTAAAATAGAAAACCATCTTAAGTGAAAAAAAATATTGCCAAATGATACAGTTTACAGTAATCATAAATCAGTTCGGCGGGGCGCATGGTGTGTTCCTCGTTGAAAACGTGGTTGAATTAATAAGATCAAGGAGGGAAAGGTGAGGGCGAAAGTATTAATAACAGCGCTGCTAAGTGCTTTGATTGGAATGAGTACACAGGCCGCTACAAACTATTTTACTGCGGCGGTAAACAACCAGACCCAGAATGCTGGCAACTGGACCGGTACGCTTCAGGATTGGGACGACGCGATTGTAGCCGACTGGACAAACTTCAAGGAGTCAGCAACCGCTTGGGCGAACATGAAGTATAATTCTGTGACCTTCAACAGTGAGGTCAATGGTGGAACGTTGGCACAGTTCACCTTCAATACGTCGGCGACAACCATTACGAATTTTTTCCGTGACCGGGTGGCGGTTGACGCTGATGTCACGAAAAATGTGCGAATTGGCGGGTCCGTTTCGGACGATGACGGGGATCTCTTTTTTGAGAATAACAGTCCAACGGCACGTTTTGAGGCGTACGGTGGAATCCACTCCGCAGGCGGTCTCACGCTGACTTATACAGGTGCTGCGGGCGCAAAGTTTCAGTTGGGCGGAGGTGCTGTAAACAGTACATATGCTGGCACAACCATACTGGACGGAATTTACGCGGATGTGATTGTGAACGGGATCGCCACCAAAGGTCCATTCGGGATTGAGGCCAATTCGGTTCAAATGCAAAACGGGGCCACCGTTGAAATCAATGAAGCCGGTCGCACCTTCAAAAATGATGTCATCGTTGAGACGGGCCAGACCGGAACAATTATCAGTGGTAGCGCGCAGCACACATTCGGCTTGGATGTGGATGGTCAACTGACTATTCAAAACGGAACCCGCTGGTTAAACGGAACCATTACCGGGGCCGGCACATTGATCCATTCCGGCGGTACGGTGGTTTTCAACAACACCGCTATGGATTCCGATTTTTCCGGCACGATGAATTTTGCCTGCATCAGTCAGGCTCGTACCAGTGACCAGTTTGGAACTGCCACGCTGGTTCTGGAAACCGGCGCTAATTTCCGCGGGTTCAATGATCAGGCCGGCGAAACCATCTCTATCCTCAATGATATTGAGGTGGCCCCTGCGGACTCGACCGACATTGTCCGGATTGCTACCACTGGCATTGCGAACAGCGCACCGCACACGGTAGTCAGCAATATTACTTTTACGGCTGCCGGCTCTCTGTCTTTGCAGGCTTTGGCAAACAATACTTCCACTTCTGATCCCGCGACGATGGATGTTGTCGGGGTTGTCAGTGATGGAGCCGTCACTGGAAATATTATTGCCGATAACTCGTGGACCGGGATCGAGTTTCCGAACAGTGTCGTGAAGCTTTATAGGGCCAACACCTATACCGGCACAACAACGCTTGAATATGGACGCCTGCAGCTGATCGGCGACGCCTCCATCGATGACAGCTCAGAAATCATCATGACCGGCGGCATTCTTGATCTATCGACCCGCACCGGCGGAGCCTACACCTACGGTGGCATCTTCGGCGGTTCGGGAACGGTTGAAGGGGACCTGACTCTGACCAACTCCCTGAAGCTGAACATCAATGGGACCACCGCCGGAGCATACGATGTGCTGGTAGGGACCGATGACCTGGTGTTGGGCGACACCGTTATTTTTGAGGATAATGGCCTGACCACCAACGATGTAGGCACGGCCTTTACGGTTCTCACTGGCTGGGCCTCCATTTCCGGTACACCAACCAATCTCATCAGCGCCAGCGGCTGCGAGTGGGATTTTGATGCCGCCTCTGGTGTTGCCACGCTGACGTATGCTCCGCCGCCGCCGCCAACGATTACCGATGTGGTTTGGACGTTCAACTCCCCCGGTGATACTGAAGGTTGGTTTGATGACAATGAACAGTCTGTGGGGATGACGACTACCAACGGAGTATTGAAGGTTGACTCTGTAACCGGTATTGACCCGTTCCTGCAACTGGATGCGATTTGTTCTCCAGAAGGCGAGAATTGGTTCTCTGTGGAAATCCGTGCCCGTCAAATAGAGACAAACGGTATTCCTGCCGAGTGGGATTCTTCCGGTTGTGCCGGCGTGGTTGATCATCTGTTAGGTGACGAGGGCTGGACACTGCTGGGGCAGATCGGCGATGCCAACTGGAATGTGGTTGACGAAGCTGACGGCTGGATTGTTGCGACGCGCGATCTGTCTGCGATGGGCACCAATCAGCTGGTCGGTATTCGTTTTGATATGCTGGGCAATGCCGCTAACATTGGTAAATCGTATGAGGTTGACTATATCAAGCTCACCAAAGGTCAGCCGGCGGTCATCCGGTCCCTGGACAGCGCTTTTGAGTTCAATACGGACGGTGATGTCGAAGGGTGGACGGTCAACAGCGAAACAGCGGTCGTCGGCCATACTGCCACAAACGGTGTCATGACCTGTTCTGCGACAACCGGTGATCCGCAGTGGCTCTACACCTCTGGAGTAACTAAGACCCGCGGCAGCTGGGATAAACTGGCCTTCCGCGCTCGTCAGCTGGACGCCGGCACGCCGATTGCCTGGAGTGGAGGCGGCACGGTGTCGGTGATTACAGGTGTTGCAAATATTACGCCGCTCCTTGACGAAACCGACCGATGCACTCTGAGCACTGAGGCGGACAGCTGGGTGGTTGTCGAGTTGGATATTTCCGAATGTTCGGTGGAAACCATCGGCAACATCCGTCTCGACTTCCTGCCTTCTCCACGAACGGTTGAGGTTGACTGGATTCGCATCTACAGCAAAGACGTAGGACTGGAAGGGTACAATGGCTGGGCCTACAGCTATGACGATTTGGAAGATGTCGCCCGGAACGCCGATCCGGACGGCGACGGTTCCGACAACTTCGCTGAATACGCCTGCGGCGGAGACCCGTCCGATCCGGCAAGCGGCCCGATCGGCCCGGCACTGCAGGCGGTGGACGGCATGCTCCAATATGTCTATGGCAAACGTACGGATGATGCCGGCCTGACTTATTCGTTGCAGGGCTGCCTGGCTCTTACCGATGGGTGGAATGATTGGGTCGAAGACGTCGATTACACCGAAGCCGGCTTCGGCTCTGCCGGTGATAATATGATCGCGGTAACCAACTGGATTCCAATGGATGTTGATGCAAAATTCATTCGCACAACCATCAGTGAATAAAAGGGTGTCCGAATAGGAGAATCCAATGCAATGCCTCTCTGTCTTCACAGAGAGGCATTTTCTTCTTTGGCTTAAATGGCGGTATTGTCCTGCAAAATGGCGAAATCGTTATGGCGCTTTAACGGGCGGTGACATAGTTTACTGATGGCTGAGCAACGAAGA
NZ_CP047593.1_gap84	2916402	2919010	2608	CGGGCATTACATAAACGCATACGATACGTATATTCCACCGGGTCGTGGACGTCACAGCAACGACTACTGGTTTCAATGCGTGAAGGATGTTCATAAGGATCCGTATGTATATTCGAATCGACCCGAACAAATCGAGGGGAAGAAGGACGGCATCCAGTATCGTCCAAAGCTTTATTCGCCTAAGCTGGAAGCGGATGTGGTGATTGATTATCTTCAAAACAATACCGGCCAGCGAGATGGCTCAAAGCCCTTTTCCATTATCTGGGCGCCGAATCCGCCGCATAGTCCATACGGTTCCGAAAAAGACTGCGACGAAGTTGTTTACCGTGAATTGTACAAGGGGAAAGAAGGCCTGCTCAATCGCCCGAATGTAACCGGTGAGAACAAAGCATTGGCTGAAAAACGCGCGCCGTTCTATTTTTCAAACGTTACCGGCATCGATAAGCAGCTTGGCCGGATTCTTCAGGTTCTGGAAGAATCCGGTGAAGCAGACAATACGATTGTAGTGTTTACCGCCGATCATGGGGAGATGATGGGCAGTCATAACAAATTCGGCAAGCTGGTCATTTATGAGGAAGCGTTCTGTGTGCCCCTCATGATCAAATATCCGGGGAAGACCAAGGGGACACTTGAAGATCTGATGATTACACCACCCGACATCATGCCGACCGTGTTGGGGTTGTTGGGCTTGGAGGATCGTATTCCCGAAACGGTTGAGGGGAAAAACTATTCCCGTGAAATCATATCGGGTGACTGGGCGACGCAGTCGAAGCCAAAATCGGCACATTTTCTGGGATTCAACAGTAAATTCAGGGGGCTTCGAACGGATCGATATACCTATCAAATAGATGAAACAGGCGAACAGATGTTGTTCGATAATAAAAACGATCCCTATCAGATGACAAAGCTTCAGTTGACGGATATTCCGGAGGCAGATGCCGATTTTATTCTTTCCGAACTGGGCATGTGGCTGAAGCAATCCGGCGATCCGTGGTTTCGTCAGAAAAAACTTTCCAGTGTGATTAAATATCCTTGATCTGTGAATTGTCGACAAATTGTTCCAACACTCTTTATGCAGTGGCCATCGCCTGCATTTGCCGTGCCACTGCCTCACTTTCCTGAGTCCACTCTCGGCAGTGCCTTAGGCCGGTGAGAAACATTGGTTCATTTTTAGCCCATTTTAGGTGCGTAATATCACCCTTAATTATGCGTATTTTAAATCTATGTTTTTTTGACTGCTGCGGGATAATAGAACTTGTGAGTAGACAGATAAGCATTAGCTGTTGGTGAAATGTTTAAAAAAGAAAAAGGAGAACACAATGAAAGTATATTCGATAATGACTATTGTTGTCGCGTTGGCGATTTCCATGCAGGCCGAACTGGTGGGGTCGCTGCATCTGCCGTATACCGGCGGTTATATAACCAACGATATACAAAGCATTAAAAACATTAAAACACGCGTCAGCGGCGGAGATGTTTCCACCTGCGGACGGATTGAAGGTGACTTCAGCCTGTTGGCGGGACATACAGTCGGTCAAGACGGTTACAATGGAGCAGATATTCAGACTCGATACTCCGCAGCCACAACGCTCCACGATCTGGGGCGATATGATAATATCGAAGGAAGAGGCATCGCTGTTTGGGATTTCAATTTTTCCGGCATTGTATCCAATGCATGGGAACTGAAGGTTGATTTCAAAGATCGGAGAGCCTCAGATACAATACCAGACGAATGGTATATCAGTTTTTCCGGTTTGGGTCGCACGCTTGATACGACGGATATAACAACATTGGCTCCCGGAGCGGGGCAGGGTCTCCTGAGTGATGTTTCGAAATATATTAAAATCGGAGAACTTCCGGTAGGAGTGGCCGCAGGTATCTATACCTGGGATCTGACCGAAATTATCGAAGCGGCACAGGCCAATGGCGGAACAGTTCGACTGGTCTACAGCTGTGCCGGGTATCACGATAACATAAACTTACTGAATGACAGCGGGCTTATCGCAACCAACACGACATCGGGCACCCCGGTTGAATTTTCCTATTTCTTTTTGCAGGATGATTTTGAAATCGGTACCGCCTCGAGCACCAACGGTGTGCTTACCAACGGCTGGGCCGCATTGTCCGACAATATGTCTCCCAGCCAGGAAAAAAAGGAATACAACGTTGCGTCCAGCGGCGTGCTGGACCTCCGGGATGAAATCTCCCCTGAACTCGTCGGTGGAGAACCGGTCGGCCTTTTTGATTCCGTGTTTATTAATTTTGAAAACATTGCACTCACAAATGATGGCGACTGGCTTGAATTGTCCATTGATCTGGGATTTTATGAGGACACGTCTGGAGAACTGATCGCTGATCAGGGTGAACCGCTGGCCCTTTTGACACTTGTGGATTCAGGGAGAACCAATGCTGCCGGGTATGGTTTTTCCATGAGGAAAGGGGCCTACCACTCGCTGTCATTGTATGGCGGACCGCTGACTTATCCTGTGAGTATCAGCGGTTCGGATACTTCTCGAACAACCCTTGCCACGGATGGAACCATGCAAACCTGGTTCCTGCGGATTGAGCGTTCCGGAGACAACTTCCTGATTACACCAAGCATCGATGG
NZ_CP047593.1_gap85	2924560	2929281	4721	TTTTAATGCGTGCAGAGCTGGACAGCACCGGACGGCTCTCGCCGCTCTTTCTGGGAACCTGTCGGAACCGAATCGGGTTCAATCGAATTTACCGCGAAGATTCATGGTTTGCTCAGACCGGCATTAACGGATGGAATGAAACCCAGTCTTCGCGCGATATTTCACGCGACGGCGAAATGGGGGAGAACGTGGACTATCTCCGCATCATCTCGATACAGTTGGTCATCAACGCGGTTCTGGGCGCAACCGAAAACGAATGTGTTCGCGATCTGGAAGCGGTATGCAATTATTTTTCGGACATTGCTTTCCAGACAGCGCCCGGCACGCTGGATGGATTTCGGCCGGACGGTCTGGCCTATCACCACTGGGGCTGGGTCGCCCAGTACGGGATCGATTGCCTGGTGCAGGTGCCTAAAATTGTTTACGCCTTGTCAGGCACAGAATTTCGAATCAGGGAAGCCGCTCATCAACGTGTGAAAGATGCTCTCATCAGCCTCGATTGGATGAGCCTGTACAGTATTGTGCCTAGCACCCTCAGCGGAAAAAGCGGGTTCCCCTACGCCTATGGCGGTCGCACACATAACACGCCCGATCCATTCGCGTGGATGGCTTTAAGCGGAACCCCGGATGGAACCGATTCAATCGACGAGGAAATGGCCGGTATCTTCTTACGGTCATTTAATGACTTCCTCCCGAACAGCGCAGATCCTTCGATGTTCGCATCAAACAGCCAGACCATGCTTTCAAACGCAAACTATTCTGCGACGACAGCGCCGGAAGGCACCCGGATTTACAGTTATGGCGACATGGCCGTTCACCGGAAAAACGGCTGGCTCTGGTCTGTTAAAGGGCACAGTAAATTCCAGTTCACCCGCGAGTCGGCCGATCCGTGGGTGACCTATCTGGGCTACGGTATGCTCGACCTGGTCCAGGACTACTGGGTTCGATACGGCATCATCAGGTTGGAGAGCGAATTCGGAGTGAACGGATATGATTGGCGGAAATATCCCGGCACAACCACTATCGATTTTTCTGATATTCAGGACATCGTAAACCATGAATATAAACGGTGGTGGAGCGACGAAACCTTTGTTGGCGGGCTGGTTCAAAACGGAAACGGAATATTCACGATGTGCATAAAAGGTTCCGCCACCAACTCCCTCGGTTCTTATCGCGCAAAAAAGAGCTGGTTCTTTTTCGATGGCACAGCTGTTGCGATGGGCAGCGGAATCAGCAATTCCGTGTCGGCGGAGCCGACCATTACCACTCTTTATCAGGATGGAATCACCTCTTCCACTGAAACGTGGTTCAATAACACATCAGGAACAACCGGACTCAGCACGGACAGTACCGCCATACTCGGTTCATCGGCATGGCTGGTCGATTCCGAAAGTACCGGCTACTGGGTGCCCGCCGGAGAAAATCTGACAGTGAAACGCCGGGCGCAAACCAACCCGAACTGGGACAACAATGCAAACGTCTCCGGCGATTTCGCCCTCGCGTGGCTCAATCATGGCAATGCCCCGAACAATGCTTCTTATTGGTATGTGCAGACCGTTGGAGCCACGCCCGCTGCAATGAGCGCTTTCAATACGTCCATGAACAGCGGCACACCGCCTTTCCAAATATTGGAAAACTCAGACCGGGCACATGCCGTTTGGTCGGAAGCAGAGCAGACTTGCGGCATCACGGTTTTTGATGTTACCTCCGCCTTGGATATCCGCGATGTCAAGACCGTCTCGCGGCCATGTGTTCTGATGATGCAGGAGTCTTCTTCCAGCCTGCGGAAACTCAGTGTCGCGGATCCTGATCTCGATCTGATAGACCATGCCGTGTACAGCAACAACGAAAGTTGGGGATACAGTTCTGAGCACACCGTTACGATTGTGCTTAACGGGCTTTGGAGTGTCGGAACTCCGCCCGAGAACCTGTCAGCAGTGCTGACCAACGGTGCCCAAAACACAACTACGCTGACGCTGACAGTCAAAGAAGGCCTCACAACCGATATTGACCTTGTGGCAATCCCGAAAGCAATGGCCGATCAAATAAACAGCTTTAATGCATGGCTTGGATATTATGGTCTCAGCAATATTTCAACTTCAGCTGATTCCGATAAAGACACAGTAACCGACCTGCAGGAATACGCATTCAATCTGAACCCGGCGAAATCCGATCGGCAGGTCCTGGTTCCAGACATTGGAACGTCCGGTCTCCCTTTCATTGGAGTCGATACCTGTGCGGAGCCGATACTTAATGTAACTTATTTGCGCCGCAAAGACGCCCCTAACCTGAGTTATACCGTTGAGTTTTGCAACGACCTTGTTTCAAACAACTGGGAACCGGCAACCTCTATTGAGACCATCACCTTGATCAACTCAGTCTGGGAACAGGTGAAAATCAGCGATTCAGTTACAAACCCTCTTTGTCGCTTTGGCCGCGTCCGAATCGGCGTTTATGAGTAGCAACCGGTTTAAATCCGTAAACAGATAAAAATAAGGATTGTTGATGAGGCGAAAAATCAAATCCGCCATTTTGAATGATGGGGTGAGTTGGACGAAGACGGAAGGAGATCATATTGTTTCACAGGTCTATGCCGGGGGAAGGATGGAGGTGCTCACCGAAATCACCGATTTGTATCCGGAGATCATTACGACCGAAAACTTCGACGCACATGCGGCCAACCTGCAGGATCTGGAAGTTGTTTTCTCCACATGGGGCATGGTGTCGCTTTCAAAAGAACAGTTGCTTCAGCTTCCTTCCCTGAAAGCTGTGTTCTATGCAGCAGGTGCGACATCATCGTTTCGCGCTCCGCTTGTTGACCGGGGGATCAAAGTGTGCAGCGCGGCAGCGGCAAACGCCATTCCGGTGGCAGAATTTGCGCTTGGACAGATTTTGCTGGCCGGAGCCGGTTTTTTCAGAAACACACGCGAGTGTACAGATGAAAAAAATATGAGGCGCTGCACGTTTAGAGGCACGGGGAATTATGACAGCCGGGTGGCGATTCTCGGAAACGGCACTATATCCACTCGACTGCAGGAATTTCTGTCGATGCACAATCTGGAGGTCGTGGTTGTTCCTTCGCGGACGGCAAGTCGCACGGTTTCGCTCGAGGAGGCCTTTGCCACTTCGTTTGCCGTGGTAAACCTTTTTCCTGACCGCGACGACAACGTTGGCGTCTTTAACGCAGCACTGTTTGAGAAAATGATGGACGGCGCTGTCTTCATCAATGTCGGCCGCGGACGGCAGGTGAACGAAGCCGATCTGATTCGGGTTTTGAAAAACCGGCCGGATCTGACGGCTTCGCTGGATGTTCAATGGCCGGAGCCGCCGGTGGACGGATCGGAACTGTACAGGCTGCCGAATGTTTTACTCACACCGCATACCGCCGGGTCCAAAGCGGCGGAACTGGTCAGAATGGCTGATTATATGATCGAAGATTTTCATCGTTTTAACCGGAATGAACCTCTGAAATATGAAGTGACGCCCGATCAGCTGTAAGGATTCACATGGAAAAAAGTTTTAAAATATATATGGCCACTGTGCTGCTCGACCGCAACCGCTGGACGGAAGAACGCAACCCTTCTGTAAAAGTAAGTAACTGGCTGGAACGCTTCAGTGCCGACGGATTCGACGGACTGGAGCTGTGGTCGTTTCACGCGACATATGCTTCAGAAGAAGAACAGGCGCGGCTGGAACAGTCAGCTCTTCCGATCCGCCTGTTTAATTCCTACGCCTGTTTCGATCGCGAAGATTCGGCACAGGAAACCGATGTCGTCGCAGCCATCCGTTTCGGGGCGCGCGGAATCAAGTACAACATCGGCAGCGACCCCGCGCTGCGCAAAACGTATCTGAAACAGCTCGCTGCATGGCGTGAACGGGTTCCGCAAAACATACAGCTCCTGTGCGAATGCCATCCGGGAACGATTATCGAGCAGCCTGTCGCCGCGAGAGCCTTTTTCGACGAACTGGGCATGGACGGGCACGGAATCATTGTCCATCCGTTCAGTCGGTTTGATTCCCTCGAAGAATGGTTGGACCTGTTCGGCCCGGATGTTATGCACGCGCACATGCAGATGACTGATGAATCAGGTAAGCTTATACGCTTTGATAAACGTTCGGATCTTGCCGAACAGGCGATCCGGATCATGCAGAAAAAAGGTTATTGCGGGTCATACAGTCTGGAATTTACCGAAGGGGTTGCCGCGCCCGGCGAAACACCGGAAATGCTCTATGAAAACGCCCGTAAAGATTTATCGCTGTTGCGGTCACTGTTGGCATAATCGGTTATATTCATGAAGAAGATGCATTGACGGACAGTGGATGATTTAGTTTCAAGGGACAAAAAATGATCAGACATGCAGATGAAGAAACCGGTCCGCTAAAGCTTTTTTATCGGTCTCCGGCGGATTCGTGGATTGAGGCGCTTCCGGTTGGCAACGGACGTCTCGGTGCCATGGTGTACGGCGGGATGGGAAACGAGCGTATCCGGCTCAATGAAGATACGCTTTGGTCCGGTGAGCCGGGTGACAACAATAACCATGACGCAATCAACTGGCTGCCGAAGGCGCGGCAGGCCGTATTTGACGGTCGGCATAAAGATGCCATTGACTTCTGCAAAAAAATGCAGGGCGCCTATAACGAATCCTTTCAGCCGTTTGGAACACTTCATTTGGTATCTGACTGTGCGGAAGCGGCTGATTATCACCGCGAACTGGACCTGG
NZ_CP047593.1_gap86	2943261	2944923	1662	CGATGGATGATCGACGGGGCCGTCGCTCTGCTGTCCGACCTTGAACAACACGGTTCCGTCCAGCTTTCGGAAAACCAGATCAAACGAATCGAAGACCTGCTTGCCGAATCCGACTCTGTACGCGCCTTCGTTCGTGAATGCGTCGAAAAAGCCGATTCCCTGTCCTCAATCACTGTATCCGAACTGACTGCCGCCTACTTTGACTACTGCGACTCCCGTGGCTGGGAAGCCCGCTCCCGTCGCCGTTTCGAAACTGCCGTTGTCGATACCATGATGGAAATTCACCGTGCATCACGACGAAACGATATACGACGTGACGGAAAAAATCAGCGCGGCTACTCACACGTTCGGCTTGTCGGCCAGACTCCCAACTATGGAGATGAACTATGTTGATGATCCTCTTTATCTCTTTTCCCGGACGGTTCGGACGGTTGTCGAAAAGTTCTTACGTGGAAAAAATACAGAAAAGTGAATTTTCTATAATAAGAGTTGAGCGCAACCGTCCGAAGCGTCCGAGCTCCGATTTTCCCGTTTTTTCCACCTTTGTGTCCTTTTCTCTACCGTGGAGCAGACACTCCTGTCTGCTCATCCGCACCGCAGGTTCTCAGCCAGCTTTGTTCCTTCCTGTCGCCCAAATAACCAATTTCCAATAACCAATATCTGAAAGCGAAGCTTTCCCATGACCTGCCACTCCTGCCCCCATTACAAAGCCATCCTCAGCGGCAAGCATGATTCCACCCCTTGGGAGGAATTGCCCTGTGCCACCTGCAAGTTGGGTGAGGATACGTTTTACTCGGTTGAGCTGGACGATGATCATCCGCCGGTTCCTTCCGCTGATCCCGCGTTCGAGCGCACGAAACTGGAAGACCAGTTGGCCAAACACATGCCGGTATCCATCCTGACCGATTTTTTGCAGTCGCTTATGAAGCTCCCCGTTGAACAGCGCGATGTCGTTTCCTGGCGACTTCAGGGCATGCGGTACAAGGAGATCGCCGAACGTCAGGGCACGTCGATCCAACTGGCGGAGATGCGCCACAAGATCGCCATGCGCGATTGTCCGGCGCTGGAGTATCTTTTCCCTGAGAAAGCGGCTAAGCGGAAGCGTTGGCGTTCCCGTAGGCAGGCATGGCAGAAATCCTGCCAGTGAATACACTGTCATGATTTCCTGCTGTACGGAGCCCAGCCAGCCGCCCTTTGTCTCCGGACTTCCTCCTGGATTCCATTCGTACCTCATTTCATCCAGCGAGGAAGATCCTGCGTCAAAGTTCGGCTCGCTGGTCTCCGCCTCGGTCGGGCCTTTTGAACCGTCGGCAGACTGAAAGAAAGAATGGTACCGGTCCCTACGGAACCCCCATTCTTTCTTTCAGACTGCCTTCCGGTTGGCCTCCCTCGGATCGCATCCGCTCAAATTGTCGGGTGGCGGAACAAGCGCCACCTTGAAGTCCGTCAAGCGCCGTCCCGCCCCGCAGCCCGCCGTCCACCGGCCCCTCAGCCTGCGCCATTCGTACCTCATGTCGCAGACACCGGGGCAGGGAACTCCCGGGCAGTCGGTGCGAGCCATCGCTTCACGGACTTCCCCTCAGTCGGCCTTTGAAAACCGTCCACAAACTGAACCATCAGTCGTACCTCCTTCCGGTCCAGATTGTTCCCGGTTGGCCTCCC
NZ_CP047593.1_gap87	2947010	2949422	2412	CCGCGGTGAAGATCCGTATGAGCCGGATTATGAATCCTTCCGGTTCCCCAGCATCGACAATCCGTTTTTTCCTGTCTCGGAATGGGAGGATGCCAAACGGACACTGCCCGCCGATGTGTTCCAGCAGGAATACGAAGCGCAGTTCCTGGAAGACAGTGCCGGAGTTTTCCGCAACGTATCGTCCTGTTTGTTTCCTCAGAGGGCTTTAACCCGCGAAGACCGCGCGGGGGCGGTGGTCATCGGATGCGATGTGGCCAAGCACACCGATTTTACCGTGCTCGTCGCCATGAATCAGCGCACTGGGCGCTGCTTCGACATGGAACGCTTTAATCAGCTCGATTGGCCGATCCAGAAAGACCGCATCCTTGAGTTCGCCCGCAAATGGCGCGGGCGCATCATTCTGGATGCAACCGGCGCCGGCGATCCGATCTACGACGATCTGGCACGGCGGTATTCCAACATCGAACCGTTCAAGTTTACCGCTCAGTCCAAAGTGGAGCTGGTTCAGCGGCTGATTGTCGCCGTCGAACAGCAGAAGGTGAGCTGGCCGGAAGAGTGGCAGGTCTTAACGAACGAAATGCAGCGCTACGAATACGAAATCTCTGCCCGCGGCCGATTGAGCTACAATGCCCCGAGCGGCTTCCACGATGATTGCGTCATGGCGCTCGCTCTCGCCAATCACCGCCGATGGGAAACCCAGTCCGTCGGGCCGATGATCCCGCTTGCTCCGAAAGGACGCTTTTCACCGTTCGCCCGGCGGCCGCGCATACTGCCCGGCTGATTTGATTTTTGCCTTTATGGCACAAACAAAGTGAGAATTTTATGCGTTATCTCTGTTCCACAAAAGACCATGGCTATCGAGACTCAACCAATCCGCTGCGCGGACTGAACATGCAGCGGCTTGTCGCCTTGCAGGAGTCCGGCGAGCGCGGCGAGTACGCCGATCTTCAATGGTTCTACTACTACATGGAACGCTCGGATGCGATGATCCATTCGGTAATTCAGCGGCGGCGGGCCGCGCTGCTCGCTCTCGACTGGGATGTGCGCGTTGTTTCGCAGGAAGACGACAACCCGCTCGCTCAGGAGCAGGCCGATTTCCTGCGCATGGTTTACGATAACATCGACAATTTCCGAGAAGCGGTTTCCTTTCTTTTTACCGGCTTCTTCCGTGGCTTTGCCCATCTCGAAAAACACTGGAGCCCCGGCGGGCTGATCGAACGCCTTGAGCCGGTCGAACAGTGGTTCTGGGTGCGTGACGGCCTGTTCGGCGATTGGGAATACAACGATGGTGCCATTTCGGGGCATCGGAGGGGAGTAACTATTGAAGATTATAACTTCATTGTCTTGGAATCGCCTGCGCTCGACCGAATTTTGAGCGTTCTCTACCTGCGCAAGAATCTATCCCAGACGGATTGGGATGCATTTCTGTCGGTCTATGGCATCCCGTCCATCTTTCTGGTTGGTCCGCCCAATGCCGATGAAACGAAACAGAAGGAATATCAGGCTGTTGCTGAGCAGATTCTTTCCAACGGGCGCGGATTCCTACCGCACGACAGCGACATCAAGTTTGTGACCGGCGGCGGAGAAAAGCCGCCGTTCCAACAGCTGATTAAATATCTTGATGAGCAGATTACCATTGCCGCTACCGGCGGACTGCTGACCATGCTGGCCCAACCCGGCAGTGGAACGCTCGCCGGAAGTGCGCATCAGAACAGCTTTCATCAGATTGCAAAATCGGATGCGGTTTCGCTGGCTGGGGTGCTCCAAAACGCTATTGACGTCCCGCTGCTTGCCGAGTTTTTTCCCGGACAGCCGCCGCTGGCCTACTTTGAATTTTCACCCGGCCTCAACGAGGAATCCCGTCAGCTCGTTGAAGATGCCGTCCAGCTTAAATCCGCCGGGCTCGATGTAGATCCCGCCGAACTATCCGAAAAGACCGGCTACACCCTTACGGAAAAACAGTCTGTTTGATTTTTGCCCATAGGGCATGAATTTAATTTTGAACCGCAATTTCGAACTTCCTGAGGACGGATGGTATCAGCTCGCCCCGCTGGGCGAGTTTCCCCATGCTGCCGCCGGAGTCACCCAGATCATTGACGAGGCCGCCTGTAACCGAATGGTGACAGCGTTTGAGACAATCAAAAACGCTTCCGATAATTTCCCCGGCCTCCTGATCGACTTCGATCATTTCTCCCTCGATGCCGCCAAGCATTCCGAAGCCGCAGGCTGGATTACTGATTTAAAATTGATTCCGAACGGAGGAGGGCTGTTCGCCCAGATTCGTTGGAGCGATACCGGCGAAGCCGCCGTCAAGGGCGGGCGCTATCGCTTCCTCTCTCCGGTCTGGGCGAAATCTGATTGCGAAGACCTTGGAAATGATCGCCTGCGTCCGGTGTGCCTTTTGAATGCGGC
NZ_CP047593.1_gap88	2962386	2964327	1941	TCTAGAGGCGATGAAGGGAGGGCTCAACGGATTCAGTGGACTTCAAACTAATCTGTGGCCAGCGCTGCATGTGAAGCTTTTTGCGTGTTGGCAGGACAACCCATTGCTGGCGAAGCGGCTGCAGCAGTTCTTTATCGATTACCAGTGGGTGTTGCATCGTTCATATCCGGCCAGTGCGAAACTTTATTTGAAGATGGCTTATGATTTGAATATTGAAACCCTTTCTTTTTTAGAGGATGCCTCGGTTGGGCTAGGAGATCAGGAATGGATTAGTGAATTGGTCCAGGCAGTTCATGATTTCATGGGGCAGATAAATGTTCATCTTCCTATAGGAAGATGCGTTTCTAATTATCGAATGGGTAGATGATATGGGTGCTGAATTTACAGAGAAGGAGGGCATATGAAAAAAATACTGGCAGGGGCGCTGGTGTGCATGATTGGGATAATCTGTTTTTCGGAGCAGTTGTTTTATGAGCCGTTTGATTATTCCGCTGGAGGGAAAATTCGGGGGGAAAGGGGGGGCGTCGGATTTGGTTCCGACAGTTGGCATGGCAAATCCGGTCCCCAAGGCGACATGTATGTGACATGGAGTGGACTTTCGTTTTCCGATATGCCGGTATGTGGCAATGCGGTTTTGCTCGATATGCACTCTACAGGTGATGGTGATGGGATTAATTTGACCCGTTCGTTGGAGCGTGCTCTTAAAAAAGGAACGCTTTGGGTTTCCTTTCTTTATAAATATGATGGCGTGACGCAGGATTCCTTCCTTGAAAATATAATGGCTTTTGTTCGTTTTCAGTCGAAGTCCAATAAGTCTATTCGGTTTCGAATGAGATGTAACAGCTTGACCACAGGGGGCATTGCTGTCCGACAAAGTGGTGACAAATGGATGGAGGGAGTTTGCTCAAAACCTTCTATTGCTGATGGCAATGTTTACCTGATTATTTGCCGGTTTCCTGGGCTGGGAACGCCTGAAGGCGGGAGTCCGATTATCTGGGCTTTTCTGGAAAGCGGTTATGAGAATCTAAAATCCAAGCGTGGTGCAATTACCGAAGCGGATTTGACGGAAAATGTGGTTGTCAGCGCAATCGGTGGATGTGCTTCGGCTGAAATGAAGGATGATGATTTTATCAATCTGGGCTTATTTGCCCGAAAAGAAAACACAAGGTTTTCTGTTAGTTTTGATGAGTTGCGGGCTGGAACTGATCTGTCTGATGTACTGATTTTGAAAGACGCTTCAAAATAATACCAAGGGTTAAGTTTCCCGATTAAGTGATGAATCGGATTAGCCAGATATTCTGGTGGGTTGGGTTAGATAGAGGTAGTGATGAAACAATATTTTGTAAAATGGTGTGTTATTTTAAAATTAATGATTTTTGGGGAAGTAATATATGCCTTAGAGACGAATTCTTGGCTTTTTTATCACTCATTTGATAACGGTGTGAATGCTGATTATGCCGCAGGTTTGCCAAATACATTTTCAGATGGACGGGTAGATCTGGGGCGTACTGGAAAAGATGGAACTGCGCTTTTTGTGCCATTTTCAGATCATTTCAGTTTTGACCTTGAAAGAAACCTTTCTTTGGATGAGGGCACGATTCGGTTTGATGTGCAGCCTCTTTTTACGATGCCCGATGTTCGCGAAGGATACGGGCGAACGCAATGTCTGCTCAGTACGGAAATCCGGACTGGTCAAAAAATGCAGCTCAAGTTGCAGACGAGGGGGAGCAAGGCTTTTTTGGTTGTTGAGACAGCGGATGGAAAGGATAAGCCGACAGGCCGGATTGGTTTGGATGTCAGCAACTGGAAAGCTGAAACGTGGCACTCGGTTGCTATGGCTTGGAAAAGGCCGAATATCCTGCTCTTGCGTGTTGACGATAAGCAACAGCAGATCAGCAATGCCGCGATTCCTTCTTGTTCGGCGGGAATGATGTATGAAAT
NZ_CP047593.1_gap89	2989627	2992850	3223	CGGCAATATGTTGGTGCCGGTTAAAAATATTCCGCATATCGGCAACGAGTTTGAGGCTATGGTGGTCTGGATGCATGAGGATGCGGCCAAATCCGGCAAGAGCTACCTCATTAAGCATACTTCCAGCATGGTTCCTGGGGTACTCTCCAGTGTTCGCTATAAAGTGGATGTTAACACCATGAAGCGCGAGCAGGATGATTCAACACTCCAAGACAGCGATTCGCAGGAAGCACGTTCTCTCGAATTAAATGAAATCGGTCGCTGCCATCTTACGCTGCATCGGCCGATCGCGTTTGATTCATACGAAAGAAACCGGACTACCGGTGCGTTTATTATCGTGGATCGTATGACCAATGTCACGGTCGGTGCCGGCATGATCATTGACCGGATTGTTGCCAAAGAAAAAAATGCGGCTCCGGTCAGCAAAAATATTGTAAAAAGCGACAGTCTGGTTTCGGCTGAGGATCGTCAGAATTTATTGAACCAGAAAGGCTCTACGCTTTGGCTGACCGGGCTGAGCGGGTCGGGTAAATCAACCGTTGCCCGGCAGCTCGAACGCGAGCTGACCGATATGGGACACGCCTGTTACATTTTGGACGGCGACAATGTGCGTCACGGATTGAACCGCGATCTCGGTTTCTCTGCAGAGGATCGATCGGAAAATATTCGCCGAATTGCGGAGGTTTCCCGGCTGTTCAATGATGCCGGAATCATTGTGATTACCGCGTTTATTTCGCCGACGGTTCAGGACCGTAAAGGTGCTCGTGAAATCATTGGTGAGGGTTTTGTGGAGGTCTTTGTCGATACGCCGCTCGAAATCTGCGAGCAGCGTGATCCGAAAGGGTTATACAAAAAGGCCCGCGCCGGTGAGATTCCGCAGTTCACCGGAATCAGCGCTCCTTACGAACCGCCAGTGAACCCGGAAATCGTTTTAAACGCCGCGGATGCACCGGTTGAAGACTCTGTTGATGCCATTGTTTCCAAATTGCGCGACGACGGAATCATCGGGTAAGCAGATACCCTTAATTTTGTACATCGGGGTCAGTTCAGGCTGAACCCCGGCTTTTTGCACCCCGACCATATTCAGAAACAGGAGTTGAATAATGAAAAAAGCATTGATTACAGGAATTACTGGTCAGGATGGATCTTACCTCGCAGAGCTGCTGCTCGATAAAGGATACGAGGTGCATGGAATCGTCCGGCGTTCCAGTTCGTTTAACACCGACCGCATTGATCATCTCTACAAGGACCGTCATGAATCCGGCGTGAAAATGTTTCTGCATTACGGTGACCTGACTGACTCCAGCAATCTGAACCGGCTGATTGAAAAAATCCATCCGTCGGAAATTTACAACCTTGGCGCTCAGTCGCATGTGCAGGTTTCTTTTGAGGTCCCGGAGTATACTGCCGAAGTGGATGCGACCGGAACGCTGCGTTTGCTGGACGCCATTCGCGAGACCGGTGTTGAGAGCCGCTTTTATCAGGCATCCACTTCGGAACTGTATGGAAAGGTGCAGGAAGTTCCGCAGACTGAAACCACGCCCTTTTATCCGCGCTCTCCTTATGCGGTAGCCAAGCAGTATGCGTTCTGGATTGTCAAAAACTACCGTGAGTCCTACGGCCTTCACGCGAGCAACGGGATTCTGTTTAATCACGAATCACCCCGTCGCGGTGAAACCTTTGTGACGCGAAAAATAACGATGGCCGTCGCCCGTATTTCGCGTGGTCTGCAGAGCTGCCTCTACATGGGCAACATCAACGCCCTGCGCGACTGGGGTTATGCTCCCGACTATGTGCAGATGATGTGGATGATGCTTCAGCAGGATACTCCCGATGATTACGTGGTTGCCACCAACGAAATGCACACCGTCCGTGAGTTTATTGAAAAATCTTTCGGTCATGTCGGCATTGAAATCGTATGGGAAGGTGAGGGCGTGGATGAAGTCGGTAAAAACAAAGCGACCGGCGATATCGTGGTGCGCATGGATGAGCGCTACTACCGCCCCTGCGAAGTTGACCAGCTTCTCGGCAACCCAGTGAAAGCAAAAAAACAACTCGGTTGGGAACCGACCGTTAAATTTGAAGAACTCGTCAAAATCATGACAGACGGAGATTTGAAAATTCTTGATGGAGCCCCTTATTCCAAAGGGTTTTGACGTTTGCAGTTGATGGTTTGGAGCTGGTGGTGAGCGATTATAAGGATTTGGAGGTTTGGAGTCGGGCGGTTGATGTTGTAACAAACATTTATCTGCTCACGACTGAGTTTCCGGAATCTGAAAAAGTTTGGAATCACTAATCAGGTGCGACGTGCTGCGGTGAGTATCCCTTCAAATATTGCCGAAGGAAGTGCTCGTCACCATTCAAAGGATTTTATTCATTTCCTTCGAATCGCCGATGGATCAGCCGCCGAGCTTGAAACTCAATTGATTATTAGCGAAAAGCTCAACTTTGCTTCTGATAGTCAGCACCTCCAAAATGAAATAATTATTATTCGCCGTATGTTGGCAGCGTTAATTAAATCTTTAGGAAGGTAGAAATATGGAAATCGATCCTCAAACCTCAAACAGCAAACTCCAAACTGACGGTATCTCCAAGGATGCCAAAATTTATGTCGCAGGCCATCTCGGCCTTGTCGGAGGAGGCATCTGGCGCGCCTTTGAGCGCCACGGCTACAACAACCTGATTGGACGGTCTATTGATGAGGTCAATCTGATTAATCAGCAGGAGGTTGAAGAGTTTTTTGCATCTGAGAAGCCGGAATTTGTGGTGCTGGTCGCCGCCAAGGTCGGTGGTATTCATGCCAACGACACATACCGCGGACAGTTCATCTACGAAAACATGATGATTGAGATGAATGTGATTCATGCAGCTAAAGAGCATGGCGTAAAAAAACTGCTGTTTCTCGGATCAAGCTGCATTTATCCCAAGCTGGCTCCCCAGCCGTTGAAAGAAGAGTCTCTTCTGACCGGTCCGCTTGAGCCGACGAATGAACCGTATGCAATTGCAAAAATTGCCGGGATTCGTTTGTGCGATGCCTATAACCGTCAGTATGGCACCAACTTTATCTCAGCGATGCCAACCAATATGTATGGACCTGGAGATAATTATCATCCGGAAAATTCTCATGTGCTTCCGGCGTTGATTCGTCGCTTCCACGAAGCCAAAGAGAGCGGCGCGGATAAAGTGGTCTGCTGGGGAACCGGATCGCCGCTGCGTGAGTTTC
NZ_CP047593.1_gap90	3164810	3169069	4259	ATTCTCCGGTGCCCGGAGAGAGCGGAACGTTTAGCCTGTCTCTCTCTCCTGCCGAAATGGCCGGCGCAGGTATCACTGCCGGGAGTTATATTGGAATTTTTTTCCATCATGATGACGACGGCGTTCTGTACAGCGAGCACGATTCGCTGAAAGGGGATGTGTACCTGGTCGACGATGTGCTGCTTTCGATGGATACGGGAGGTATGTTCGGTCAGTGGATGATCAACTACGATGTTGAAGGTCCTTTGGACGACTCGGACGGGGACGGACTGAACAACCTGAGTGAATTTGCGCTGGGCGGAAGTCCGGTCGATCCGGTCCGGAAAGGAAATATTCCAATGTTTGGAAAAAACGGTGACACGTTTTTTTATATCTATCCGCGCCGCAGAAATTGCGGACTGAATTACTGGCTGGAAACGGCAACCAATCTCGTTTTCGGTCCGTGGATTGCCGGTGGATATACAGAGTTTCCAACCTTTGGAAATATTGATGCCGATTTTGAGGCCGTCACCAACGAGTTTCCAATCTATGGAGATGAGTCTTTTATTCGTCTGAGAGTCTCTGAGTAAAATCACTGCCGGAAGATTTTCGCTTATAATCAATCTCGAATGCTGTTAATCTCGTAAAGTTTCTGATGGATACCTCCCGGCAAAAACAATTTGGATGGATCAACGGCATATTGCTTTTGGCATTTGCTGCGTTTCCTGAATCCGTGGACCCCTGTTTTCCGGAGCAGTGGCATACCCGGCAGGCGGCAGAAACCCGTTCTTTGACGCGCTGGCCGCCGGCGCGGATCCATCAGTTGGAGGCGGAGAAGATACGGCTTCAGAAAAAAATCGCGGTTCTTCCCCAACACGATCCAAAGGTTCTGCCGGATCATTTAGGATATCATTCTTCATGCGAAATCCCTGGTTCAGAGGGATCGTCCCCGGTATCGACAATTGATCTGAAAATGGAATGGCCGCGCATGGTTTCTATCGCGATGGCACCCGCTTTTAATCCCCAGGAACCCGGTGACGGCCCGTACGCTTTTCCTACGCGGTTCAAGATTGAAGTGCGTGATGCGGGCTCTGGAACGTTCAGCGAGGTGGTGAACTGGATGGATGAGGACTTCCCGGATCCTGGACCTTATCCTGTCTTTTTTTCAGATATTAATCTGACGATTGATCAGGTGCGGATCACGGTGCCTCGGGTGGAGCGGGAATCCGGCGTGGCCTATTTTGCGCTTGGCGAGCTTTATCTGTTCCTGGAGCAGGAGGGGCAGCTGGCGGATAATATGGCGGTTTGGGCCAGTGTTGACGTGAGCGAGTCAGAATCGTTCGATATGCCGCCGCTGTGGGATGGGCGGTATCTTTGCGATAATATTGTCGGACTGGGCGTTCCGCTGAGCGGTGAAAAAAACTCGGTGAAGGATTTGGTGATCCCCTATGAAAACGAATCGCTTTCCGAGCCGGTGCAGATTGTGCTCGATCTCGGACAGATGCAGAAAGTGGGACGCGTAGACCTCTGGCCGGCAGAGGCTCCGTACCTGCTTGCGATTCCATCCATCGGGTTCCCGCGTGAGATTACTCTGGAACTTTCTGCTGATCCGGAGTTTAAAACCTCAGAAACGATCCATGTGGAAAACGTGGGGCGTCGAATGCAGCGCGAGGATCGGCTCTCTGTGCTTTGCCGGGCATATAAGGCCCGTTATGTGCGGATTGTCATGGACGACCTGCCCGAGTTTATGGGACAGCGAATGCTGGGGCTCGGTGAGATTTCGGTTTCGGAATATGGGCAGGTTTTTTCGGTAGGATGCGACGTGTCTTCCAAAGGGATTCCGGCGGGATATGTTGATCAGCTGCCGCGGTTGGTGGATGGTTATACGCGTTCTCGTCGGATTTTACCGGATGGAGAGTGGATTAAAGGATTGGCTTATCGACGTCCTCTGGACCGACGCTTGGCACGGGTTGAGGACGAACTCGTTGAGGCGCGGGAGGCATGGCGCAGAATGGAGCTTCAGTTCAGTATATGGATTGGAGGTCTTCTTTGTATTGGACTTCTGGGAGCCATGGGGCTGCAGCGGCTTCAGCGCCGCCGAATTCTTAAAAAGCTGAAGTTGCGCATTACCCGCGACCTGCATGATGAGGTCGGAAGTAATCTTGGCAGCATTACGCTGGCGGCGAAACGGATGGAGGATGCGGGGTCCTCTCCGGAAGATCTTTCAGAGTTGTCGCTAATGGCTCGGGAAGCTTCTGCTTCTTTGCGCGATGTGGTTTGGCTGACCGATCAATCAGTTATTCGTCTGCCGGCGCTGCTGCAGAAATTAGCCGAGCGAGCCGAGCGTATTCTCAGCGGTGTTGAACTGTCGATCGATCTGGCTCCGGATTGTCCCGGCCGGATTGTTCCATTAACGTTCAAACGTCATTTAATCCTGTTTTTTAAGGAGGCTGTGCATAACTGTGCAAGACATTCCCATGCAACGTGGGTTCGAATTGTTATTGCCGCCGGAGAAGAGCAGTTGACCCTTTCAGTGCAGGACAACGGATGCGGTTTTGATCCGTCACAAAAATCAGATGGGTGGGGTGTGGACAGCATGCAGAAGCGTGCGCATGAGCTGGGGGGGACAATGGTCCTGCAGTCGACACCGGGAAATGGAACCACTGTATCGCTGACAATCCCTTTGAGTACGCTGATGAAAAAAACAGATTATTTGTATAAAACCTCTAACTGATAATGATTCCGATTAATATATGGCTGGTGGAAGACGATGCCGGGTATCGCCGCAACCTGCGGCTGTCTCTGGATCGTGAAGAGCATATTACATGCAGTTGCGTGTTTCCGTCGTGTATTGAATTCTTTGAGGCGCTGCAGGAGGATGTTCCGCCTGATGTGGTCTTGATGGACCTGGGGCTGCCCGGAATGAGTGGACTGGAAGGAATTCGCCGGCTTGCCCAGGAGTTTCCGGACGTCGCCGTGGTTGTGCTTACCGTTTTTAAGGATAAAGAAAAAGTTCTGCAGGCGTTGGATGCCGGTGCGGCAGGGTATCTGCTTAAAGAATCCACCGGGCCGGAAATTGTTCAGGGGCTTCAGCAGGTTTTTTTCGGCGGTTCTGCGCTGAGTCCTTCGGTGGCCAAGATAGTGGTTGAAGAGCTTCGCAAACCGTCTCCGGCTGAAGATTTCAAGCTGTCCCGACGGGAAGTTGAAGTGCTTGAAAAACTGGCGGAAGGACTGGCGGTTAAAGAAATTGCTGCGGCCCTTGATATCAGCATTGGAACCGCCGGGTTTCATCTTACCAATATTTACAAAAAACTGCAGGTGCAGTCACAGACCGGGGCCGTGGCCAAGGCGCTTCGGTCCGGCATTATCTGATGTCAGATGATGAGTAAACAGCTAATACGGTTAGCAGGGATGATGGGGGGCTGGTTTTGGCATCCGCTGTTTTCGCTGAATCGGTGGATCCCTGTTCTCCTGCTCAGTGGCACGCCCGCCAGACAGCGGAAAGAGAACCTCTGAAGCACTGGCTTCCGTCCCGCATCCGACAGCTGGAATCGGAGCGCACGCGTATTCTTGAAGAGTCTGATATTGCGTGCCGTTTGCATCTGTTGCGGGTGAAAATGAATTCTTTTACCCCGAAAGATCTCAGTTCGGAGACCTAGAGATTTCACCAGTAGTCGGAATCCAGCTCCCTGCGATATTATTTATCTGTAATACGGAGAAATTAGCTTGGATCTGCGGACTTGTTTCGTGCGTAACGCTATGAAAATAAAGGTGATTTCAATATTTATAGCAGTGGGAGTGGCTTTTTTGGGATACTCGGATGCTGTCAGCAACCGAATTGCAGACGCCGGATTTGAGGTCCTTGCCGGTAATGAACCGAATGTAGCCACCGCTCCATGGTTTACTTCCGGAGAAGGCGGAGACGAAAGCTTTATAACGGATACCAACCGGGCACATAGTGGCAGTCAGTCGGGACTGTTTAAATTCTACTATGACAACGGAGCGTTTGTTCAAAACCTGAATATTCAGGTCGATCCTTCCAGGGAGTATGAGGCATCCATCTGGATGCTGACCGGCGAGCCGAGCAGCAATTCCACTCATACCAATGCTCCGACGCTCAATGCGACGATCTATACGGCAGCTTCACCCGCGGGACCGTACACCTATCGAAAGGGTTTTTTCTGGGGGGGGCAGAACCGCGAACAGGGAGTGTGGGAAAAGTTTTCCGGGGTAGTGATCGGTTCGGAGATGGCCGAATGGGCCGGCGAATATATCCAGAT
NZ_CP047593.1_gap91	3210080	3211640	1560	CGCTCGTTCCCGAGGGGCATTTGCTGGCTTGGGACCAGTTTGAGATGCCGGGCGACTGTTCGGCTGCGGCAGAAGCGGCTGACGGGGCTGTGGCCATCGATGAATCTTCGGAAACTATCACGGTAAGCGGCGCAAACTTTACGGTGGTGTTTGATAAAGTTTCCGGAACGATGACGTCGTATGAAGTTGGCGGTGTATCCATGATTGCAGACGGCGGACAGCCTGATTTGTCCCGTGCCCAGAACGACAACGAGCGGCGCCAGAAGCCGAAGCCGGCGCCCGAGTGGGATGTGGCCGGTGACAATACGGTTGTTCAGGATATGCAGGCTGTCAGAACGGAAGAGGCTGCCGAAGTGACGATTCGAAAAGCGCTGCCGAATGTGCAGGCATCCATGCTTTCAACCTATACGGTGTTTCCGAATGCCGAGATTGTCATTGATGTGAAATATGACTTTTCGAAAACGCCGAAGAAGGTGATGCCACCGCTGCGGATCGGTATGGAGTGGGGCGTTCCGGCAACGTTTGAGAACCTGAAGTGGTTCGGACGTGGCGGCGAAACCTATTTAGACCGCGCGTTTGAACCGGTCGGTATCTATGAAGGGACGATCGATGAGCAGTGGGCCGATTATTCGCGTCCGCAGGAAAACGGCAACAAGACCGGTGTTCGCTGGGCGGAACTGACGGACAAAGACGGGCGCGGATTGCGGGTTATCGCGGAAGGCGCTCCGCTCAGTCTGAGTGCGCGCTTTTACAGCGCAGAAACTATGCGTCAATCTGACTACAGTTTTCAGATGGAGCGCTCGGATTTGATTCACCTGAATATTGATGCGGCCCAGAGCGGGGTCGGAGGAATCAATTCATGGGGTTCGGTTCCGCTGAAGCCGTACCGCCTGTTTGATGATCACTGTGAATACAGCTATCGGCTGAAGCCGGTCGCCGGGAAACGCTCACGGTTCAATTTGTTTAAGTAATCTGGAAGAGAAATGAGAAGAAGAAAGCGAATTTTATTGAGTGGAACGCTGGGGCTGGGGGCGGGACTTGTTTTTGCCTCTACGCAGGTGCCGGAGGCGAACCGTCCGAATGTGGTGATCATTTACGGAGATGATGTCGGTTTCGGTGATATTGGTGTGAACGGTTCCAAAATGATTCCGACACCGAATATCGACCGGCTGGCGTTGGAAGGACTGAACTTTACGGATGCACATTGTTCTGCGGCAACCTGTACGCCGTCGCGCTTTTCACTGCTGACCGGTGTTCATGCATTCCGGTATGGGGCCCGCGTGCTTCCGCCCGATGCGCCGCTGCTGATTCCGACCGATATTCTGACGTTGCCGAAGCTGTTCAAGAAGGCCGGTTACAGCACGGGAGTGGTCGGCAAGTGGCATCTCGGTATTGGGGATGGAGAAAACAAGGTGGACTGGAATGGCGATGTGAAGCCGGGGCCGTTGGAGGTCGGGTTTGATGATTCCTTCCTTTTGCCGTCCACCAACGATCGTGTGCCGTGTGTCTTTTTGCGAAATCATCGGGTCGTGAATTTAGACCCGAATGATCCGCTGTATG
NZ_CP047593.1_gap92	3288027	3292921	4894	GAAAGGGAACGCACAATATCAGCCTGTGGACCCGTCTGGATGATATTCAGGTTGCCGGGGTGGAATATCATTTTCTGGCAGCAACGGATACGGGTGCCGGGGCCGTTTATACAAAAGTGCGCATGCGTTCCAAAAAACCGCAGAAGCAGTATGCGTTGAAGTTTTATTCCGAACTCTTCAAACAGAAGTTGCCGGTTTATCCGTCTGCATCGCTGGAGAGTGCTGCATGGCAGATCTATGATACATCGCTGCCAGGTGACGTTTCCAAGGTTTTGCCGGAAGGGGATGTGTTGCCGGCGCCGGTGGTTGACCGGCTGGAAATTCTGATTCGTGTAACGACAGAAACTGCACAAACGGGCACGATCTATCTAGATGACCTGAAGATCACTACTCCTTAAAATATATAGAGAAAACGTATGATACAGCTGAGTACATTGGACTGGTCCATCATCGGCATGTTTTTTGTCGTTGTGATTGGCCTCGGGATGCCTAGCCTTGTGTCGAAATTGCAAATAAAAGTGAGCAAAGTGCAAATGTTATGTTATTTAATTTATCTTTTTGACTGGGATAATAGTTTGAAAATTAAGAGCGGGTTTGCGGGGACAGGAGCCTCTGAACCAGCTCTGTAAAAAGAGGACGGGAAATATGAATATATACATTACAAATAAGGTTGGAAAACTGGCAGGTTTGATCTGTTTATTACTGATGACAGTGCCTTCCGGTTTTGGGGAACTCCTTGTGACGTGGAGTACCGAAGGATTAAATGGAGGGTTTGCTGCTAATTCTGTGTGGAACACAGACTTTGCGCACGGCGGAATGGTCAGTAATCAAACGGTTGCAACGCTGGATGGAAGTGACTGGTCGGCAGCGGCGGCAGGCATGACCGGGTCGCCTCAAAATAATCCAGCTCTTTCTTCAGGCCGATATATGAAGATCATTATTACCCCGGAGGATGGCCAGTCGGTAACATTAACGAATATGATGATGAATATTTATTCTGAAACTGCCACGGATCGGGGGTATGAGGGATCTGTTAAAGTTGCATTGCGCTCCAGTATAGACAACTTTTCCAGTAACATTGGAGGTGCTGATTATATTACGTTGACACGAGGGGAGGATAATTCAGTTTCGTGGGAGTTGGGGGCAAACTTTAATAGACTTGAATCTTCAATAGAATTTCGGGTGTATCTGTGGGGGGCCACAACATGGGGGCTGGCCTATCCAAAAGATGTTTCTGGAAATAATGCCATCTCTGTTTATGGAACAACGGCACCAGAATATACAATCGCATCATGGAGTACTGATGGATTGAGCGGAGGGTTTGTTGATAATCCTGTGTGGAACTCGGACTTCGTGCATGACGGGGTGGCCAGCAATCAAACGTTCGCGTCGTTGGATGGAAGCGACTGGTCTGCGGCGGCGAAAAAAATGACAGGGGCTCCTCAAAATAACCCGGCTTTATCAGCCTCTCGGTATATGAAAATGGTTATGACCCCGCTGGGGCAAAAAATTACGTTTTCGAGCATATTAATGAATATCTACTCGCAGACCAATACGGTGGATGGTTCTGATGGAGCGGTGAAAATCGCATTGCGTTCCAGTGTAGATAATTTTTCCAACAATATAGGCGGTGAGAATTACATTACGTTAACAAGGGGCCAGAACAATAAGGTTACTTGGATTTTGGATTCCAGTTTCAGCGAAATTGAATCGCCGATTGAATTTCGGGTTTATCTCTGGGGGGCCGTAAGTTGGGGGATCGCATACCCTTTAGATTCGGGAACAGATGCAATTTCAGTTTACGGGATAACCTCTCCGGGATCTTTTTCCAGTTATGCAGATTGGGCCAATCAATGGGGCGGAACCAACATAATTGGTTCTGAAGTTGCCGATTACGATGGCGACGGGGTAAACAATCTTTACGAGTACGGACTAGGCGGGGATCCGACCGATGAGTTAGTTCAAGGAACATCCCCCCAGTTTGACATTCTGGCTTTGGATGGAACCAATGTGTGTAATTATGTTTATCCGCAGCGGTCTGGTTACCCGAATGGACTGGCTTATTCCCTTGCTGTGTCAACAAATCTCTTAGGAAATTGGGAAACCAATGCGGGATACCAGGTGACGGGGACGAATGTGACGGGTGGAGTATTGGATTTTGTTACCAATACTTTAGATACCGTGAATAAACAGAAATTCATTCGTCTGATTATTGAGTAAAATTTTTCCGTCAAGGGCTCGTCCTCCCTCGTCCTTTGACGAGGGACACATTCAGCCCCGAGACAAACTACGGATTGGTGACAGTGATAGGTGGGATATGAAGAAGATATTAATAGCGGGAATGATTGTCGTGACAGCGATCTCTTTCAGATGTCAGGCGGATCTTTTGGCAGAATGGCATACTTCTGGTCTGCCCGGTGGTTTTAAGTTGAATTCAGTGTGGAAGCCTGTGGTCGCGGCAAGAATCGATAAGAATAAGAGCCGGATCAAGCTAGATGAGACGAAGCTTAAAACAGGATACGGTAGACACGCTTCTCGGATGACCTTTTTTTCTCAAAATACCGGTTCTTTAGCCATAAATCGTTATTTGCAACTTCAGATCGCTCCTGTTCCCGGGGCAACGATGGCTCTGGACAGATTGGTTTTAAATGTTAAATCAGCGGTTGGGGATGGTGCTGAAAAAATCGCTGTGAGATCCAGTGTGGATAACTTTTCAAAAAACTTGCTAGCTACCGATCTGGTTCGAGGGGAAGAGAAAACCATTCGTTTAGAGCTCGCTGAGTTTGATGGTATAGAATCTGTTGTTGAATTTAGAATTTATTTTTGGAGGGCGACCAAGTGGGGATGTGGATATCTGGAGGATTTAACAACAGGGGAAGGTGCTGTCCAGATTTTCGGGAAAGTCAACTCGACAACCAATGATGCTGTGTTATTGCAATCTGATGTTGGCGTGAGCCAGCACAGCTTAATTCCTTGGCCGAAAGAAATATCATTTGGTTCTGGGATGTTGGAGGTGAAAAGTGGAACGAGCATCTGTATTCAAAATAACAAAATCCAGCCGTTAGCTGAAGTTTTCCAAAAAGAGTTGGCTCATTTGTTTGGATTGGATTTGGCAATTATAAGAAAGGTAGGGTCTCGCGGCGATGTGTTACTTGAGATTGATCCGATGCTGGAAGAGACTCAGTACCGGATTATAATAAATGATCAGGTGGTTGTAAAAGGGGGGAGTTATTCAGCTCTGGCATTCGGGACTGTAACCGTGGGGCAGTTGATGGAGCAGGAAAAAGCCGGCGGTTCTGTTCAGCTTTCGAAGGCTGTCATAACCGATTCTCCCGATTGTTCGTATCGAGGTCTAATGGTTGATTTGGCAAGAAAATGGCATCCTGTGGATGCGGTCAAACAACTTGTTGATTTATGTCGCTGGTATAAAATCAATTATCTCCACCTTCATTTCACAGATAATCAATCGTGGACTTTACCTTCAAAAATTCAACCAATGGTTTCGACGCCGGCAAGACATTATACTTTTAGTGAATTGTATGAGTTGGAACATTATGCAAGTTCACGTGGCGTTACAATTGTTCCAGAGATAGACGTTCCAGGGCACTCCCGAGCTTTAATTCAGGCATTGCCGGATTATGTGGCAATTAGTCATCAGCCATGGTCGGCCATTTCCGCAGGTCGAGAAGAAGCCTATGATTTGTTGGATGAATTGATTGGTGAAGTGTGTGAAATCTTTTCTTCTACCCCTTATTTTCATATTGGTGCAGATGAAGTGAAATTTGAGGAGTGGGAGAGGGATGAGTTCGCTATGGAATATATGAAAAAGAACGGCATAGAAGACCTTCACGATTTATATCACCATTTCATTGTCCGGATGAATGAAATTGTAAAGAGTCACGGGAAGCAAACGATTGTTTGGGAGGGATTTAAGTTGGGGGGGCGGACTGATATTCCGAAGGATGTCATTGTAATGCCGTTCGAGTCATATTACGAAGATCCACGACAGCTTGCTCAGGAAGGATATACCATCATTAATACCAGTTGGAAGCCTCTTTATATTGTCAATAAGCGTCGGTGGAGTCCCGAAGAGATCTATCAGTGGAATATTTACCGGTGGGAAAATTGGAGTTCAAAATCACTTGCCATAAATGGTCTGGAAGTGTCTGAGAAGGCTAATGTGATTGGTGCGCAAATTTGCGCTTGGGAACAGTCGGCAGAAGCAGAAATTCCAAGCATACGAAAACGTCTAGCTGCACTGAGTGAACGAGTCTGGAATATTTATCCTTCCAAGCCAGTCGAGGATTTCCTGTCTCGGCTTGATGTGTTGGATCACCGTTTTTCTTTATTAAATAATCAATAACAAAGGAACATGTTATGCAAAGAAGAGATTTTGTAAAAACAGGTTCTGTTGCAGGGTTGGTGTATGCGGTAGGAGGGGATGTTTTTGGGGGTGTTGCGGGTAGGAGCAATAGACAGCCCAATATTCTACTGATTATGCCGGACCAGATGCGTGGCGATTGTTTGTCGGTTCTGAGTCATCCTGTGGTAAAGACGCCGACTTTGGATAAGCTCGCGTCTGATGGAGTCCTGTTTGAACGAGCGTATGCAACGGTTCCATCCTGTATTCCCGCACGATATGCAATGTTGACCGGTTTGTCCCCGCAAAGTAGCGGTGTGGTGGGGTTTGCTGCAAAAACAATCACGACGCCGACTCTCCCTGACGTGTTGGCCAGTCATGGGTATTCCACGGTGCTTGTCGGACGGAATATGCATCAAAGGCCGGAGAGTGGAACCTGCGGATATCAAAAGAACATCTTGGGCTCCACCTATGAAGAAAATGATGACTACGACCGTTTTCTGAGGCGAGAAGCCCCGAACAGTGGAGGTATCA
NZ_CP047593.1_gap93	3294835	3298945	4110	CTGGTATCCGGGGGCCGAGCCGGGAGGCGGCGGATACATCGCCCAGCGCATGCTTTCTGCGAAGGACGAAAAAAACGCCATCGGCGCGACGCTGTTTTTCAACTTTGCCCACTACGCCCTGCGTCCGTGGCCGTGGATTATCGTCGCACTCGCCTCCCTGGTGGTTTATCCCGAGGTGGCGGACATTCAGAATACATTTCCACACATCGACCCAAGCATTGTCGGTGATGACATTGCCTATCCGGCCATGATCTCCCGGCTCAGTCCCGGCTTTCTCGGACTGGTTATCGCCTCCATTATTGCGGCCTACATGTCCACCATCGGAACGCATCTGAACTGGGGCTCTTCCTATGCTGTGAACGACTTTTACAAACGCTTCGTCAAAAAAGACGCCACGGAAAAGGAAATGGTTCGCATGGGCCGGACCTGCACGGTGGTGCTGATGGTGTTTGCCGGCGGACTTTCGATGCTGCTGACGGATGCAACGCAGGCGTTCAATTTGCTGCTGCTTTCGGGTGCGGGGTCGGGCGCGATTTATCTGCTGCGCTGGTTCTGGTGGCGCATTAATGCCTGGAGCGAAATTTCGGCCATGATCTTCACAACGCTCGTGGCGGCTGTGCTCACCTTCGGTTTCAACGGCGACCGTGAGGCGCTGCTCGATCTGCAGGTCACCGACACATTCACCCTGTCCGGCAGCAGCGTGAAGTTCCTGATTGCCGTGCTGGGAACCACCATTGCATGGATCGCCGGAACGCTGTTGACCCGGCCGGAGTCCGAAAAGACTCTTCGTTCCTTTTATCGCAAATGCCAGCCGGGAGGGCCCGGCTGGAAGAAGCTGATCGATAAAGCGGTTTCGGAAGGCGACATGATCGATGGAGAAGAACACGGAAAATCATGGGAAGTCCCGCTGGAAATCCTGTGTGTTTTCATCGGATGTGTTTTTGTCTACAGCGCGCTCTTTTGCATCGGAAGCCTGGTCTACGCCAACGTTCTTCAGGCGACCGTGCTCGGTACCGTTTCGGCGGCATCAGGAATCTTTATCTTTGTCGTATGGAAAAAACTGCATGTCCATGCGCAGCGAATGCGGGTTGAGGGAGACTCATGAAGCGGTTTTGGTTTTCTGAAGGTACACTGGCAGCAGGCGCCGTGCTGGGTTTTTGTACGTAAATGGACGTGTCGGCCGAGACGTCAGAAAAGCATCCCAACATCATTTTGGTGATGGCTGATGACCAGGGCTGGGGAGATGTCGGCTACAACGATCATCCGCTTTTGAAAACGCCGAACCTGGACGAAATGGCGAAGGTTTCGCTGCGGTTCGACCGTTTTTATGCAGCGGCTCCCGTCTGTTCGCCGACACGTGCCAGCATTCTGACGGGGCGAAACCCGAACCGCTGCGGTGTGGTCAACCACGGGCACCCGATGCGCCCGCAGGACACCACGCTGGCTGAAGCGTTGAAACCCTCCGGATATACAACCGGGCATTTCGGGAAATGGCATCTGGGATCGCTGGAAAAGACCAGCCCGGTCAATCCGGGTAACAGCGGTTTTGATGAGTGGTTTTCTGCGCCCAACTTTTTCGACATGAACCCGCTGATGTGCAGCAACGGAGTGGTGGTGCAGTGCCATGGTGACAGTTCGGATGTTGTGGTGGACAGGGCCATCGATTTTATTCGCGAGCAGGTTGATGCCGATCAGCCGTTTTTGGCGCTGGTCTGGTTTGCCGCGCCGCACGACCCGCATGAAGCCTCGCAAGAAGACCTGGCATTATACGGAGATGATCCGTTTAAAGGATACTTCGCCGAAATCACGGCCATGGACCGAGCATTCGGTCGCTTGCGCCGCGAGATCTGTACACTGGGAATTCGGGACAACACCATCCTGTGGTACACCAGCGACAACGGCGGACTGGACGAGCGCTCCACCGGCGGGCGCGGCAAAAAAGGTCTTTTGCTCGAAGGCGGGCTGCGGGTTCCGGCCCTGCTGGAATGGCCTGCCCGGATTTCCTCCCCGCGGATCACCGATGCTCCCTGTGTCAGTTCAGACATCTATCCGACACTGCTCGAAATCACGAAAACCTCTGTGTCGAATCAGTATCCGATGGATGGAATCAGCCTGGTTCCGCTGATCGACGACACCATGACCGCGCGGCCGAAGCCGATCGGCTTCTGGCGCTATCCATCGCCCGGACGGGCGACATGGAGCGACCGGCTTCTTGCAGCAATGATGGCCGCGCAGACAGAGGGGAAAGAAATCGGCAACCCCGACTGGCAGGACACCGATGCGGGTAGCGTGGAAAAACAGTATCCAGAGGACTCTGCGCCGGGGCATGCAACCTGGCTGGACTGGCCATGGAAACTGCACCGCAGGCAGCAGGCCGGAAAAGTGCCGACGTTTGCCCTGTACAATCTGAAAAACGATCCGTACGAAAAAAACAATCTGATCCATCAGATGCCGGAGCGGGCGGACTCCATGAGAGCAAAGATGGAGAACTGGCAGGGCTCCGTGCTCCAAAGCCTGAATGGACGCGATTATTAGAGCGCATTTTTGAACGACTTGCCGTTATCTCCTGACCGGATAACCGTTTTATGGATTTTTGCGAAAGCCCGATTGATGTCGGGCTTTTTCTTGATCTAATGCAAAACAATAGGATAGTACTCCTGTCGGTTGATTATCAATTCGTGCCGGGTGGGTCGACAGGAATGCAGCGAACGCCTAACCGCGCAGCGGAAAGCGATAAGAGGAAGATGAGATGAAAAAATGCAGTTTATTAATGACCGCGGCAGCGATCACTGTTTTTTCTTTTGCGCAGGCAAAAGAGAAACCAAATATCCTTTTGATTATTGCCGACGACCTCGGTCCGCAGCTCGGGTGCTATGGCGATGCCAACGCGGTCAGTCCGAACATTGATAAGCTGGCGGAGCAGGGCGTGCGGTTTACTCAGGCGCATGTGACAGCGGCGAGCTGTTCGCCGTCGCGCGGCAGCATCATGACCGGTTTGTATCCGCATCAGCACGGGATGTATTCGCTTTCGCAGCAGGGCTGGGCAAAAATGCATGACGACGTTCCTAAACTTCCGAATGCGATGAATGCGCTCGGCTACCGCACGGCCATCATCGGCAAAACTCATTACGAGCCGGAGCATCTTTTTGAGTGGGATCTGCGGGATGAAAATGCGCAGAAAGTGATGATTGACCGCGACGTGCGCTGGATGAACGCGCAGGCCGACCAATGGCTGGACGGCTCGCCTCAGGACAAACCGTTCCTGCTGTGCATGAGTTATGTCGATCCGCATCGCGGCGGCGGCGACGGCCGCTACGGGGCGGAATACAATGAAAAATTTCCGAGGGTTCGGGTGGGGCTTCCTGAAAAACCTCTGCCGCCGGATGACACCGTTCCGGTTCCGTTCCTGGCCGTTAATTCGCCGGAGGTGCGCATGGAAAACTCCGATTATTATTCCTGCATTCAGCGCCTCGATACCGGTGTCGGCGAGCTGCTGGAAATGCTCGATGCCAAAGACGCTTTGGACAACACGCTGATTGTTTTGATCGGCGATCACGGTCCTGATCTGACGCGCGGAAAAATTTCAGCCTATGCAACCGCTACGCACATTCCAATGCTGGTCAAATGGCCCGGCCATGCCCAGGCCGGACTGGTGCGCGACGAGTTGGTATCCACCATCGACCTGTTTCCAACCTTTGTAACCGCTGCCGGCGGAAAAATTACAGACGAGCGGCAGACCGGGCGACCGCTTCAGCCGTTGATGAAATCCGGATTATCCACGTGGCGCGAGTGGCTTGGTACCGAGTTTATTGCTCATGTTCCGTGGCATTACTATCCGCGCTATGCGATGCAGAACGGTCGTTATCAGCTGGTGATAAACCTTGCTTCTGCGGAACTCGAAAACCCGCTCGAAGGACACAACTACTGTTACGCGTGGCACGAAGTGATGAAGCCGCAGTATGAAGGCACGCAGCTGCGCACGGCCTACGATGCCGTGGAGCGCCCGCCGGTTGTTGAGCTGTTTGATAAACAGTCCGATCCGTTCCTGCTGAACAACCTTGCGGTTAATCCCGAATACAAACAGACCGTGCAGGAATTTGAGCAGCAGAT
NZ_CP047593.1_gap94	3303431	3304957	1526	GTGTCCTTCGAATTCCGCAGCCTGGATCTGCTTGGTGAGCGGAGCCAGAATGGACGCATCAATGCCGTGCTTGGATGCTTCTTCTACAACGTTGTGGGCATTGCTGAAATGTCCGGCCGTGATTTCGGCCGCAACGGTTTTGATGACTGCATCTTCATATGCCGCATGCTTTTCTTCCGCAGTCTGCGGATTCAGAAAGCGGTAGATGCCGGTTTCGTGCCAGAGCTTTTTAAAGCCTTCAACAATCGAAATGCCTTCTTTTTCAGTGGCGACTGCCACGGCCTGGTCGAACGAGCAAACGCCGTTTTCGCAAGACGTGTCAGCGACTGAAAATCCTGTCGTCAGCAGCGCTGCGAGGGCGATCAGCCCAAATAGGTTTTTCATTTTAAACATGGTAAAGTTTCCTTGTCTAAGAGTGAGAACCGGAAGCCGGAAATCCCGGCTTCCGGTGAGACCCTTCTGATTAGTTGATCGATGCGAGCTCCTGGCCGCCGGTAGCCTGATCACCGACATTCACAGAGACAGACGAAACCGTTCCGGTTGCAGGAGACTTGATTTCGACTTCCATTTTCATGGCTTCCATGATCATCAGAACGTCTCCTTCGTTGACGTGATCGCCAACGTTGACGCTGAGTTTCATCACTTTACCCGGCATCTGGGCTTTCACAACGGTGGAATCGGCGGACTCGTGTGCGCCGTCTGCGGAGGCGGTTTCTACACCATCTGCAACGTCAATGCTGTAGGCTTTGCCGTTGACGGTCGCTTTGTCGCCTTTGACTTCAACGGCAAACTTTTTGCCGTCAACGGTAACGGTGTAAGCACCATCACCACCTGCGGAGGCATCAGCGGCCGGTTTGGAAGCGCCTTTGCGTACGCCGTTGATTTCGGATTTTCCGAGCAGGAAGTCGATCCCTTTCTGTTTGCAGGTAGCAGCGATGAAGATGTTTTCTTCGGTTTCTTCGATGCTGCTTTCCTGAAGCATTTTTCTGGCAGCGTCGACCCCTTTGTTCGGGTCGCGGTCATTGATGTCCACCGGGTTTTCGGTGGTCGGTTCCAGCTCAAGCTTTTCAGAAGCGAGTTTGACGATTTCCGGGTCGGGTGTGCACGGAGTTTTTCCGAAGTAACCGAGAACCATTTTGCCGTAACCGTCGGCGATTTTTTCCCATGGGCCAAACATGACGTTGTTGAAGGCCTGCTGGAAGTAGAACTGGGAAACCGGAGTTACAGACGTTCCGAATCCGCCGCGACGAACCACTTCACCCATGGCGTGGATGCAGTCTTCGTATTTGTCCATGATGTTGTTGTCGCGCATCATCTGCGTGTTGGCAGTCAGCGCACCGCCGGGCATCGGCGACCACGGAATCATCGGCTCAACGGCTTTGGCTTCCGGCGGAAGCATGTAGTCGGCCATACAGTCTTTGAAGACTGTTTCGGCGTGCATCATTTTGTCGATGTCGACGTCCAGTTCGTAGTCTTCACCGCGCAGGGCGTGCCAGAGGGTCGCCACGTCGGGCTGGCAGGTTCCG
NZ_CP047593.1_gap95	3307292	3311206	3914	CAGAAGTCAATGTTCAGGGGGAAGCTGGAGTCTCTGGCCGATCGGTATATAGAACAGCACGCCCCGGACCTTGTGGTTCTGACGGTACCCTTTCCCGGGTGTCTGGCAGGAGCGATCATGACTGCCCGGAGGATGAAGCAGATCCAGCCCGAGGTAAACGTGGTTCTCGGCGGGGGGTATGTGAATACTGAACTGAGGGAGCTGGCAGATCCGCAGGTTTTTGATTTTGTGGATTTTGTCTGTCTCGACAGCGGCATGATTCCTCTGCTGCGGCTGGTCAATGGAGAAACCCCGGTGCGCACCTTTGTGCGCGAAGGCGGAGCGGTTCGGTTTTATGAGGATGACGACACTGTTGTTCCGCATGATTCTCTGCCGGCACCCGTTCTGGACGGGCTTCCTTTGAATGACTGTTTCGGACTGTTCGAAGTGCTCAATCCGGTGACACGGTTATGGTCGGATGGACGATGGAACAAGCTGGTTTTAGCCCAGGGTTGCTGCTGGAGCCGCTGTGCGTTTTGCGACACGTCCATCGATTACATTTGCCGGTATGATCCGGCTTCGCCCAAAACCATTTGTGACTGGATGGAAAGCATGATGGCGGAGAGCGGCTCCAACGGGTTCCATTTTGTCGATGAGGCACTGCCGCCGGATTTGCTGGATGGACTTTGCAGTGAGATTCTGAAACGCGGTCTAAATGTGGAGTGGTGGGGCAACATTCGTTTTGAGAAGCGGCTCGGCGAAGAGCTGGTCAGGAAAATGGCGCATGCGGGTTGCATTGCTGTAACCGGAGGTCTGGAAACCTGCAGTGACCGTACGCTCAAGCTGATGAGAAAAGGAATTACCGTCGAAGACGCTTCGCAGGTGCTTCGTAATTTTGCTGATGCCGGCATTTTGACGCACGCCTATCTAATGTACGGCTTTCCAACGCAGACGCGGGATGAGGTTTTTCAGGGGCTGGAAACTGTGCGCGGCTTAATGGAGGAGGGCGCGCTGCACTCGGTCTATTGGCACCGATTCGCCCTGACCGCTCACAGCGAAATGGCCCGCGAACCGGACCGCTTTGAAATTCGCCTGCTTCCGGAAGTGCGCACCGGCTTTGCACGCAACGAGGTTCCGTTTGCCGGGAATTTTGATCACAACCTTGAGGCCGTTGGTGATGCTTTGCGCGCTGCGTCTTACAACTTCAATCTGGGCCTTGGCTTTGATTTGCCGGTTGAGGAGTGGTTCGTGCATTAACACGCGAACCTGTTTGAGTCCATATCATGCAGGTGGTCGTGTTCTACCTTTTATCAGGAGCTGTTTTTTTATTCGGGGAATAACATCAACATGACCAACGTTGAAGTCAGTTAGCCGAACTGTTTCGGTATATTTCCTTTTTTCTTTTGGTTGGAGGCTTGTGTTGATTTTTGCATATCCCTTTTGCAGGGGAGGATTGTGCTTGCTTCCGATGTTGCATGGAATGATCTCTATTAGCATACGCACAGGATCTTCTGACTTATTTTCGGCGGTAAAAGAAACAACACATTTGGAGCCATAAACATGCCACTCCAGATCTTTTACAGTGATAGGGGAGGGACTGAATAATCTATCTAAACCAAGTAATAAGAGACTCGTTGCAACGAGTCCTTTTAATAGGCCTATTGATGATTTTTGTGGCTTATTTTTTATTTGGGACACCGCGGTTGTTTAACGAGAATGGGTGCCTTCGGATGTTGTCAAGGCAATGAGACATCAGGCTCGCCTCAGAACTTCTCCAGCAAGATATCATAGGTGGTGGTCAGCGATTCCGGCACCACATGCCGGTCGCCAATGACGGCCATAAAGTTGGTATCTCCCACCCAGCGCGGAACGATGTGGCGGTGCAGGTGATCTTTCAGCCCGGCGCCGGCCGCGGAGCCCAGGTTGGTTCCGATATTAAATCCTTCCGGCTGCATGGCGTTGCGCAGGGCGGCTATGGCGCGTCGGGTCAGTTCGCACATTTCCAGATCTTCCTCTTGTGTCAGTTCGGAGAAATCCGCGATATGTCGCTGGGGGCAAACCATCAGGTGGCCGCTGGTGTACGGGAATCGGTTCATCACAACTGCACAGGTTTTACTGCGGAAAAGAATCAGATTGTCGCGGTCTGTGTCTTCCTCAAGCATCCTGCAGAGAAAACATTCATTTTCCTTTTCTGCCCGGATGTACTCAATGCGCCAAGGCGCCCATAACGGTCGGTTCGTGTTGCTCATAGATTGGGATTATGATTAAGATATTTCTTCAACGCAAATAAGGAATTTCTTTCGTGGCAATAAAACTGATTCATGGAACCGACGAATACCTGGTGAGTCATCACTCCCGCAAGGCTGTCAACGCTCTCTGCCCAGAGGAAGAACAGACGCTGGGGCTCGAAACAATTGAAGGGGATGTGAAAACCGTCGATGAGGCGGTTTCTGCATTGAAAACGGCGATCGGAGCGTTGCGAACGGTCGGGTTGTTCAGTGGGCAGAAAACCGTCTGGCTTCGTGACGTATCGATTTTCAAGGACAAGGTTATCTCGAAAAACAAAGAGATAAAGGATCTGCTGGCGCAGTTGGCCGAAGATATCAAGAACGGTCTTCCGGATGGTCAGCACCTGATTATCTCAGCTCCTGGAGTCGATCGGCGTTCCGCCTTTTATAAGGCCTGTCAGGCGGGGGCGGACGTAGAGACGTATGATCTGCCGGAACAGGCTTATTTGAAAGAGCCGATTATTCGTGAGCGGGCGCAGAAGCTTTTTGCAAAGGCACAGTGCCGGGTCAGTCCGGCGGCTCTCGATCTTTTTATTGAGAAGGTCGGCATGGATACGCGCCAGCTGGTCATGGAAGCGGAAAAGCTGACGCTGTACATCGGCGATCGCAATGAAATCACGGTTGATGATGTAAAAGCGATTACATCGTCATCCTCCGAGGCTATCGCCTGGGACTTTACCGATGCATTGGGCGAGCGAAAGCTCGATGAGGCCCTGAAAATTCTTCGTCAGCTCATTTTCCAGGGAGAGGCTCCGGTTGCGCTGATGTTTGCCATCGAGACACTGTACCGGAACCTGACGCAGTTCCGGGCCTATTTTGACCAGGGCTGGTTGCGCCTGAGTGGATCGCGCGGCGCGGGATCGGTGCAGTGGGCACATGATCCTGAGATGGACCGTATGTTCATCCAGCTTCCGGCCGATCCTCGTAAAATGCACTGGTTTCGGGTTGGGAAACTCGGGCAGCAGGCGAAGAACTACACTGCAGAAGAACTGCGGGTGTGCCAGAAACGTCTGCTGGAGACTCACGAACAGCTCGTGTCCGGCTCGGTCGCTCAGGAAATGATCCTTGAAATGCTCGTGATCAAGCTGGTCGCAAAAGTTTAATCCTTTATTTGGGAATCCGGGATATGTCGATTGCTGAAAATTTAAAACTGATTGAAGAACGTATTTGCGCTGCATGTGAGAGATCCGGCCGCAGCCGGGGGGATGTAAAGCTGATTGCGGTTTCAAAGTACAAACCGGCGGAGGCTGTCCGGGAGGCGGCCGACGCCGGTCAGATCCTGTTCGGGGAAAACCGGGTTCAGGAAGCACAAACCAAGATTCCGCAGTGCCCGCCGAACCTGCAATGGCACCTGATCGGTCATCTGCAGAGCAATAAAGCGAAAATCGCAGCGTCCGGACTGTTCCGGATGATCCATTCGGTCGATTCTGAAAAACTGCTGCTGGCGCTCGAACAGCATACTGCAATACCGCTGCCGATCCTGATTCAGGTGAATGTTTCAGGCGAAGGATCCAAATCCGGCTGTGCACCCGAAGAGGCCGCCGCCCTGATTGAGGCCGCCAACAACTGCTCGCGGGTTGAAGTCCACGGCTTGATGACGATCCCGCCGTTTACGCCGGATCCCGAAAAAGCGCGCACTCATTTTTC
NZ_CP047593.1_gap96	3312706	3316772	4066	ACTCCCAGCGACAGCGCTATGTTTGCCGCTGTTTCAATATCGGACGGGGTTGCGATTTCCATTCCCAGCAGATGTTCCGCTTCGGGAAGGTTTGGCGTAATCAGGTCAATTACAGGAAACAGTTTTTCAGTCACCAGCGGCCATGCTTTGGCTTCCAGCAGAAAGGTTCCGCTGGATGAAATCAGCACCGGATCGCAAACAGTAAAAGGCACGTGGGTGCCGGTCAGGAATCTGGTGACGATTTCAATAGTTTCAACGGTGCCCAGCATGCCGAGTTTAACCGCCACCGGAGGAAGATCGGATTGAAGAGCGTCCAGCTGGGCCTTCAGCATATCGGGTGCGACCCATTCGAGAAGGCCGGTGCCGACGGTGTTTTGTGCCGTGAGGGCGGTAATGACGGAACAGGCATGCACGCCGAGCAGATTCATCACCTTAAGGTCTGCCTGAACACCGGCGCCTCCGCCGGAATCGGATCCGGCTATGGTCCATGCAATGGGTTTTGTCATATTCATTCTCCTTCTCTTGCCCATGCTCATAACCCTATGTCTGGCGGGTTCGCGCCCAAGGTCAGGATTATGATGGTTATTCAGGCTGCACGCCGACGCTGGTTGCCTGACGTTCTTCAAACTGATAGACCGTTTCGCCTTCGTGCACAAATCCGATTTCGTGAGCAATCTTCTGAACAAAATTTCTGTCCGTGCTGAACTTTTCCTGATTCATTCGAAGTTCTTTAATGCGCTCTTTTTCCGCACTGATATCGGCGTCCAGGTCACTTTTGGTTTCCTGATAGTTCTGGAACTGCTGGATTTTCGGCAGGAATGCAAATGCAACCCCGATCAGTGCAAGAAGCACAACCGCCAGGGCCACATATCGATAGACTTTATTCCAGTATTTCTGAGCACTCACAGCGGTGAATATGAAATATGAATGATGAAATATGAAGTATGAAATGGGAAAGATGATCTTCAGATGTGAAAACGCCCTGGAGAATTCTCCAGGGCGCTGATCTTTTCCAATGGTGGAAAACTGTGCGCATCTATGCAATAGAGCTGCTAGTCACCGTAGCGGGCTTCGGTGCCGAGCATTTCTTCGATGCGCAGCAGCTGGTTGTATTTGCTGATGCGGTCGGAGCGGCTTAGGGAACCGGTTTTGATCTGGCCGGCGTTGGTGGCCACGGCGATGTCGGCAATGGTGTTGTCGGAGGTTTCACCGGAGCGGTGGGAAACGACAGCGGTGAAGCCGGCTTTGTGAGCCATTTCAATCGCGTCGAGTGTCTCGGTGAGCGTTCCGATCTGGTTGACCTTGATGAGGATGGAGTTGGCGCTGCCTTCTTTGATTCCGCGTTCGAGGAACTTCACGTTGGTAACGAACAGGTCGTCGCCGACGAGCTGGCATTTGTCGCCGATCAGGTCCGTCAGGACTTTCCATCCGGCCCAGTCTTCTTCATTCATGCCGTCTTCGATGGAGTCGATCGGGTATTTGCCGATAAGTTCTTCGAGGTATTTGGCTTGTTCTTCAGAAGAACGTTTGGCTCCGCTTTCCCCTTCGAATTTTGCGTAGTTGTAAACGCCGTCTTCGTAGAACTCGGAGGAGGCGCAGTCGAGACCGATAGTCACATCTTTGCCCGGCTCGTATCCAGCGTCTTTAATGGCCTGCATGATGGCGTCGAGGGCTTCCTCGGTTCCGCCTGCAAAGTTCGGAGCAAATCCGCCTTCGTCACCGACGGCAGTGGAGAGGCCTTTGCCTTTGATGATGGCTTTGAGCGCGTGGAACACTTCCGCGCCGCAGCGCAGGCCTTCTTTGAAGGACGGGGCGCCAACCGGACGGATCATGAATTCCTGGAAGGCGATCGGAGCATCGGAGTGCGATCCGCCGTTAATGATGTTCATCATCGGAACGGGCAGGGCTTTGGCGTTGGTTCCGCCGATGTAGCGGAAGAGCGGCATGTCGAGTTCAGCGGCGGCGGCGTGCGCGCAAGCCAGGGAGACGCCGAGCATGGCGTTGGCGCCGAGTTCGCTTTTTGTTTCGGTGCCGTCGAGGCCGATCATGAACTGGTCGACGCCGACCTGGTCCATGGCGTCCATGCCGATGATCGCCGGGGCGATTTTTTCGTTTACGTTGGCAACGGCTTTCTGGACGCCTTTGCCGAGGTAGCGGTTTTTGTCGCCGTCGCGCAGTTCAAGCGCTTCGTTGACGCCGGTGGATGCGCCGGACGGAACACCCGCGCGGCCGGCTGCGCCGGACTCGAGGATGACATCGACTTCGATGGTCGGGTTGCCGCGTGAATCAAGAATTTCGCGACCGATTACTTCTATAATAGCTGACATAGGGGTTCCTCCTTTTGATGTTCCCTTCGAAATGAGACGCGACTATACGACCAGAGTTTGATGAGAGCAAGCGGGTCTTTATTAAGATTGCGTATAAATTCGCCGTTTGGGGTCCGCAGGGTTGAACCGCACCCCGAATGTATGGACGATACGCGGCTTTATTTACGAACCAACATGTATTGGAAAATACAAGGAGCTTAACAACGATGGAAACCACATCTGAGATCAAAGAAATGTGTGTCGTTGCCCGCGGTCCGAAAAACGGTCCGGCGCCTATTCCTCAAGAGGGGAAATGGACGAAGGCAACGGAAATTAAAGATATTAACGGATTCACCCACGGTGTGGGTTGGTGTGCACCGCAGCAGGGCGCCTGCAAACTTTCGCTGAATATCAAAGAGGGTGTTATTCAGGAAGCGCTGATCGAAACACTCGGCTGCACCGGCATGACCCATTCTGCTGCGATGGCTGGTGAAATCCTTACCGGAAAAACCATCCTCGAAGCGCTGAACACCGACCTCGTTTGCGACGCCATCAACGTGGCAATGCGCGAACTCTTCCTGCAGATCGTTTACGGACGTTCCCAGTCGGCCTTCTCCGAAGGCGGCCTGCCGATCGGCGCCGGCCTCGAAGACCTTGGCAAAGGCTTGCGCTCTGTCACCGGAACCATCTTCGGAACCGTTGAAAAAGGCGTTCGCTACCTCGAAACCGCTGAAGGGTACATCACCAAGCTCGGTCTCGACGAAGACGACCAGGTCATTGGCTATGCGTTTGTTCACCTCGGCAAGATGATGGAGTTCATCGCCAAGGGCGAAAGCGCTGACGAAGCCCTTAAAAAAGCATCCGGCACCTACGGACGTTTCGCCGATGCTGTAAAACAGATTGACCCGCGCCACAAATAAGGAGGATCGAACCATGGCATTATTTGAAGGATATGAAAGACGGATTGGCCAGATCACTCCGGTGCTCGAAAAGTACGGAATTGGATCGGTCGAAGAATGCGCTGAAATCTGCAAAGAAAAAGGCGTCGATGTATACGAAGTTGTAAAAGAAATTCAGCCGATTGCATTCGAAAACGCAATGTGGGCCTACACCGTTGGTGCTGCAATTGCCATCAAGAAAGGTCAGACCGCTGCTGCCGATATCGCTGAAACCCTCGGCGAAGGTCTGCAGGCATTCTGCATCCCGGGATCAGTTGCTGACGACCGCAAAGTCGGTATCGGTCACGGAAACCTGGCTTCCATGCTGCTGAAAGAAGAAACCAAATGCTTCGCACTGCTCGCAGGTCACGAATCTTTCGCTGCTGCGGAAGGCGCACTCGGCATCTGCCGCTACGCCAACAAAGCCCGCAAAGAGCCGTTGCGCGTGATCCTCAACGGTCTCGGCAAAGACGCTGCGTTCATCATCAGCCGCATCAACGGCTTCACGCATGTCGCCACCGAATTCGACTACGCCACCGGCGAAGTCAAAGTCGTTGCTGAAAAAGCTTACTCCAAAGGTGAACGCGCTGACGTCCGCTGCTATGGCGCTGACGACGTTCGCGAAGGGGTTGCCATCATGCATAAAGAAGGCGTTGATGTTTCCATCACCGGAAACTCCACCAACCCGACCCGCTTCCAGCACCCGGTTGCCGGTACCTACAAAAAAGAATGCGTTGAACTGGGTAAACCGTACTTCTCCGTCGCCTCCGGCGGTGGAACCGGCCGTACGCTGCACCCCGACAACATGGGGGCAGGTCCTGC
NZ_CP047593.1_gap97	3324270	3326382	2112	GAGCGGCGCTGGAGTTTGTCGAAAAGCGTTTCGGGATCCGGCAATGCCGCCCGACGGTTCCGGATGCCGACACCTATAAACACTGCAATAACGACATTATTCGTCATTGTTCAGCGCCATGCGTCGGCAAAGTGACGCCGGAAGAATATCGTGAGCGCGTTGAAACGGCCTGCGCTTTTCTGCGCGGCGAGCGGCCGGAGTTCATCAAGGAAATTCGTTCGCAGATGGAAGAGGCGGCGGCGGAGCATAAATTTGAAGAAGCCGCTGCTCTGCGCGATATGATGCTTCTGCTGCACCGTGCGATAAAGGAACGGGCGCTGGTGCGTAAAAGCGACAAAATGCGCGCCGATGACGCGCAGGCCGGGCTCGAAGAACTCGCGCGGGAACTGCAGCTCCCAAAGCCGCCGCGTGTGATCGAGTGTTTTGATATTTCCAATATTTCCGGAACCTATGCGGTGGCCAGTATGGTCGCGGCGGTCGACGGCGTGCCGACGCCGCAGCGCTACCGCCGTTTTCGCATCAAAACCGTGGAAGGCAGTGACGATCCGCGCATGATGGCGGAAGCCGTCGGTCGCAGATACAGCCGCCTTCAAAAAGAGGGCGCGGCGTTCCCGGATCTGCTGATTGTGGACGGCGGCATTACGCAGCTGCGCGCCGCGCGTGCGGTTCTGAAAGAACTGGGCGTCGATTTGCCGTCGGTCGGGCTGGCCAAGCAGTTCGAAGAACTGGTGCGGGACGAAAAACCGACCGTGCGGCTTCCCAAAGACTCTCCGGCGCGCGCGATCGTCACCGGTTTGCGCGACGAGGCGCACCGCTTTGCCATTTCCTATCATCGCGAACTGCGAAACAAGCGGATTCGTGAGTCCGCTCTCGATGAAATTCCTGGCATTGGGAAAAAGACCAAAGAGCGGATTTTGGCGCATTTCGGCTCGTTCGCACGCCTGCGTCGTGCTTCACTCGAAGACCTTCAGAATGCGCCGGGAATCGGCCCTAAAACTGCACAACTGATTAAGGATACATTGGAGGCATCATGAAAAATTTTACAGAAATCGACGTGCTGAAACTGAATGAAAGTCCGTTTCGGATGATCGGCAAGGAGTGGATGCTGGTTACGGCCGGAAGCATGGCGCAGTGGAACACCATGACCGCCAGCTGGGGCGCGATGGGAGAGCTGTGGTTTAAACCGGTTGTGTTTACTTTTTTCCGCCCGCAGCGTTACACGCTGGAATTTGTCGAGCTCGAAGAGTTTTTCACGCTGTCGTTCTTTGATGAAAAACACCGGACGGCTCTCAATTTCTGCGGTTCCAATTCCGGGCGTGACTGCGATAAAGCGGAAAAAACCGGACTGACGCCGGTTTCGACGCCAAACGGCTCTGTGGCTTTTGGGGAAGCCCGCCTGGTGCTGGAATGCCGCAAGATGTATTTTCAGGACCTCGACCCGTCCCATTTCCTGGATCCTGAAATCAGCAAGTGCTATCCCAAAGAGGACTACCACCGCATGTTCGTCGGCGAAGTGATGACTGCCCTGCAGCACACCTGATTTTTCCAGCCATTAAGAGCCTGAAAAATCTGTCAGGCCGTGATTTCCAAACATTGGAAAAAATGGCATAAACTCCTTTTCCAATGGTTGGGAAAACGCGATGTCTGGATAATCGGGAGACTTTATGAGCGAACATCAGTTGAATCAGATTTCTTGGAACAAGCTGAACGGACTCGGTCCGGAAGGAAAATCGCCATACTTTCAGCAGGATGGACGGACGTTTCATGCGCTGGTGGCTCAGCAGTTCAGTCGCCCTATGCTTGAAGATCTCTGCTCGCTGGCCACCTGCGTCCGAAAAATCGCTAAAAGCCGGGAAGGGTGCAGCTTCCTGCAGAGCCGCCTGTTTGATAAACGGGCCATGCTTTATTTTGCCCAGCCGTCCACCCGTACCTATCTGTCGTTTGATTCCGCCTGCCAGACGGTCGGCCTCGACTGCATGGACGTGCGCGACAGCTCGACGTCCAGTGAGGTGAAGGGAGAATCGCCCGAGGATACGGTCCGCACATTCAGTTCCTACACCGACCTGATCATTATGCGCCACCCGGCCGGCGGTTTTGCCGAGCGGATTGCGT
NZ_CP047593.1_gap98	3374843	3379201	4358	GATTCAGGGAGAAGTCAAATTTGTCTCCGACGAACGCACCAACATCCTCATTGTCTTTTCTAAACAGGCGAATTTTGATTTTTTTGACCGCATCATCAAAGTGCTCGATGTCCCGGTTGACCCGGAAGTTGTCGTGGAGACGATCAATCTCGAATATGCCGAAGCTTCAGAAATCTCCGGTATCCTGAACGAGTTTGTCGGAGCCGCTCAGGCGGATGAAGAAACCAAAAAAGCCCAGACCGGCGATACCGCGGAATCCGGAAGCAGCCGCAGCCTCAACGATGTCGTTGCCCAGCGTGCGTCCGCCAAGCGCGAAATCAGCGCTGCCGCTAAAACCGCCATCGGTCGCCTCTCCGAAGATACAAAAATCCTTTCCGACGAACGCACCAACTCGCTCCTGCTTATGGGAAACAAAGGCGATGTCGAAGCCCTCAAATCCGTTATCGCCAGGCTCGACGTCATGCTCCAGCAGGTTATGATCGAAGCCGTAATTATTAGTGTTGGGCTCGATGATTCGATTCAAAGTGGAATTCAGTGGGTCTACCAAAATCAACCTGGATACGGTGATGTTCGGTATAAAAAAGAAATCCGGGATGTAACAACTTATGACAATAACAATAATCCAATTATTACTCCCACTGTCTTTGAAGTTCCGGAGTATGTTGAAGGAAAGCTAAACAGAACCGGTTTTGATGCGGATGACCTAGCAGATAATATGGTTGGTGGAGCTCTAACTTATTATGGATTATTTCCAGAGATAAACTTAGAGACCATTATCAGTGCAGCGAAATCTGACAGCAATGCGAGGGTCCTTTCCACTCCTGTTGTCTTAACTACAGACAACACAGAAGCAACGATTACCATTGCGGATGAACGCCCGGTCATCACTTCCTCGATCAACAGCGGCAGCAGTTCCGTCAACAACGGCTACAGCGCACGCGCCACCTATGAATACAAAACCATCGGGATTGACCTGACGGTCACGCCGCGCATCAACCCGAAAAACTTTGTATTGATGGAAATCAATCAGTCGGCGGACGACGTTGGCGGCAACGTAACCGTGGATGGCAACGAAGTGCCGATTATTCAAAAACGCGAAATTACGGCCACCGTAGGAGTCAAAGATAAAGAAACAATTATTCTTGGAGGACTGGTTCGCAAGTCCAACTCCGAAAGCGCCACTAAAATTCCGCTGCTGGGGGACATTCCGCTGCTGGGCTGGCTTTTCAGCTCACACAGCAAATCGGATGACCGCCAGGAGCTGGTTGTCCTTCTTACACCCTACGTGTTGAACAATCCGGAAGAAGCGCAGGCTGAAACGATCCGCCGGTTTGAATCCAGTGATTCGAAAAACAGCGAATGGCCACGCGGCTGGTCGCTCAGCGAACTCGCCAACGATGAGCCGGAAAAAGAGGAATGGAAAACCGGCAAAAAAGCCGAAGGCGGTGAATCGGAATAATTCGGCCGAGACCCGGCAACCAACAGCCTCGCTCCGTTTCTGCGAGGATTGGCTCTGTGAGCCAATCCTGACAACGTAATGCAACCTCATTACCCTATCCGAAAAACTTCAGAATTGCCGGCGCAAGCTGATCGATCCGCTCCAACGGCCGAAAACGATCCGGTTGCGAAAGATACAGAGGAACCGGGTTAACGGTGTGGCTTCGAACAGTCATGTCCTCAATATTCCCGTGGTCACTGGTAACGATCAGCTGGCCATCGAAACTCCACAGTTCGGAGAAGAAACAATCCAGTTTTTCCAGGGTTTTAAAAACCAGATGCTTATCGCCGCGGTGTCCGGCGTGATCGGTCTGGAAAAATTCAAACAACGTAAAGTCATGATCGTTGGCTACATCGATCAGATGTTTTCCCGCCTCTTCCGGAGTTATCAGCGGTCCGTCGTATCCGCGTTCGGCCCTGATCTTCTCGCGGGTTAGATCGTGGCAGACCGCACGGTTCGCCAGCAGATCTGCTTTGCCGCGCACACCGCCGAGCGCGGCCAGAGTGGCCACGGTGGTCACTGATTCGCGACGCGGCGGGATGTGTGCCACATCGTCCAGCCAGTAAGCATTGGCGAATGTGCAGGCTTTTCCTGCCCTGAGCAGGCCGGAAAACACGTTGTGCTCCTGCACCAGGGTTTTCAGCCGCGGCGGAGGAAAGCCTTCGATGTGCCGTCCCATCAGCTTGGGAGCGTTAAGGCCGGTTAAGAGAGCCGCCTGCCCGGTTGCGCTTTGCGGCAGCCCCGGGACTCCAAGCTGTGCATCCAAAGGAACCGATGAGTTCAGCATTTTTCCAAGGTTTGGAAAATAACTGCGATCCGCCAGTGGATTGACAGCAGGATCATCGGAGCCGAGGCCGAAACCATCGATAAATACAAATAATACCTTCTGTTTCATAATGCTTAGTTTTAGTCTTACTCCGAATCATTATATCGGCCAATCGATTAAGAGGAGAACCGCAAATGAAATTCATTGAGCTCGCAAGACAACGCGTCAGTATTCGTTCCTATTCCGACCGGGTTGTCAGTCAAAAAATGCTGAATGAGGTGCTGGAGGCCGGACAGATGGCTCCAACTGCCTGCAATTATCAGCCCTTCCAGTTTGTCGTTGTGAAAGAAACGGAAAACCTGAAGGCCCTCGCGGAGGCGTATCCTGCGGATTGGTTTGCTGAAGCTCCGATAGTGATTGCAATCTGTACGCAGCCCAAACAGGCCTGGCACCGAAAAAAACACGATAATCGATGCTACGCCGATGTCGATGCCGCGATTGCGGCTGATCACATGACGCTGGCAGCTGCAGATTTGGGGCTTGGCACGTGCTGGATCGGTGCCTTTGATCCTAAAAAGGTCCGGAAAGTACTGCAGGTTCCCCGCAGCGCAGAACCGCTGATTTTGTTAACACTCGGGCATCCCAATGAAACGGGACGCCCCAAACAGCGCAAGCCGATGAATGAACTGGTGCGGCTTGAGAACTGGAACAACGAATGATTGGTATACTGATTTTAAAACTGATGGTGCTGGCGATTCTGGTTTATGCCGGTGCAGTCATCTTCATGTGGGTTCGACAGGATCGTTTTCTGTTCAAGCCGAATCATTGGGAGCCCCTGCCGGAGTTCGAAAAATACCGATGGGATCGGGAAGTTAACGGCGTAAAGCTTCAGGGATGGTTTCTGGATAAAGGCTGTGATAAAACCGTCATCTATCACGGAGGAAATGCCGAAGACCTCGCCGGACACTGCGACGTTCTTTTCCAGGGGTTAACAACCAACGCCCTGCTCGTGAACTACCGAGGTTACGGACAAAGCGAAGGCCGGCCGGCGGAAAAGGACATGATCGCCGACTGCATCGCAGTGCTTGATCTGTTCTGTAAAGAAAAAGCGGTTCCCTTTTCTTCCATCTTCCTGATGGGACGCAGCCTCGGCAGCGGAGTGTCGGTTCAGGTCGCGGCGGCCCGCCCTGAGGTCGCCGGGGTCATTCTGGTGACTCCGTACGAAAGCATTGCCGCCATCGCCCGCTTTCAGTATCCGTGGCTGCCGATCGAACGACTGCTCCATCATCCTTTCCAATCCATTGACTTTGCTCCGGCTCTAAAATTGCCGGCGCTGGTTCTGCTTGCCGAATTTGATGAAGTGATTCCGGTTGAAAGCGGGCTCAGGCTGGGCAGCGCCTGGGGCGGACCAAAAGAAATCATCACCCTGCCCACCGGGCATATGGACATTAATGAACATCCGGATTACTTCACCGCCATCAACCGGTTTGTGAAATAATTCCCGCGCAAAGCCGCAGAGGAGCAAAGAGTTGCTTATTCTTCGAGACCGTTAACCGCCCGAACAATTCCATCTTTCATTAAAACCGCGCCAAAATTGAGCAGCAGTCCCAATTTAAGTCCAGTAAGCCGGAGATAGGTTTGGAGTTGCTTGCGATGAACAGCAGTCACTGCCTCCACTGACTTTAGCTCCAGAATAACTTTTCTTTCGATAATGATGTCAGCACGGAAACCTTCATCAAACTGAACTCCGTCATACACAATGGGAACAGCAACTTGCCTTTGAACTGACAGCCTGCGGCGCTCTAGTTCCCGGGTAAGAACAATTTCATAAACAGATTCCAGCAACCCCGGTCCCAGCGCTCGATGAACTTTTACAGCAGCATCAACGACTTCTTTAGAAATGTCATTTTCACTCATGATGCCTCCATGTCTAACCCAAATAACTCAGCTTAGCGCCTTTGCGGCTTTGCGCGAGAACTTTTCCCGGGGGTCAAAGCAGTAATCATTCCGGCGAGAATAAAAATTCCGGCCAGGATTTCCGGTGTGCTGAATTTCTCATCGAGAATCAGCCACGCAAAAAAGGCCGCGGCGAAC
NZ_CP047593.1_gap99	3498739	3503048	4309	CTCGAGCCGCGGGCGGACCTTTCCTCCGGCTGCCTGAATTTCTGTCTGAATAAAGGGGTCGCCTTCTTCAATCACGACACAGTCGTCAACCGAGGCGATAAATTCAAGCAGTGCTTTCATCGGCAGCGGCCAGCTCATGCCGATTTTGAAAATCCTTGCTTCCGGAACCGCTTCCTGGGCATGCAGTGCAGCAACACCGTTGGCGATAATCCCCAAGCGTCCTTCACCCAGCACCTGATTGGGACCGGAAGCGCAGTTCCACTCTTCCAGATCCGCCAGTTTTTTGCGAAGGGTTTTGTGCGCAAGACGCGCGTAGGCAGGGATCATGACACGCTGCTTGATGTCGCGCTGATAGTCCGCTCCGGGGCCTTCGGTCGCCTCGCAAGGCACCACAATTGTTTTTGAATGACAAACGCGGGTGCAAAGGCGAAGAATCACCGGCTGTTTCCAACGTTCGGAAAGCTCAAATGCCAACCGGGTCATCTCATAGGCTTCCTGAGAATCGGCTGGCTCGAGCATCGGCACACCGGCCGCGCGAGCGTAATTGCGGCTGTCCTGCTCGTTCTGGGAGGATGCCATTCCGGGATCATCGGCCACCGCAAGCACCATTCCTCCGGTCACACCGGTATAGGCCACCGTGAAAAACGGATCCGCCGCCACATTGAGGCCAACATGCTTCATCGTGCACAGCGTACGCGCTCCGGCAAATGCCACACCGATGGCGACTTCCGACGCGACCTTTTCGTTCGGTGACCACTGGCAGTTCACACCAAGTTTTGAGGCGTTTTCCAGGATTTCAGTTGATGGCGTCCCGGGATAACCAACGCCCAGCGTCGTTCCGGCATGCAGCGCTCCCAGAGCTACAGCTTCGTTTCCACTTAAAAGCATCCGTTCTTTACTCATAGATCTCCTTCTTTCTCTAAAAAATGTTTCACCCAGCCTGGCAAACGTAAAGGTCGGCCATCCGGATTTGTCAGGGCATGAATAGTCCAGCCTTCCGCAACCGGCGCACCGCTATCCGCCTGAGTCAGTTTTGATTCAAACTTAACCCGCACCCGACCTTCCCGAACCAGAGTCGTCTCAATGTTCAGCAGGTCATCATAGCCGGCACGTCCTTTGAATTGAAGGTGCGACTCAATAATCGGCGCCATCACTCCGCGCGCCTCCCATTCGCCATAAGGAACTCCTGCCGCACGCAGCAGTTCCGAACGCCCCACTTCCATCCACTCCAGCAGGCGGGAGTTGTAATAGGTTCCCATGCGGTCAGATTCGCTGTAACGAACCCGAACCTGATGTGTATGTCGAATCATAAAACTTCCTGTAAATGACTGAGCAGTCTACGCAATTCACAACCGCCCATTCAAGCAAACACAGGAATTTGAAAACGCCCCAAAAAAATGAATAAATGGACGAACTCTCTCCTTACTCCCCCGAAAAGGCAAAAAACAAAAGCAGTTTGACGAATTCTTACCAACAAGATAATATTTATGCAGTTCAGCGCTCTACCTATGAAAACCTTAAATGTTTGATCATACTTTATTATGAAACACCGAGCCGCAGGCTGTTTTCGTAAGCTCAAGGCAACCATTCACATATCTTATGTGATTGTCCTGGGGCTGATGTGGGCAGACGAGTGTTTTGACCTCCCGTACCTTCTCAAGATTGGCCCTCAAACACCACCAAACTACGCAGAATCACTTCTCGAAAGTGCCGCGGTCATTGTCATTTGGTTCATTACAATCCGCACCTGTAAAGGATTTCTAACAAAGATAAAAGTACTGGAAGGACTGCTGCCTATCTGTTCAGCATGCAAAAAGATAGGAAGCAATGGACAATGGCATGAAATCGATGCCTATATTTCAGAAGAATCAGAAGCAGACTTCACTCATTCATTATGCCCGGATTGTCTGCGAAAACTATATCCCGAGATCGCCGACTCTGTCCTGAAACAGCTCAATAAAAACAATAACAGCTGACGATCGCATTCATTACTTATCGATCCTTGGGATCGATGGTCCATCACCGTCCAAAAGAAGAGTCAATTCCTTATCTATAACTTTGAGTTCCAAACATTTTTTCACGGTTAAAATCCTGATCCAACCTTGCGGTTAATTGAGGGTTTTAATACCCTGACGGGTCTTAAATGATTCGAAAGGAATTCAGAATGCGCGATTTATGGAACGATCATGAGAACCTGATTCATCCATCATCCACGGCGGATTATATGGGTGAGGACCAGCTTCGCACTCTACAGCTTCAACGTCTTCGGGCGGTCACCAAACACGCCTACGAAAACCAGAAACTCTTCCGCGAACGGATGGATGCCAAAGGACTCACCCCCGAGGATATTAAGACTCTCGAAGATGTTAACCTGCTTCCTTTTACCCAGAAAACCGACCTTCGCGACACCTACCCCTATGGGCTTTTCTGCGTTCCCATGAATGAAGTCGTCCGGCTGCATGCTTCTTCCGGAACCACCGGAAAACCGATTGTTGTCGCCTATACCGAAGAAGACATCGAAGTCTGGAAAGAAGTGATGGTGCGCACTTTTGCCTGCGCGGGACTGCACCATGGCGACATCATCCAGAATGCCTACGGATACGGACTGTTCACCGGAGGGCTCGGCGCTCACTACGGCGCAGAGGCTCTCGGCGCCACGGTTATTCCAATTTCCGGAGGAAACTCCGAGCGGCAGATTATGGTGATGCGCGACTTCGGCTCAACGGCCATCTGTTCGACTCCCAGTTATTTCCTTCACCTCATTGAGTATGCCGAAGAAATGGGCGTCGACTGGAACGATATCCCCTTGCGCGCCGGCGTGTTCGGCGCCGAGCCGTGGAGCGATGAAATGCGTGAATACATTGAAGGCCGCACGGGAATCAAAGCCTACGATATTTACGGTCTGTCTGAAATCATCGGCCCCGGCGTCGCCTCGGCCTGTTCCGCGCAGCGCGGGCTGCACATTTTCGAAGACCATTTTCTTTTTGAAATCGTCGACCCTGTCACTGACGAACCGATGCCCGACGGCGAAGAAGGTGAACTGATCATTACCACACTCAGCAAACGAGCAATGCCTGTAATGCGCTACCGCACACACGACATTACCAGTGTGATCACCGAAAAATGCTCCTGCGGCCGCACGGTTCGACGCATTGAACGCATCGCGCGCCGTTCCGACGACATGTTTATCATTCGCGGCGTCAACGTCTTCCCATCACAGGTCGAAGCCGCTCTGCTGAAAGCGGAAGGTACCCTGCCGCACTACCAGATCATTCTGACCAACCAGGACGGCATGGACCAGATGGAGGTTCAGGTAGAAGTCACAGACGAAGTGTTCAGCGACACCGTTCGAGGGCTCGAAGAACTGAAGAAAAAAATCCATGAAGCAATCACCCATATTCTGGGCATCCGTGTAAAACTGACGCTGGCGGAACCGAACACGATTGCCCGTTCTCAGGGAAAAGCAAAACGAGTCATCGACCAGCGGAATAAATAGAATTTCGTATTACGTATTATGCATTGAGCGGCAAAAGCAGTACGCATTATGAAGTACGCAACAAGGAGACAAAAATGAAACTGAAGCAACTGTCTGTTTTTCTTGAAAACAAACCCGGTCGTCTGCGTGAAGCATGCGACATTCTCGGGGCAAACCATATCAATCTACTGACTCTCTCGCTCGCCGACACTGAACAATTCGGTATTTTACGGTTAATTGTCAATGACTCTGAAACGGCCAAGGCCGTTCTCGAGGAGGCGGGATTCGTCGCAAAAATCACAGAAGTTATTGCTGTGGAAGTCAAAGACGAGCCCGGCGGACTGAGCAATGTGCTGAAGATCGAAGAAGACGCCGGCATAAGCGTCGAATACATGTATGCCTTCACGATCAAGAGCGGAGAAAACGCGGTCCTTCTCTTCCGTTTCGACAATATGGACAAAGCTATTGACGCCCTCCGAACCGCCGGGTTCAATGTTTTGGAAGCCAACGAAATTCATCAAAGGGCCGCCCGATAATGACTCCGAATCTCCCCGAAAACCGAATTCTCGATCACGCAGAAATGCTTCCGCGCGGCGAACTGCAGGCACTGCAGCTCAAACGGCTGCAAAAAGCCGTTGCTCACGCCCAGAATATCCCTTATTACCAAGATGCCTTTGCGAAAGCTGGAATCCTTGCCGACTCGATCCAGTCGCTGGATGATTTGCGCCGATTGCCCTTCACCACCAAAGACGATTTGCGCGAGCAATATCCTCTCGGCATGCTGGCCGTGGACCGTTCCGAAGTCCTGCGTTTTCACGGCTCTTCCGGCACCAC
NZ_CP047593.1_gap100	3595153	3596839	1686	ACAAATCGATCCTTAGTGCGCAGCTGCTCTGAACTGCATTGCGGACAGGCCACCGGGCCAACGTACTCGGCATGAATCATCACGCCACCGTGGCGGACTACGGAATGAACCTTGATGCCGGGGCCGACCAGGTCTATCTTCTCTTGGGGCATAGCGATCTCCTTTTTATTCCAACTGCTACCTTAGCAGTCAGGGATCGCCCTTGCCCCCGTCTTTGAGGAAGAGCCTACGCACTTCATCCACCGGAACAGAGGCATAACGGCAGTGCGGAGCCATCGTTCCGACCCGTACCAATCCAGGACGAATCAACCCCTTCGCCGACTTCAATCACTTCACCGACAGTGGCATACCCGGCGTCGAACGGATATGGAAAGTCTTTTTCCCAGGTCGAGCCTGCCGGATAGTCGCCGATGAACGCCGTCGTTTCCGTACCAATGCTGATCAGCGATTTGTGGTTTTTCACCAGCAGCTCGCCGGACCCCGGCTTCGGAATATCCCGGCACTGAAGCTCTGCGGTCTGTTTCTTTGCAAAAACGATAATCGGATTTTTCATTCAACGTCTGCTACTCCTCTGTAGTCTTTAAAGTTATTCAGGTGACGGTTGTTCAAGTCACCGAAACCGATAGCGACATCGGGAAGTAGGACGGACGTATCTCATTTCAATCTTCATCATATAGATCTTTTCTTTTGCAACGAAGAGCTGAAAATCAGTCCCCTTTTGACGATTGAAACGGGGATCATCTCTAGCTGTTTCTGCAGCATGGAAACGTTCACTGCGCAGGTCGTCCGTCAAAAAACGAATTATATTCGGTTTCACCGTCATTACGCAGTCAGTTTTCGGAAGTATTTTATTGCTCCCCAGTCTTGTAGACCTAGCGGCAGGAATCTCTCCACTGCCCGTTTTTTTCGACGATATCAGCAGGGTTCCTATCTTTCCAAGACCTGGGTCAGTTGAATACGTATTCTCGCAAGAAGTGAAACACACACAATCGAACGACACCTTTGACATTAAACAACATTGAGACAATAAACGGTTCATTTTTTTCTTTTTGGCAGCGGCACCCCTTACAACAAAAAGAAGGCTAGCGTGGGTCACAATACGGACAAACAATAATAGCTTTTATCGGTCTATGATCCACACCGTATCCTGCTAATCTTTAGTGATTATTACTTGTACATCATGAACAGTTCCATCGCCTATGACAGGCATAACATTGCCTTCCAGCACCACGCCATTAACTGTTATATGAGTTATACCAGTACCAAGTCCATCAGGATTATGAATTTCAATATTGTAAATATCACCACGAAAATAACGTGATATTTTACATGCTTTCCAACCAGTTGGCAAACAAGGATCTATCTTTAAACCATCATAGTCCGCCTGAACCCCCAAAATGCCCTGAGTCATACCTGCTAAATTGGATGCAGCAGATCCTGTAAGCCAAGAATTGCGAGCCTCTCCGCAGTATGCCGACTCCGGACCGGCAATCATTTGGCTGTAGATATAAGGTTCTGCTCGATGCACTTCACTGAGATTTTCCCGCTTAATTGGGCAGATAGCATTGTAATATTCCAGAGCACGATCTCCACGCCCGAGCTTACACTCGGCGGAGATTGCCCAACCATTCGGCTGACAGAAAACACTTCCGTTTTCCTTCAGACCCGGAGGAACTGTTGTCATTT
NZ_CP047593.1_gap101	3599430	3602155	2725	CTCGCTGTTCTATTACCTGCCCAAAGGTGAGCCGGAAGAGAACCTGCGAATCATGCGGGAAATCGACAGGTTGCATATGGAGGATGCTACCGCCGGATCGCGGCGGATGCGCAATTATCTTTGGCGCAGAGGCTGGCCGAAGATCGGGCGGGGCCGGGTTAAACGGCTTATGCGTCTGATAGGCATCGAGACGGTTTATCCGCGCAAGCACACGACGATTCCCGGCGGGCCATCGGGCATTTATCCCTATCGGCTGAGGGGGCTAAAAATCGACCGTCCGAATCAGGTCTGGTGTGCAGATATCACCTACATCCCGATGGCCAAAGGCTTTATGTATCTGTTTGCAGTGATGGACTGGCATTCGCGCAAGGTCCTGGCATGGGAGCTGTCCAACACGCTGGATACCGGCTTCTGCCTGTGAGCGTTGAATAAAGCCGTTGAATCGGTCGGCAGGTAGTGTCCAGAATCTTTCGCACTTTCGTTTTGGAGTTCTCCATAAATTCTGTTGTTCGGGGCGGCCTCTGGGCTTCGGGCCAACGAGAATGGGTCATATAACTCGTCGGAGTTGGGTCGAAGCCCGAGGCCGCCTATGCGGCATTCTTCTTGAGTTGTTCCAGTTCGTAGAGTCGGGTCATGTTCAGGTAGCGGCGCGTCCCCCATTTGGTGCCTGCGATGTGGCGTAGACGAGCTGCGACCAGCATCAGCGCGGACTGTCCGTCAGGAAAGCTGCCGACTACGCGGGTACGTCGCCGGATCTCGCGCATAATCCGCTCCAACGGATTGTTGGTGCGGATGCGCCGCCAATGCTCCTCGGGATAGCTCATATAGCTCAGTGTTTCGTCTACGGTTCGTTGCACGTGATCGGCCGCTTTGTTCAGCTTCATGCCTTTTAGCTTTTCTACGACTGCCTGAGCCTTTTCCAAGGCCGCTTCGCGGTCTTCCTGGGCATGAATTGCTTTGAGCATGGCAGCGACTGCTTTGACTTTCTGGCGCGGTACATTCTGGAAGATGTTGCGGTACCAGTGAACCACGCAACGTTGCCAGTCGGCGGATGGATAAACCTCGGCGACCGATTCCACCAACCCAAGGCATTTATCGCTGACGATCAAGCGAACCCCTTTGAGCCCCCGCTCCTTCAGATCGCGCAAGAATGCTTGCCATCCGGCCTTGTCTTCCTTCTCGCCTTCGGCGGCACCAAGAATCTCTCGATAGCCTTCCGCATTGACTCCAATAGCGACCAGAACCGATACGTTCTTCACTTCGCCGCCCCAGCTGCGCTTCAGGCAGATCCCGTCGAGATAGACGTACGGATACTCGCCATCAATCGGGCGTGTCCGCCACTTCTCGATGCGTTCATAAACTTTTTGGTTCAGGTTACTGACCGTTCCCGGGCTGACTCGCGTGCCCCACAGTGCCTGCGTAATATCTTCAACACGGCGAACCGACACCCCGGCCAGATACATCTCCATCAACGCTTCTTCGACGGAGCTTTCACGACGACGATAGCGTTCAATGATCTGTGTCTCAAAGGGAATGCTGCGAAGCTTGGGTACTTTGAGCTTCACACTGCCGGCTTGTGTCTCCAGTCCACGCTCGTAATGGCCCGCACGAGAATCCACCCGATCCGGGCTTCGCTCATAGCGTTTTGCTCCGCACAGGGTATCCGCTTCGGCATCCAGCAGGCCGTTGAGCGTCTCCTCAACGGAGCCTCTCACCAGCTCCTGCAGATGTCCCCGCACAGCCGAGTCGTCAATTTCGATGATCTTTTTCGTGGTATCTTCCGTCGTCTTTTGGTCTCTATCCATTTGGTTCTCCTTGTGTTTGCTGACACACGGCTGGTTTTACCAGCCGGGAGAACCCCAATTCAAATGTGCGAAAGATTTAATACGCTATCGGTCGGCACGGTGCCGGACATTCTCAACACGGATCAAGGATGCCAGTTCACGTCAGATGAGTTGATCGGGCGGCTCAAAGAGCTGGGTATAACAATTAGCATGGACGGCAAAGGCCCTGGCTGGACAACGTGGTCATTGAACGGTTCTGGCGGAGCATCAAGTATGAGGACATCTACCTGAAATCATACGAGAACGGCTGGGAACTTGAACGGAGCATTGAAGCGTATATGATGCGCTACAATTGCAAGCGTCCACACCAGCCGCTTGGGGATGCCACGCCGGAGGAAGTGTATAGAGGCACAGTCGAGCTGGCTGCAGGAAAAAAGACTTTTCATCCCTCCCCCGGGGGAGGGATCGGTTGACAGAAACCGGAGCCTATGCGACACAACTTAAACGGAGCACCGAGTGGTTTAAACCCTGAGTCCACTTCTATACGCTAGATTTTAATTCTAAAAATATATTTTATCACAACTCAGTAGAAATTTTACAAATAAGCATGCAATTTATAACTTCTATTCTAAGCCTTGAGCACCCGTTTCAATCCTGATCAAAGCATCCAACGGCCATCTAATTGGTTTTTTAGAAGGCAAATGCACAGGTCTTATGGCCTCTGTTTGTTTCATATATTTATCTAACTGTACGCATAGAGACTTGGCTTTCTCCATATTGCTTAACAACAGATTATTCGCTTCTGAAACATCTGAACTTAAATTATACAATTCAAATGTTTCATTCAAATGGAAATAAATTAACTTCCAATCCCCCTTAATAATGGCTGTTGAAGGCGTCACACCACCATTTTTAAAATCGGGACCATTAATGGCCTCGCC
NZ_CP047593.1_gap102	3607902	3609100	1198	ACTGCCAGCTATCCCATAACTCGCAGCCCAACTAGCGTAAAAATCAGCAGGACCAAAACCAATACCGTTAGTCAATGTTACATTGATGTAATCAATATTTACAAACTGCCCCTCTCCCCAACTAGCGGAATCTCCTTTAAGTTTATATAAATCAAATCGTGAAAAAACGGTAACATTCCCCATACTTCCAAGAACAATCTGTGTAAAATCAGCGTCTGTATCATATTTCCAATATGAGGCGTAAAGTCCGCTGTCAAAATCCAAAACAGTCCGCAAAACTACCCCAGTTGTCCCTGTAAGCGATACAAGCGTATTACCTGCTGAACCTTCGCCTGTTGCATATGACCCAAGACTGACATAATTAGAAATTACCGCAAATTGACAATCGACAATCACTCCAGGCCCCTCAGCAACACCAACAGAAACTACAGCATTGCTTGCGGTGGCAGCAGACAAATCCCAAGAATCAACACGCCATTCAACAATCACAACCCCATTAGAAATAGCCGTAAGTGGAGTGTGCTTCACCCAACGATCAACACTCACATTCTCAAATCGCAAATTCCCATTTCCATCCGTGACCGCATCATCATCAACAAAATCAGCATAAGAAGAGTGATCATTCCCGGTATTCTTCAAATCTCCAATCGCTGTTCCGGCCGAATCATTCATTGTATATTCGATAAAATATGGAGACGGTTCTATGTAAGCAACAGTATAATAATCCATTGCGATAAACTGTCCTTCTCCCCATGTGACATTACCACTTGACAAAACCATTTTATTGATACTGGGAAGTCCACCTAAAGATCGAGCAATACCAGCTGTTCTAAAATCTGAATCCGTATCCCATTTCCAATAAAAATCATATAAACCAGCTTCGATATCGACATCAACTCGAACCACAATACCGGTACCAGCGCTTATGAGCGGAATGGTTGCATCCAGCGGAGTTGATGTATTTTGCCCCCCTTCGGTACCTCCAAATACCGTAAACAACATACCGCCATAACTGTCGTGTCTTCTGAATGTCAGATTAAGAACATTGGCATCCCCTGTCTGCTGCACTAGCCAATTCACATTAGCAAGAGTAAGCGCTGCAGACATATTCCATGAATCAAAACGCATTTCAATCCTATACAGACCGCTGTTCGAATATACCTGACTCAGAGGAAGCCCTGCTGCAGTGCTAAGTGTG
NZ_CP047593.1_gap103	3635723	3640573	4850	TGCTCTTCGGTTGCGATGCCGTAGTGAACCGCCTCAAGGTTGACAAAGGTAAAACCATAGTCGTGCGGAACACCGTCCGCGTCAATTGAGCCGACGAAGCGGCCTGCGGTTTCATTCCAGAACTTCTGATTCGCTGTCACTTTTACATCTGCGGCATGTTTGCGCAGGAATGCCGGATCCATTCCTCCGGGCGCGACTTCTTCGAGTTCAGCCATCGCGAGCAGTGAAGCATAATAATGCGTGGTAGTATACATGTCGTCCCAACCAAACGGAAGCAGGTCCCAGTAGTTACCGCCCTTGCCGTGACCGACATGAAAGGTTTTCGTGCCGTCCGGGGTAACGGTGTATCCCGGTCGCCCGTCATGTCCATGCCACGTGCAGCGGATATGATTCAGTTCCCGGCCGTGCCCCTCTTCCATCATAAAGCGCATCGCCGTGCGCAGGCGCGGCATCATCGTTTCCAGAAAATCCTGATCACCGCTCCATCGGAAATATTCGAACGCCGCCTTAATGTAGATGGCATTATTCACCAGATGCCGCGTATCCCAATGTGTAAACACCGAGCGGATCATTAATGCCTGCCCTTTCTCCAAACCCTGGAAAACAAAACGGATGCGGGTGATTTTGCCGGCCCATTGCGGCTGGTCGAACAAAGGAATGATTGAATGGAACATGCCGGTGCTCTCACTGCGGCCCGGCCCTTCGAGCCAGTCAGCGGAAAAGGCCGTGCGCCGTTCAGGACTCCAGTCCTTATCGCCTTCGCGCATCCACTCGAGGTATCCACCGGCACAATCGGCTTCCCAGCGAATCTGAATATACGGACAGTTAAACGGATCGAGCGTAACATCCTCCGGACTGGTCAGCACCGCCGTTTCACCGAGCGCCTTCAGTTCCCAGGCATTTTTTTTCTGATTAATCCCGCGGCTTTCCACCCCCCGGGAACTCCATCGCTCAGTTGCGGCTTCGCCGAAATGTTCCGGCGCAAATTCGCGCGCCGGGTCGTAACAGATTTCCCATCCGAGCTTGTTGTCATAGAAATGCCATCCGGCAGTCACGCCGCGGAATCCGTTTTCCAGCGGAACCTGCACCCAGTGCGGAAACGGCCAACCCAGATCATGAGAGCTTGCCCCATGCTGTTGCGAAGCCACATAGCCTTTTTTTCCAACCTGATCGGCCAGCAGGTGATCTCGTGTAAATTTCTGAATTGATTCACCTTCACGCTGAGCGTCATTGAGCCAGCAGTCGGAAATCGCCAGATATTCGCGCGGGAAAATCGTTGGACCGATATCAATGCGGTTCGTGAAAAACGACTGCACATAGCCGTTAAACCACGCCGCACTTTGCGGACAGTTCGCGAACTCAAACTGCGTCACATTCTCTCCAACAGTTCCTTTTGAAAATCCGGAAGAAACAGCCCCCAGCAAAACCATCCCGGCAATCACTTTCTTTTTCATTAATACGTACACTCCTTTATGGCTCCGACAAGCGCGTCGAGCTGTTCTTCTGTGGTTGAAATATCCAGATCATGCGAAGAGGCAATCAGTCCGCCGCCCGGCCCGGCCTGTTCAAAAAGATCAAAAACATGGGCGCGGATTTTTTCAGGACTCATCATGTGAATGCGGCCGGTATAGAGCCCCCCGTAGATCCCGGTGCGGCCTTTGTATTCATCGGCGAACGCGCCGACATCCTGCAGGTCAGGCTGCAGCGGATTGAGCATACGGACATTCAGCTCATCGGCAAACAGATCATAAAGCTCTTTCACCTTGCCGTCGGTATGAAAGAAAATCGGCTTGCCGGCAGCATGGGCAACATCAATAACTTTTTTCCAGTGCGGGAGGATGTGTTCGCGCAGCTGTGCAGGCGACATCAGAAGCCCGCTGTTTGCCGCCACATCGTCCATCACATAAAGCGCAGTGATATCCAGTGTGCAGAGCCGCTCCGCCAACACGGCCATAATATCCGACATGCGGTGAAAGAAGACGTCCACCCGTTCCGGCTCGTCCATCAGATCCATGTAAAAATCAGCCTGCGAGATCATCATTTCCACATGCGTCAGCACATTGGGCACGTTGGCAATGACGGCCTTGTCCGGATATTTTTTCAGCATCGCCTCACAGTTCGCCGTCAGGGCCGGATCGTTCGGATCGGGCAGCTCGATATCCGGCGTTTCACTCCAATCTTTGAAAAGCGACTCAACCATCCACGGCGTACCGCACCGTTTCTCAAAACGGCCGGAGGGAAACGGCACCATACTCATCGCTTCGACCACATCCGCACCGAAATGCCTCACGCGGAAGTCCTCGCCGTATTTGGCATTCAGCTCATCCATCCGGAGGCGGTCCATCCAGAAGTTGAACGGCACCCGGTCCGGGATTTCAAAACTAATTGCACGCTCTACACGTTCCCGTGAATTCATGCCTCTCTCCGGCTCATCGCAATTCGTCCGCATTCAGAACGCCATCTGCGTTTACATCCTTTGTTTTAAAATCCGCCCGATAATTTCCGCGATACCCCTCGCGCTGCGCCTGATATTCTTCTTCCGTCAGATTAAACTTTTTCATTAGAAGCGGTTTTTCTCTCACGGTGCGGCCCTCGACAAACTCCTCTTTGGTGAGCATGTCATCACGGGTTGTGTCCATGGCGGCATACATCGCCGGCAACGGCCCGGCTGATACCGGAGCGGATTTTGCAGCAGGCGGCGTTGACTCATTCAAATAAAACTCAAACCACTGCTGCTCTGCATCATTGAGCGGACAGGAACGGAACCCGGCCGGCTTTAATTCCTCCGACCATTTTTTCCACACCTTGCGCAGCTGGTCCGCTTTTTCCGGATACTGCGAAAGCAGGTTTTTATTTTCATGCTCCTGCGTGGACAGGTTGTAGAGCATTTCGCGCCCGTCGGTCAGCGTCATATATTTCCAGTCGCCGCGGCGAACCGCCCCCTGCTCCCAGAATCGCCAGAACAGATTGCGGTCCGGGAAGGATTGATTCGATGTGCCTAAATGAGGCAGAAGGTTGATGCCATCCAGCTCCTCGGGGATCGGCTGGCCGGCTGCAGCCAGCATTGTCGGCGCCACATCGAGCGTACTGACCGGATCGTTGCAAATCTGTCCTGAAGGAACTGTGCCGGGCCACGCAAAGATGTACGGCACATGAACTCCGCCTTCCATGACCATTCCCTTTTCACCAACCCACGGATCATTACGCGAGCCGTCCCACGCACCGCCTTTGAAACTGATCGGAATGTCCTCCATATGCATTTTCAGCGGTGCACCATTGTCAGCGATAAAGAAGATCAGCGTATCGTTTTCAAGCCCGAGCTTTTCAAGACGCTCGCGAATCAGCCCGATACCGTCATCCATCGCGGAAATCATCGCCAGCGCATAACGGCGGCGCTCCGGCATTTCACCGGGGAAGCGGTCCAGATATTTCTGTGTGGCCTCCAGCGGCACATGCGGCGCGAAATAGGCGAGGTAAAGGAAGAACGGATTCTTTTGATTGCGCTCGATAAAGGACAGCGCCGCATCGGTCTGGATCTCCAAACGATAGCCCTCCACATTCTGCCATTCTCCCTCCGGACTGCGGTCTTCGCCATCGAGACCATAGTTAATCCAGTAACGGTTAAGCTCACCTTTGAAAAACTCATCGAAACCGCGGTTCTGCGGATAGTACGGCAGAATCTTTTCAAACGGAAGATGTGTCTTTGCCGTCGCATTTTCGACGCCGAGATTTTCTTTCACCCAAGCCGAATCGATCCAGAACGGTTCCAGGTGCCACTTGCCGATCATGCCGGTGCGGTAGCCGGCGGCTTTCATGCGATCGGCCAGCGTCACTTCATCGAGCGGAAGCGGCCCCATGCCGTTCTGCTGCATGCCGAAGCGCTGCTGGTAGCGGCCGGTCATGACTCCGGCGCGCGACGGGCAGCACTGCGGCGCGGTGGAATACCCGTCATTGCACAGCACGCCGTCACGAGCCAGCTGATCGATGTTCGGGGTTTTCACATCGTCGAGCTGCCCCTGAATACTCATGTCCGCCCATCCATGATCATCGGTGTAAATAACGATGACGTTAGGCTTTTGATCCGCAACAGCCATTGATACCGCAGCTGCGCCAACTGCAGTTGCAAAGTTGATTTTCATTACAAACCTCCGTGATTAATAAAATTCATATGGTGTAATTAACGATCCATCCGGAGTCAGCAGACGGACGTTACGCAGTTCGGCCGCATCGCCGGCGTTCGAAAGCACAAAACGAACGTCCTTAATGCGACTCGGGAAATCCATTTTCACGCGAAAGGTTTTCCAATCATTGGAAAGAGTCTTGTCAGCATTTCTTTCCGGCGCACCAAACTCCGGGGCTCCGTGTGATGTCCACTGGACACGAATGATGTTGCTCTTTTCGGAACGCGCATCAAATTCGATCCATGCGCTGTTCACCAGACTGGGTGTCACTCGAGTACGCACATCGAACTGCGGCTGAGCAGCTTTCATCACCAGCGCTCCGTCTTTTGCAAAAACTCGTCCCTGGCCGGTCGCCGACCAGACGCCGACGGTTCGGCCGTTATACGCCTTGTTGGGATTCGGCTGCAGCGACCCGGTCGTTTTATAGTAGCTGTCGAGCACAGCGGCCATGGCCTGGACTTTTTCCGGATACTGCGCGGTCAAATCCTTCGTTTCCCCGATGTCATCCTTGAGATTGTAAAGCTCATAGCGGGTCTGCTGGTCAGCACCGTCAAACCAGAACTTCAGCAGCTTCCAATCTCCGGAACGAATCCATGTGTTGGGAACGTTCATGGTAGCAGGAACGAAATGGGTGAAATCGCAGATCGTCGGTCCGCGGTCAAACGGTTT
NZ_CP047593.1_gap104	3646271	3650493	4222	CACCGCAGATCGTGTCAAGTGCCGGATCGCACCCGGCCGGAAGGCCTTCAACCTGAACATACCGAAACCCGTGGAAGGTGAAGCGCGGCTGCCAGATTTCCTCGCCGCCGCTGGCGATATAGCGATCAATCGCTTTGGCAGAGCGCAGATTTTCCGTATAGACGCTTCCGTCGTCGTTAAGCATTTCACCATGGCGCAAAACAATCTCTGTCCCGGCGGGCACATCGATTTTAAGTCGAGCAACGCCAACCATATTCTGGCCGAGATCAAAAACAAACACACCGGGGCTCGGCTCGCTGACGCTTTGCGCCGGAAGCTCCGCAATAGTTCGAATCGGCTCCCCGGGATACGGCTCAATGGATTCCGGAAGGCGCTCGTCGCCTTCGCGAAGAACACTCACAGGTTTCCACTTAGAACCATCAAAATCCGGAGTATCCCATCCGGAAATCTCTTTTCGGGAATCATATGTTTCTCCCATGAGCAGGTCCGCCTGCGAAATCGGACCCAAAGCCCCTTTCCATTCCGGGCTCGTTCGAATGGTTTCAAACGTTCCATCTTCATATTCCAGCACCAGCTCACAGGAAAACCACGCATCATGCCCATAGTAGCCCCGGTCGCCAAACGGCCCGAAAAATCCGGCGAACCAGCCCGGCGCCACCAACGCACCCAGCACATTTTTCCCGGGAACAATGCGGTCTGAAACATCAAACGAGTGGACATAAACCCGCTTGCGGTAATCCGTCCAGCCCGGCGGCAGATGAATATCATCAACGGAATCTCCATTCAGGCGCAGTTCAAAAACCCCCAAGGCGGTTGCATGAATAGTTGCCGCACGAACCGCCCCACACACATCAAAGTCCATTCTCAGCAGAGGAGCACCATCTCCCCACCGAAGACGAATCCAGTCATTTTCCCACTTCTCAAACGATCTCTCTTTCAAACTCATAAAAACCTCGCCCCTTCAGGTACTGTAAACAGTTTCATTTATATACCTCTTACCGAAATGGTCAAGAAACAAGATATCAAAAAACATATAAACAGTGTGTATAAGGCTAGATTCAATACATTTTACAGCTTGCCATCAAAACCGTTCTGTGCGTATTTTTCCGTTAAAGATGAAACGTTTACAGTAAACTTTTCACAGGAATAAGGATAAGGAATGGCAGTCAAAGGAAAAAAGAGAAAACGCACAAGCACCCGGGTTACCCTGGAGGATATCGCCCGTTACTGCGATGTCAGCAAAGCAACCGTTTCGCGTGTATTAAATGATCATCTGAACGAATTTCCCGTTTCAGACGAAATGATTACCCGGGTCAAAAATGCCGCCACGCAACTGGGATACCGCCCCAACCGACTGGCCCGCGCCATCCGGAACCAGAGGACCAATCTCATCGGACTTTCTTTTATCCACATTGACTACCAGCACCTCAGCACCGACCAAATTGCCTATGAAAACCAGGTAATGGGCCAGTTTTCCAACATCATCCTGTCACATCCCGGATTTAAAGATTACGACCTCGTCATTCACGACCGCATCGAATCTGCAGATCATCCGTTAAAGGAACGCGATTTCAAATCAGATCTGCTGGAAGGAATGATTTATCTCACCCCCTCCGATACCCATCGCGAATTTCTCGACATTGCCTCTAAAGAGTTTCCGATTGTGCTGCTCGGCCAAACCGAAGAGTCCGAAAAGAAGGTTCCCTGCATCGACATCAACAACCGTAAAATGGCACAGAAAGCAGTCGAGCACCTGATTGAAACCGGATGCAGGAACATCCTGATTCTCATCCCGGAAAAGCTTCAGCATATCAGCTGTATTCAGGACCGAATCAAAGGCTACAATGATGCTTTAACCAAAAACGGCCTGCCAAAACCCGAAGAATTCGTACGCACCGTCCGCAGTCTGAAAGAAAATGTAGAAGCATTTTTTAAACAGTTGCGCTGTCTGGATGAAATCGATGCGATTTTCTGCCCGTCTGATGAATTGGCAGCCCTGTGCATCGCTCCTCTGCAATCTCTGGGGAAGAAAATCCCGGAAGACATTTCGCTGTGCGGATTTGATGACATGCCCGCCGCCCAGCACACGACGCCTCCGATTACAACCGTCCGACGTCCTGTCGACAAGCAGGCTCACGCAGCAATTGACCTGCTGCTGAAAATCCTCAAAAAAGAAACCCCCTACGAGCCGGGCTTCCATGAGATTGAAACCGAACTGATCATCCGTAAGTCCACAGTTAAAGACTGATTACCCGTACAGCCTGCCAACCTCTTCAGCAATAACCTGTACACCTTGCCGAACCACGGCATCGTCCTGAGCATAGGTAACCCGAATACATTCATTTTTGTGCGCCCAGTCATCATTTTCCAGCCCTGGAAAGAAGTGATGTCCAGGAATAACCAGAGTATTGCGGGCTTTAAGCCGCTCATACAACGCGGCACTGCCGCCCGGAAGACCTTCAAACCACAACCACAGGAAAATAGCCCCTTCCGGTTTATGAATCCGGAAAGGAACAGACTCCGGAATCTCTTCACAGAACCATTCCAGCACCTGCTGCGCCTTGCGCTGATAAAACGGTCCAATCAGATCCCGGCTGACCCGCATAATCTCTTTACTGCGCACCAGGTCCATTGCAAACCGTGCCCCCAATCCGCCGGGAGCCAGACACATAATTCCGTTAATATCCCCAATAGCCGCGGCAATCTCCTTGCGGGCAACCACAATCCCTGTGCGAAGATTGGGCAGCCCGAACTTGGACAGGCTCATGCAGACCACCGTATTTTCGTTCCACAGCGGCTGAGCTTCCGTATAAATAATATTCGGGAACGGCGTTCCATAGGCGTTGTCAATAATCAGCGGAATATCCCGCTCTCTTGCCAGCATATCGAGATGTCGCAACTCGTCATCCGTCAGCATATTGCCGGTCGGGTTGGTGGGCCGCGAGACGCAGATCGCTCCGATCTCGTCGCCGATCTCCAAGGTTTGAAAATTGACATGATATTTAAACAGCCGGTCGCCGAGCAGTTCAATAGATGGTCGCTTTGCCGCAAAAAAATCATCCGACAGCCCGGCATCGGCATAACCGATATATTCCGGAGTCAGCGGAAAAAGAATTTTCTTTTTTGATCCATCCGGCATCTCTCCGGCAAACAGATTAAACAGGGAAAAAAATGCGCTTTGACTGCCGTTGGTCAGCGCAATATTTTCAGGACCGATATCCCACCCGAACGATTCCCGCAGCATTTCGGCCAGAGCATCAACAAACGCAGCATTTCCGCGGGAGCCGTCATAATTCCCGATCATCGACTCAAAGGCCCCGGACTCCGCAAGGATGGATTCCATCCTCTCCCGAAAGATTTTCTGAACCTCGGGAATATGAGCCGGATTCCCTCCCCCCAGCATCAGCATATCTCCGCCGGCCATCGCCGCACCCAGATCATCCATCAACTGCGTAATCCCCGCTCCGCGGGTAAACTTCTGACCGAATTTTGAAAGTTTCATAGCGTAAAGTATGATGTGAAACGGTCCTTCATATCAATAAAAACGCCCCGCTTATGCGAGGCGCCCGTTGGAGAGCAAACCTGTGGCGAACAAGCCGTCCACAGAGCGACTGCCGAAAACCAATGACGATCTGCATTTTGTTGAACCAATTCGCATGATCCGCAGTTATACAATCCGACTGCTGCGCCTCCGATGTTCGGACAATGGTTAAGAGGAGGATCAGCCTCCTCTTAACCATTGGAACAATCCGTGCTTTTCTTTGCAACAGACTCCCACAGTTTGGAAATCAAACTTCCAGATTTCCCCAGCCCGGCTGTACAAGCAGGTGCTCCAGCAGCACCGCGCAGGCAACCGCGTCGTAGAGAGCATCATGCGGCCTGCCGCGCGGGCAAAGCTCACACACCCGGGGCATCAGGTTCAATCCTGCAATCAAATCCTCCAGTTTATGCGACGGCGCACCGGGCCAGGCCTGCCGCGCCAGCTTCAGCGTGTCCACCCACGGCCCAAAGCGGTGCATCGGCGCCATCTGCCGCAAAAACTTTTTCTCTACAGCCACATTGTGCGCCACAAGAGGCCGACCGGTGACCCGCGACTCCATGGTTTTCCAAACCCTGGAAACTTCCGGAGCTGCCGCGATTTCATCGCGCCGCTTGTGATGATCACCCGGAGCATAGGCATTGAACGGACGGTTGGCATCCACCCGGATCAGGCTTTCGAACG
NZ_CP047593.1_gap105	3726313	3727588	1275	GCTGAGCATTCTGATCCTGCTGTTTTATTCAATTCTGCTGTATCTCAGCAAAATTATCGTCGCACTGTGGATTGGATCGCTCATTCTGGGTCGAAAAGGTTTTAACAAACGCCGTGTCGGCGGACCAATGGCTCTAGGCATGCTGGTCCTCTACACCCTCACTCTTTTTTCTCCGGGCTCATTCCCGATCAATCTCATAATCATTCTCTTCGGCCTCGGGGCATTGATCACTGCTCTTTTCAAAAAACCGATCCCGATCATTCTTTCACCGGAACCGGCCAACGAAATCAAACAAGGAGACTAAATCATGAATATTCTTACCATCCTAAGCATTATTGTTCTGCTGGTCGCCGCATTCGTCTTCATTATCATCCTGTCAGTGGCCGCTGCCTGGGTGCAGGCGTGGGGCTCCGGCGCCAAAGTCAAAATCTCAAGACTGCTGGGAATGAAAATCCTGCGCAAAGTGCCGGTCATGCTGGTCACTCGTGCACGCATTCAGGCCGCCAAAGCAGGAATTGACATCAATACCGACCTCCTGGAAGCACATTACCTTGCTCGAGGAAACGTGATGAATGTGGTCCAGGCTCTGATTGCTGCCGATAAGGCCAACATTGAACTCAGCTTCCAGCAGGCCGCCGCCATCGATCTCGCCGGCCGCGACATCCTCGATGCCGTCACGACCAGCGTCAACCCCAAGGTGATCGACTGCCCGAATCCTGAAAAAGGCAACGCATTCCTCGACGCTGTGGCGAAAGACGGAATCCGTCTGCTCATCAAAGCCCGCGTGACCGTTCGCACCAACCTTGAACAGCTGGTCGGAGGAGCCACCGAAGAAACCATTATTGCCCGCGTCGGACAGGGAATCGTCAGCGCCGTTGGATCGATGGAGTCCTACAAAAACGTGCTGGAAAACCCGGACCACATCTCTCGCAAAGTACTCGACAGCGGTCTCGACGCACAGACCGCCTTTGAGATTGTTTCCATTGATATCGCCGATGTCTCTGTGGCCGGAACTGCCAATACCGCCAATGTCGGCGCCCAGCTTGAGACCGAACGCGCCGAAGCCGACAAAAAGATGCGTCAGGCCGAAGCCGAAGGGCGCCGCGCCATGGCCATTGCAGCCGAACAGGAAATGCGCGCCCGCGTACAGGAAATGCAGTCTAAAGTAATCGAAGCGCAGGCCCAGGTTCCGCTGGCCATCGCTCAGGCATTTAAAGACGGCAACCTCGGCGTGATGGACTTCTATAAAATGCAGAATGTCATGGCCGACACCTC
NZ_CP047593.1_gap106	3732068	3736576	4508	CCGAACCATTCGCTTCCTATAAAGCCAAAGGAGGGAAAGAAGCAGACACCGTCGGACGAAAATGTCTCTGCAATGCACTCATCGCCAATGTCGGCATGCCGCAGCAGTTGCCCGACGGAACCGATGAGCTGTGCCTGATTACCATGGGGACGGACCTCGCCGGCATTGACCGGTTCTGCACAGACGACAATATCGACTTCTCAGCAGGCGATGTCGTTCGCACACTGCTTAAAACCGAAGATGCTTAGGCCTAAAGACTTGCGGCTGGTTTCGTTCGCAGGTACCTTCTTCGGATGCAAAATCCAACCGCACAACCGCTTTCAGACGTATGCGCGGAAGCCGCGCGCACCGCAGGGCTCCAGACAGTCTGGAAATGCTGAAACCGTTTTTTCAGCAGATTTACAAAAACATACAGCTTATTATTTTTTCCTCCACGTTCCACGAAATCGGGAATTTGATCTGTTCTGTACGATTCAAATACGATAGCTTTTTACAAAGATTTCCTGCATCTGTATTGATTGAATATAAACTGGAGTAATAATATCAATGAAACCCATTTCTCTGTCTTTCCTGGCAACCGTCCTTCTAATTCAGCTAGCAACAGGAGCTCTACCCGATCTAACAGAACAGGAATTTGCGGATCCCCCGAACAATGCCCGGCCTTTCACCTGGTGGCACTGGATGAACGGAAACGTGACAAAATACGGAATCACACAGGATCTGGAAGCCATGAAACGGGTGGGAATCGGCGGGTTTCATCTCTTTAACATCGACGCAGGCATTCCCAGGGGACCCGTCGATTACTGGAGTCCGGAATGGTTCAGTCTTCTGAAATACGCGGGCGACGAGGCATCCCGATTGAATCTGGAAATGACCTTTCACAACTGCGCAGGCTGGCAGGCCGCCGGTGGTCCATGGATTACACCGGATATGGGCCATCAGCAGGTGGTCTGGACCGAAAATACCGTCCGAAGGGGCCAACCCGTCATCCTACCTAAATTCACAACTCAACGGAACCCGCAGGTTCCGTTGGTTGAACTGATCAAAGGATTCGGACTGAATCCGGATGAGATTAAACAGGAAGTCCTGACAGATCGCTATTATCGCGATATCGATGTGCTGGCATTTCCGACGCCAAAACGTTCTTCCGTCGATCAGGAGTTCCGACTCAACCGCTGGAAGGAAAAAGCCGGGTTCGTCTGCCATAGAGAACCCCCGGCTCAACAGGGAAAAACCGACTCCATCATTCAAAAAGATGATATTCTGATCCTTTCAGAGCGAATGAGTCCAGACGGCACACTGGACTGGACGCCACCTGACAACCAGGAATGGACGGTCATCCGCTTCGGGTACGCTCCGACCGGAAAACATATTCATCCCGCCCCCCCCGGAGCACTCGGATTTGAATTCGACAAAATGAGCCGGGCAGCGGCAACCCTTCATTTTCAGAAAGGGTTGCTGCCCATTATTAACCTGCTGAACGGTGACCGAAAACAACGGCTCAAGGCCGTCCTCGTCGACAGCTATGAAGCGAAAGAACTGAACTGGACGCCGCTCATGCCGCAGAATTTCCGGGAACTGCGCGGTTACGAACTGACACGCTACCTGCCGGCACTGACCGGTCGGGTCGTAAACAGCATTGATGAAACCGAACATTTTCTCTGGGACTGGCGCCGAACAATCTCTGATCTGATCGTACAGAACTTTTACGAATACATGACTGAACAGTGCCATGAATTCGACATTGAACTGGTCTCGGAAGCCAACGGCATGAACACCCAGTTCAATGCATTTGATGCGGCTTCTCCATTGGACATGCCGATGTGCGAATTCTGGGCCGACCGCCCCGTTTGGGGGGCGCATAAACCCATCACCACGCTTCGAGACCTCCGGGGACTTCATTACGTCGGCGCCGAAGCATTTACTCATGGCGGAAGGTCGGATCTTTCGCCCTACCAAACGCATCCGGCCCTCTTTAAAATGCAGGGCGACGCGAATTTCGCTCTCGGTGTTAACAGGTTTATCTTTCACACATGGAGTCATCAGCCGTTTGACTGCAGTCTCGCCACACCGGTCATGAGTATGGGACCGTTCGGCACACACTTTAACCGTAACAATACATGGTTTGAACAGTCCTCCGCCTGGTTGAAATACCTCGCCCGATGCCAGTACATGCTGCAGAAAGGACGCCTCTCCGCCGACGTCTGCTACTTCGTCGGCGATTCACCTAAAGACGGATTTAATATGGGGTTCTCGCGAACCGAATTCGAAAAAGGATCCCCTCGCGGCCAGTTCAACCGGGTTGGCCACAATCAGGTCATTCGCAGTTATGATTACGACTTCCATACGGTGAACGGTCGGTTGCTTCAGGAAATGTATGCGGCGACGGACGGACGACTGACCCACCCCAACGGCATGAACTATCACTGCCTTGTCATCACGGACCCCACACGCAAAATATACCCAGAAACGCTTAAACATATTGAAAAGCTCGTCCGGAACGGCGTAACGCTCGTCGGCGACCGTCCAGCCCGGGAATGTTTCACGCTCGAAGAAAACAGCCGGAATTATGAAAAAACAGTCGAGCGGCTTTTTCCAAGCTCCGGAACTTCCATTGGAAAAGGAAACGTCTTCCCGGCACAAAAAGACCTCAGCTTTTTTCTCAAAGAACAGGGACTGCATCCCGACCTGGAAATGGAACCGAAGGACCGGATCAACGATGTTCTGTTCATGCACCGGATTGTACAGGATGAAAACATGGAATTCTACTTCCTGACGAACCTGCGCGACCATCCTGTTTCCGGCAGTTTCACATTCCGGATCGAGGGAAAGATCCCGGAAATCTGGACCCCTGAAACCGGCATATCAGAGGATGCCCCGGCCTATAAAAACACAGCAGATGGAAGAACCCGCCTGAATCTGTCATTTAAAGAAAATGAATCCCTCTTTGTTGTATTCCGCAAAAATATTCCGCCGGAAATTCATCCGGTGCAATTTGACGCTGACAGCGCCATCATCAAAAAACTGAATGACGGCCGCCTAATGATCAAAAACAGAACAGCGGAAACCGTCCGGATTGTACTCTCTTCCGGAAAAGAGCGAACCGTTTCGCTTTCCGACGCCCGTCCCCTTGAAGAACTGACCGAATGGTCCCTCAGCTTCCCGCCCGAATGGGGCGGCAGGCAGGACATCCGGCTCCCGGCGCTGACAGACTGGACTGCACTCGACCGCTTTGATGAAAAATATTTTTCAGGCACCGCAGTGTATAATACCGAACTGAATCTGCCTGACAGCTATCAGAAAGACCGCGAAGGCCTCCTGCTGGATCTCGGCGACGTGGAAGTCATCGCGGAAGTCTTTCTGAACGGAAAAGACCTGGGTGTTCTGTGGCACCGCCCGTTTGAAATCGACATTTCAGATGCCGTCAAGCCCGGCCGGAACCGGCTGCAGATTAAAATCACCAACACGTGGAACAACCGCTTATGCGGTGATGCAAAACTGCCGGAAGAAAACAAGCAGCAGACCATCCAGTGGCTCTATGGCAAAGCAGCCTCCCGTCCTGAAACCGCACGAAAATCATTCTCGATATTCAACGCCTACCCGAAAAACAGCGGCCAATTGATCCCGGCCGGCCTGCTGGGCCCGGTACATCTGATTCCGTACAACAAAACAATAATTGACCAGTAAACCCCTCTTACCAAAAGATCGGCAGACGGTTATTCCTCTCAAACCGGTTTTTCAGCAGACTTGCGAAAGTACCGGCGCACAGGTACCTTCTTCGGATGCAAAACCCAACGACTCAACAGCTTTTAGACGTATGCATGGAAGCCGCGCGCACCGCAGGACTCCATGCACTCAAAAACATACACCGTCGCGAAGAAACGTTGGCGACCTTCGACCATGACATCAAGTTGGTGATGGATCGAGAATGCCAGACGATCGCGGAAGAAATCGTCCATTCACATTTTCCGGAACATGCAATTCTCGGCGAAGAAGGCGCCATCAGCAAAGAACACGAATTTGAGTGGATCATCGACCCCATCGACGGCACGGCAAACTACACTCGCGGCATCCCGACGTGGTGCTGCTCCATTGCTGTGCGCCGCAACCAGACCATGCTGGCAGGCTGCGTCTACGTCCCCGATCTGGATGAGTGCTTTACCGCAACCTTGGACGGACCCGCCCTGCTCAATGGAGACCCCATCCAAGTCTCGAACATTCCAACCCTTGAAAAAGCCACCTTTTTCGGCGGATTCACCAAAGATATCGACCCGCGCGCAGTTCGCCTGGTCGCAGACCTGTCACCGCGCGTCAGCAAACTTCGCATCATCGGCTGTGCCGCCATCGACACCTGCCATGTCGCCTGCGGCCGCTCCGACGCCTACTACGAGCCAGGGCTCTACATCTGGGATGTTGCCGCGGCCGGGCTGATCGCCGAACGCGCCGGCGCCGTCATCACCGAATGGCCGCGTAACGAAGAGCACGGATGCCGCTTTCTCTGTTCGACT
NZ_CP047593.1_gap107	3882176	3882676	500	CCCGCAATATCCAGCATATTCAAAAAGCAGTTACCTCGATAAACCTCGATGAAAAAACGGTGACTGCAGATCATGCAACCTATCCTTTCGATTTCCTGCTGATTGCCAGCGGTTCTGTTGCTGATTTCCACGGATTCGACCAGCACCTTGATGCCGTCCACAAACTGGACTCACTGGAATCCGCCCTGCGTATTCGAGACATGTTCAAAACATACCTGTCCTGCAGCAAAGCCCCGCACCTCGTAATTGCCGGCGGAGGCTATACAGGGCTTGAACTGGCAGCCTCGTTGCGTTTCCGGTCGATCGCAGACGGCACCCCCAGCAAAGTCACCATTGCCGACCCCTCCAACCAGATCCTTCCCTTTCTCTCACAAGTTGAGCATGACCGGATCACTGACTTCCTGAAGAAAAACAATATCACGGTTCTAAATCAGTCCAAGGTCACCTCTTTTGACGGACAAAATGTTGATATTGGCGACCAAATGATCGAAAAGGCGTTT
