gap_id	start	end	length	sequence
NZ_CP039489.1_gap1	7986	12025	4039	TGTAGCTGACTGGCGTAGGTTCTTATTTTCTCGCGGCTTTTGCCGCCAAGCATTTTATACAGCGGCACGCCCCACGCTTTGCCTTTGATATCCCACAGCGCGATATCGATGCCGCTCATCGCCGCGGAAAAGATGCCGCCGCCGCCCTGCCCCCAGAAGGTTTTTTTGAGCATCTTTTCCCAGATAGCTTCGTTATTCATCGGGTCCATGCCGATGATAATGGCGGCTAAATCTTTTGCCATGCCGATGCCTGCGGAGGCACCGACGCCGTAGGCCAACCCGACTTCGCCAAAACCGGAAATGCCCTCATCGGTATTAATTTTTACCACCACCGGACGCCATTTGCTGGTGGCGGACGCAAAATCGTTCGCCACATCAATAATATCAACGCTGGTAATTTTCATCATTTACTCCTCGTAATTAATATTTTTTAATCGTTAAGATTAATGCCGATACCACGGCGATAGCGCTGATAAAAACCAGGCATAGTAAGCCGCCGGTATAAGTTCCAGTGATAGAAATAAATAAGCCGATAAATACGGGGGATAATGAAGAGAGTCCATTGGCGACGCCGTTCATTACGCCGCTGGCGGCGGAAATAGATTTTCCGGGTATCATTCCCTGTAATAACGTCCAGGCAACGGGTGTACCCATCGTACAGAAAGCAACAGCAAAGGAGAGGAGTACCGCTGACATATATTTATGTTCGGTTATGGTGCCGAAATAGATACTGACGCCAGCGAAAAACATTAATACCATTAATATGGGGGCGCTGCGTCCTATTTTATCGACGAAGACGCCTGCGGCCGCTTTGGCAAATATCGACAGGACAAAGGGAAGCGACGCCAGCCAGCCCATTTCCGCCCAACTGAACCCTCTGGCTGATTTTAGATAGGTCGGCAGCCAGGTAATCATCCCCCAGTACAGGCATTGCAGACACAGATACCACAGCACCAGCAACCAATAGCTGTAGTTGGTAATCACTGGTTTTACCCGCAACATAAAACTTTCGCTGCTGCCTGCGCTTTCCGTTTCCTGCCCGGCTTTGATATAAGCCAGTTCCTGCTCGCTGATACTTTTATGTTGTTCTGGTTTATCAGCAACATATCGCCAAAGTAGCCAGAGTGGGATTAACCCAAGAGCGGCGCATAAAAAGAAGTTGGAGCGCCAGCCGTGGGTGCCTATCCACCAGGTGAAAAAAGGCATCGCAATAGCGGGAGCGACTGACTGGCCGACGATCCACGCCGCGTTTGCTCTGCCGCGTTCCTGCTTCGGGAACCAGTTTTTAATAAATACGCTTTGCAGTGGATAATAAAATCCCTCTCCGATGCCCAGTAATATACGGCAAATAATAATTAGAGCGAATGATGTAGCGACTCCGCCAATCATTAAAGCGATAGTCCAGATCAGAATACAAAGCATCATCGCTTTTCTGGGGCCGAGATAATCACCAAGCGGTGATAATACAACGTTAGCGATACCATAAGCGGCCAGAAAGACGGTCATCATCATGCCGATTTGCAAGGGCATGCCTTCAATACCCATATAGGCTAAGAAGGGTTCATTCGCGGCTAATACCGAAACATTAACGCGATCGAGATAAGCAATAAATATTCCAATAAACAGACAGGCAACGATTAAAAATCTTTTCCTGGTTGGGGGGGCGGTAAGGGCCATCGACATTAGCGATCTCCTTCTCATCGGATAAGGTTATTTTAAAATATAAGTTTTTGTTGATTTTTACTGATTAAGAACCAATCCCATTAGGCTCTAAGTGATGATGTCCAAAGTAGCAATACACATTCTTTTAGAAAAACGGTATTTTCTGTTTGATTAATGAGGTTATCTAATACATCAGGAGGGAGAATACGGCCTGAAAAGGGGAATCCCGTTTGTGAATCTTATCCCCCTTTCTCTCGGATTCTTTGCTGTTTTTTGAGCGGAATCGCGTTAGCATGAGTCAGGACTCATTTAATGCGGGGATTTCATGGCTATCAAACTTATTGCTATCGACATGGATGGCACCCTTCTGCTGCCCGATCACACCATTTCTCCGGCGGTTAAAAACGCGATTGCCGCTGCGCGTGAAAAAGGGGTAAACGTGGTGCTGACCACAGGCCGTCCGTATGCGGGTGTGCACAGTTACCTGAAAGAACTTCACATGGAACAGCCCGGCGATTATTGCATTACCTATAACGGGGCGCTGGTGCAGAAAGCAGGGGACGGCAGTACGGTTGCGCAAACAGCGCTCAGCTATGATGACTACCGTTACCTGGAAAAACTGTCCCGTGAGGTGGGTTCTCACTTCCACGCATTAGACCGAAATACGCTTTATACCGCTAACCGCGATATCAGCTACTACACGGTGCATGAGTCGTATGTGGCGACCATTCCGCTGGTATTTTGTGAAGCGGAGAAGATGGACCCGAACACCCAGTTCCTGAAAGTTATGATGATCGATGAGCCTGCCGTTCTCGACCGGGCGATTGCGCGTATACCGGCAGAGGTGAAGGAAAAGTACACCGTGCTGAAAAGTGCGCCGTACTTCCTTGAAATCCTCGATAAACGGGTTAATAAAGGCACCGGCGTAAAATCACTGGCCGAGGCGCTGGGTATTAAGCCAGAGGAGGTGATGGCGATTGGCGATCAGGAAAACGACATTGCGATGATCGAATACGCCGGCATGGGCGTGGCAATGGACAACGCCATTCCGTCGGTCAAAGAGGTGGCTAACTTTGTGACTAAATCGAACCTTGAAGATGGTGTTGCCTGGGCGATTGAAAAATTTGTGCTGAACCCCGATCACTCATCCGGCCATTTTCCCGCCCGATAAGGCATAGTCGCCATCGGGCAAATACGCGCTTAACGACCCGCACTTGCTGCGGGTTTTTTTATGTCTTTCGTTTACGTCTTATAACGTTCTCATAACCAATTGTCGTTTTTGTGATCTAAATTGTAGTACAACATAATTCTGTTGTACTACATTAATGGCATGATAACGACGGTTGATATCACGCTAGTACTACAAAATTGCGGCGTAATTCAGCTATCGCGGTAAAGTAAGAGAGTTCACATCGAGCACAAGGACTCTCTATGACTCTCAATAAAACCGATCGCATCGTTATCACGCTGGGCAAACAGATTGTCAGCGGTAAATACGTACCCGGTTCGGCGCTGCCAGCGGAAGCGGATCTGTGCGAGGAGTTTGAAACGTCGCGCAACATCATTCGCGAAGTGTTTCGTTCGCTTATGGCGAAGCGGCTAATTGAAATGAAGCGCTATCGCGGCGCGTTTATCGCACCGCGTAACCAGTGGAATTATCTCGATACCGACGTGCTGCAATGGGTGCTGGAAAACGACTACGACCCGAGGCTTATCAGCGCGATGAGCGAAATACGAAACCTGGTGGAGCCAGCAATAGCACGCTGGGCGGCGGAACGGGCAACATCAAGCGATCTGGCTGAAATTGAGTCGGCGCTAAACGACATGATTGCCAACAACCAGGACCGGGAAGCGTTTAACGAGGCGGATATTCGCTATCACGAAGCAGTGTTGCAGTCGGTGCATAACCCGGTACTGCAACAGTTAAATGTAGCGATCAGCTCGCTACAGCGAGCGGTATTTGAACGGACCTGGATGGGCGATGCGGCCAACATGCCGAAAACGCTCCAGGAACATAAGGCGCTATTCGATGCGATACGGCATCAGGATGGCGATGCGGCAGAGCAGGCGGCATTAACCATGATCGCCAGCTCGACACGAAGGTTAAAGGAAATCACATGACAGCTCGCTACATCGCAATTGACTGGGGATCGACCAATCTGCGCGCCTGGCTTTACCAGGGCGACAAATGCCTGGAGAGCAGGCAATCAGAAGCAGGCGTTACACGCCTGAACGGTAAATCTCCTGACGCGGTGTTAGCAGAAGTCACAACACACTGGCGCGACAGCGCCACCCCCGTGGTAATGGCGGGCATGATCGGCAGTAACGTAGGCTGGCAAAATGCGCCTTATCTGCCGGTTCCCGCCCTGTTCTCCGC
NZ_CP039489.1_gap2	16755	21072	4317	CTTCGCTTCAGGGATACCGCATCCGGTATCTTCAACCTCAATAAACCAGCTCTGATCGTCGCAAAACGTGCGCAGCACTATGCTGCCGCGATCGGTAAATTTCGCCGCATTACTTAAAAGATTAATCACAATTTGACGTATCCGGCGCGGATCGCCTTGTAGCGTGGAGGGGAGTTGCTCGCTAAAGTCGGCGATGAGCGCCACCTGCACGCGGCTGTGCATTAAATGCAGCGCGCTATTCAACAATTGTCGCGGTTCAAACGGTTCCTCGCTAATGGAAACGTTGGTGCCGCCTACTTCAATCGCCGAGTAATCAAGAATATCGTTAAGAATCGCCAGTAGCGATTCGCCTGAATCATTAATGGCCTGTAAGTCGTCGCGGTAGTTTGCCATGAGCGGTTTATCGGCCAGCAATTGTACCGTACCGAGAATGCCGTAAAGCGGCGTGCGAATTTCATGGCTCATGGCGGCAAGGAACGTCGATTTCGCCTCGTTGGCCTTTTCCGCTTCGGCGCGCGCCTGCCGGTGTTCCAGCACCAGCGCATGAAGCTCCGCCGTTTGCGAACGCACCTGTTCCGCCAAATCCTCACGATGGCGGTTTAATTTGCGCACGTTGGCGCGAAACGCTTCCATCAGACGGCTGATGGTATCCAGTTCGCTGACGCCAGCCGCCTCCGGAAACGGTGAGTCAATATCGCCCTCCAGTAACCGCTGTAAGGCCTGCGTTTGTTGCGCCAGCGGGCGGGATACGGAACGGTAAACCACTCGCCAAAGAATAAAACTTAATGAGCACAGCGCCAGGATGCCTAAGATCACTAACCCTATTTGCCCACGCTGACTGGCGTGTGTAAGACGCGCTAACCCAGCCTCGTTTCGTTTTTCGATGGCGTTCACCAACTGCGACACTTCCGTACTGAAGCGGGTAAACTGAAAGAGGTTATTGGCCATAAGCGTTTGAAGCTGGTCGCGGATGGCGTTTTCCTTACGAAACAGGGTAACCAGTGTGGTGTACTGGTTTATTTTCTCCAACGCGTCGGCGATTTGGGCGCGAACGGTAGGATCTTCTATACGCTGCTGGCGGCGGGATAAAATTTTAACCAACTGATTAAGTTTTTCATCGGTGTCCTCGGCATCGCTCAGCCCTTGCGCGTCTTTTAAGGTCACAATGAGCTGCTTAAACCGCAGGGCATTGACCCGCAACTCATTCATCTGATTCACATACTCAAGGTCGATATCAATCAGTCGGTCAAGCGCGCGTTCAGCCTGATCCCCTTTACCGCTTTCGATAAGATCGTAAATACCGGCCTGGGTGGCGCCTGCAGATGTCGCTGCATTATTGGCCTGACCGTGAGCCTGGGCGGCAATGCTTTCCGCCGCCTCCGCAATCTGGCGGCTTAACTGCTGTTGCTGTGCGCGCAGCGTGAGAATTTCACCGACCAGCGTTCCCTGTTGCCCAAGCGTTTGCGCAATCTCTTTTTCTTGCCGGGCGATGGCCGAGGTATTAAACCCCTGCTCGCTTAATGCCTGCAAAAGATGGTTAATTTTAAGGCTTTGCGCTTTCAGCATCTTCCCCTGCGCCAGCCAAACGCCCTCACTGTCGGCATTGGTCAGATTTTGCGCGGAAAAGAGCTCGTAAGCGCTGGCTTCGCTTAACTGCCTGGCCATATTCATCGTGGGGAGCAGCGCTTGCGTATTGGTTTGCTCCACCTGACTAATGACGCGCAGGCTTATCCAGCCGATCACGGTGCTGAGCAGGGTGAGCGCCGCCATCAGGGCGAAGGCCAGCCATAATCTGCGGGTCAGTGAAGGCGTTGACATTTATGCGCCGCGGGTGAAATGGGTTGAGTTGCCGCCGGAAAAACCATTAGGATAAAACCTTGTTGCTGGTGGGGCTATCATGCGCGCGCTTATTTCGTTCTTTTTTTTGATAATCATCGTCTCGAATGTAGAAACGGCGTCAGCCGAAACCGGGCTGCTACACTGGACGCGCGCCGATCGGGCGATTCCCTGGCGGCAAACGTCAGTCAATGCGAGTAAACCCTGGAAACTGTGCGCATTATACCCCAGCCTGAAAGATTCTTACTGGTTGTCCGTCAACTACGGGATGCAAAAAGCGGCCAAATTGTATGGCGTTGATTTAAAAGTGCTGGAAGCGAATGGCTATCGGCAACTGGCGACGCAACAACAGCAAATGATGCAATGCCGGGAGTGGGGCGCCGACGCTATTCTGCTTGGCAGCAGTACCGATCGTTTCCCGGAACTGGAACGGTATGCCGGTAATGTGCCGGTTATTGAACTGGTGAACATGATTCACGATGCCAGCGTCGCAACCCGCATTGGTCTGCCGTGGTTTCAGATGGGGTATCTGCCGGGACGTTTCCTGGTGCAGTGGAGCAAAGGAAAAGCGCTTAACGTTTTACTCTTCCCGGGGCCGGAAGAAGCCGGCGGCAGTCAGGAGATGGTGGCGGGTTTTCGTCAGGCAATTAAAGGCAGCGCCATCAACATTGTGGATATCGCCTGGGGCGATAACGACATTGAAGTGCAGCGAAACTTACTCCAGGAAATGCTGGAACGCCATCCGGACGCCAATGTGGTCGCCGGGTCGGCGATAGCGGCGGAGGCGGCGATGGGCGAAGGGCGAAATTTGACGACTCCGCTCACGATCGTCTCATTTTATCTGACGCATCAGGTTTATCGCGGTTTAAAACGCGGCCATATCCTGATGGCGCTCAGCGATCAGATGGCCTGGCAGGGAGAATTAGCGATAACGCAGTCGATTAAGGTCTTACAGGGGCAACCGGTGCCTGAAAATATCAGCCCGCCGGTGCTTATTTTGACGCATAACAACGCCGACAGCGCGCGCGTTCGTCGTTCGCTATCGCCTCCGGGATTTCGGCCCGTCTATTTGTATCAATACACCTCCGAGGCTAAAAAGTAGCCTTCGCCATGCTGTGTGACCAGCAGCTCCGGCGTAATTTTATGGCGTAAGCGGCGAACCAGGACATCAATCGTGCGGAGATCCGGAGTCTCTACGCGGCGGGCGGAAAGCATTCGCAGCAGGCGTTCACGATGCAGCACTTTGCCTGGGTTGGTCACAAAGGCCAGCAGTAGCTCGTACTCCGCGCGCGTAAGCTTAATGGCTTCACCGTTGTACTCCAGCGTGTGATTCATCACGTTCAGGCAGTAGCCGGAAAACATATAGCAGTTTTCACTGGCATTTTGCGGCGTGGGGCGGGCCAGATCGATGCGCCACAAAAGATTTTTCACCCGCACTACCAGCTCGCGCAGTTCCAGCGGCTTGGTGACGTAGTCGTCCGCGCCCATCTCCAGTCCGACGATGCGGTCGATTTGGTCGCAACGCCCCGTCACCAGAATAATGCCCACCGTGGAGCGTTCTCGTAGCGCCCTGGTCAGCATCAACCCGTTTTCATCGGGGAGGTTGATATCCAGCAGGATCAGCGAAACGTGCTCATGCTCCATGATGTCACGCAGGCCCGCGCCGCTGTCGGTCACCGAAACGCGATACCCCTCCTGCTCAAAATAGGCCTGTAATCTGGCCTGAGTAACAGGTTCATCCTCAACAATAACAATGTGATGTGACATCCTGCGCGCGGTCTCTTTCTGTTCATATCTGTTCATATATTGCCGTATCCCGTTCATCCTGACCAGTGACGCTGTTCATATTTGCGGAATAAGATCTGCGCATTAAACCATATAATTACAGGGGCTATTATGCGAAAACTCTGGAGAGCGCTACTCAGGCCAAGCGCCCGTTGGTCGATACTGGCGCTGGTCATTGTCGGGATTGTGATCGGCGTTGCGCTGATCGTGTTACCTCACGTCGGTATCAAACTGACCAGTACGACAGAGTTTTGCGTCAGCTGCCATAGTATGCAGCCGGTGTATCAGGAATATAAACAGTCCGTACATTTCCAGAACGCTTCCGGCGTACGCGCGGAATGCCACGATTGCCATATCCCCCCTGATATTCCAGGCATGGTGAAACGTAAGCTGGAAGCCAGCAACGATCTTTACCAGACATTTATCGCCCACTCGATTGATACCCCGGAAAAATTTGAAGCCAAACGCGCCGAGCTTGCCGAGCGTGAATGGGCGCGCATGAAAGAGAATAACTCCGCGACCTGTCGTTCCTGCCATAACTACGATGCGATGGATCACGCGAAACAGAACCCGGAAGCGGCGCGGCAAATGAAAATCGCCTCGAAAGAAAATCAGTCCTGCATCGACTGCCATAAAGGGATTGCCCACCAGCTACCGGATATGAGCAGCGGTTTCCGCAAACAGTTTGATGAACTG
NZ_CP039489.1_gap3	23921	26504	2583	CGGTAGTTTCCGATCGCTATGCGCCGGGCGTGGCGCGAATTCATGAAGGCGCCTGGTACGATCCTGATAAAGGCGGCGATCTCAACGCGTTGTGTAAGTACGGCAACCCTAACGTATTAACGCTGGATATCGGTACATCACAGCTTGCGCAGGCGACCAGCGCGCATACGACGCTGGTGGAAATTGAAAAATATACCGGCCCTATTGATAACGTCACGGCGTTTAACGGTCCGGTCGAGATGGTCGCGCAGTGTGAATATGTACCCGCATCGCAGGGGAATCCGCATGATTAAGCAGCCAGCGCTTGCTCAGGAACAGTACGCCTGCGTATATGCATGGCTGGCGTTACTCTTTTTCCGGGAAGTGGATGATGAAGGGTTAATACAATTACAGTCCGCGGAGATCGCGGACTGGCTGGCGCTGTTAAAGCGTCAGCCCGCGCTGGCGGCGTCGGTGGCGTTACTCGAACAAAAAATTGCCGCACTTAGCCTGCGCCAGGATGCGCAGCTGGAGCTGGCCGCAGATTTTTGCGGATTGTTCCTGATGACGGATAAAAAATCGGCGTTGCCCTACGCCTCGCAATACCCGCAGCAGGAACCCGGCATGATTAAACATTTATTGCTTGAAGCCGGGATGGAAGTCAACGACGATTTTAAAGAGCCGACCGACCACCTGGCGATTTATCTGGAATTACTCAGCCATTTACATTTTTCATTGGGTGAATCGTTCCAACAACGGAGAATGAATAAATTACGCCAGAAAACATTGTCGTCATTACTGGAATGGCTTCCGGAATTTACAAATAATTGCCTTAAGCATGATCCCTATGGTTTTTATGCTGCGTTAAGTCAATTATTGTTGGCTATCGTTCGTTTTGATGACGGAAAAGAGGATTTATCCATTGTTGCGGCTGAATAAACCCTGTGACGGGCATCGCAAAATAAATCTTACGATAGTCGGGGGTTATCATATCTATAGGTTTAGCCAATTGTAATTATTGATACCAATCAATATCCATGATGGGTTTGTATTTAGTATTGACGGGCCTCATGAGTAAAAAAATAAAATTTAATTAATCATGCCGCAATACCCCATAAGGATAGTGATATGAAAAAAATTACCCTCTATGCGACAACGGTTATCACCGTTGGGCTGTTATGTTATTTAGGTTTGTCCGGGTATGTATGGTATTACGACAAACAGCGCAGTAAAAAAAGCGATGTGCAGGCCTCGGTTGTGGGTGAAAATAATAAAATACTGGGTTATTTCAGGGAGAAAGGATGTGATTATTGTCATACGCCTTCCGCTGAATTACCTTTTTATTCCTCTTTTCCGGTGGCAAAGCAGCTAATGGATTACGATATCCAGCTTGGCTACAAATCGTTTAATCTGGAGGCGGTACGGGCCGCCCTGATTGCGGATACGCCGGTGCCGCAAAGCGAACTGAATAAAATTGAATGGGTTATGCAACATCAGACTATGCCGCCAACCCGCTATGTCGCGCTGCACTGGGCGGGGGGCGTCAGCGATAAAGAGCGTACTGACATCCTGAACTGGATAGCCGATCAGCGTGAGCGCAACTATGCCAGCGCCGATACCGACCCCGCGCACCGGAATGAACCCGTTCAGCCTATTCCGCGCAATATTCCCGTCGATGCGAAAAAAGTCGACTTAGGTTTCCGGCTTTATCATGATGAACGTTTATCCGGCGACAGCACAATATCCTGTGCGCATTGTCACGCGTTAAATGCGGGCGGTGTCGATGGCAGAAAAACCTCAATTGGCGTTGGCGGTGCGGTAGGACCAATAAATGCGCCGACGGTATTCAACTCCGTATTTAATATCGAACAATTTTGGGATGGTCGTGCTGCAACCCTGCAGGAGCAAGCAGGCGGACCACCGTTAAATCCTATTGAAATGGCCTCTAAATCCTGGGATGAAATTATTAGCAAGCTTGATAAAGATCCTGTCCTGAAAAAAGATTTCCAGGCGGTTTATCCGCAAGGATTTACCGGGGAAAATATTACTGATGCGATCGCCGAATTCGAAAAAACGTTGATAACGCCGGATTCCGCCTTTGATAAATGGCTACGTGGAGATGAAAATGCGCTGACCGCGCAACAGAAACACGGTTATCAATTATTTAAAGAGAATAAATGTGCAACCTGTCACGGCGGTATCATTTTAGGCGGGCGCTCTTTTGAACCATTGGGATTAAAGCGAGACTTTAATTTTGGCGAAATTACCGCAGCGGATATTGGTCGTATGAACGTCACCAAAGAGGTTCGCGATAAATTACGGCAAAAAGTCCCGGGCTTACGCAACGTCGCGTTAACGGCGCCTTATTTCCATCGGGGCGACGTACCGACGCTGGATGGCGCGGTAAAACTGATGCTGCGTTACCAGGTTGGCACCGATCTGCCGCAAAACGATATTGACGATATCGTCGCCTTCCTGGAAAGCCTGACCGGTGTTTATACGCCATATCAACCTGAATATGCGCAATGACAATGATGCTTGAAGCCAGAGATCTGTACTGCGAGCGGGACGAGAGGACGCTGTTTCGCGGGCTGTCGTTCACCG
NZ_CP039489.1_gap4	201970	203309	1339	TGGGCGTGCTGCGCATCATTGTTGAGAAGAACCTCGCTCTTGATCTGCAAACGCTGACCGAAGAAGCGGTGCGTCTGTATGGCGACAAGCTGACCAATGCCAACGTAGTCGATGATGTGATCGATTTTATGCTGGGTCGCTTCCGCGCCTGGTATCAGGATGAAGGTTACACCGTCGACACTATCCAGGCGGTACTGGCGCGTCGTCCGACCCGTCCGGCAGATTTTGATGCCCGCATGAAGGCGGTGTCTCATTTCCGCACCCTGGAAGAAGCCTCTGCGCTGGCGGCGGCGAACAAGCGCGTCTCCAACATCCTGGCGAAAGCCACTGAGCCGCTGAACGATATCGTCCACGCCTCCGTACTGAAAGAAGCGGCGGAAATTGAGTTGGCCAGACATCTGGTTGTGCTGCGTGATAAGCTTCAGCCGTACTTTGCCGATGGTCGTTATCAGGAAGCGTTGATTGAGCTGGCGGCACTGCGCGCGCCGGTGGATGAATTCTTCGAAAATGTCATGGTTAACGCGGAAGAGAAAGATATCCGTATCAACCGCCTGACGCTGTTGTCGAAACTTCGCGAACTGTTCCTGCAGGTTGCGGATATTTCGTTACTGCAATAAGCGTTCAGTTAAATAAAAAAAACCTGCTTTCGGGCAGGTTTTTTTTATAACGTAAAGAGTGCTAGTCGATTCGCTAATAATTCTGTAACTCATAGACGCGGTTATTTCTATTGATTGGCAAGAAATATTTCAGGAATACATTAACGCTGGCGGTACGGATATTGGCGTTAGAATAGCTGCGGGTGCTTGAGACTGTTTGTCTCAGGTATTCACCAAAAGGCAGACAGAGAAAATCCCCACCTGACTATACCCAAAATAATTCGAGTTGCTTAAAGGCGGCAAGGGAGTGAGTCCCCAGGAGCATAGATAACTATGTGACTGGGGTGAGCGAGCGTAGCCAACACATAAGCAACTTGAAGTATGAAGGGTATATAAATCAAAAGTGCACTGCGCCCATTATTGATCTCTTCAATAACGAAGCTATCCCCTACAGTATTTCAGAACGTCCAACCATGCCGATGATCGATGACATACTCATGAAGGCATTTGCCAGACTTGATGCGGGTACCAATCCGGTTCTTCATTCAGATCAGGGCTGGCAATACCGTCATTGATGGTACCAGTATCAGTTACGAGAGTTTGGCATCATCCAAAGTATGTCCCGCAAAGGCAACTGCCTTGATAATGCCTGTGCAGAATGTTTTTTCGGGACTTTAAAATCAGAAAGTTTTTACACCAGTAAATTTAAGGATATTGATGAACTTAAGATAGCTATTGAGGAT
NZ_CP039489.1_gap5	215298	216129	831	CCAGCGGAGGCTCAGGAAGAGAATCATGAACCGCTCACGTTTGATATCTTGCACAGCACTGGTGCTGGCGTTGATTGCTCAAAACAGTTTTGCCGGAGGCGTGGCATTAAGCAGCACGCGTGTTATTTATGACGGTAGTAGAAAGGAAGCTTCTCTTACGGTAAATAATAAAAGCACCACGGATGAATTTCTCATTCAGTCATGGATTGATGATGCTAACGGTAATAAAAAGACGCCCTTTATCATCACTCCACCGTTATTTAAATTAAGCCCGACTAAAAATAACGTTTTACGTATTGTTAATACGACGAACACGTTACCGCAGGATCGCGAGTCCGTTTATTGGATTAACGTAAAAGCTATTCCTGCCAAAAGTGAAGACGCGGAAGCTAAAAACGTACTGCAGATCGCCGTACGTACCCGCTTAAAACTGTTCTATCGCCCGGCGGGCCTGAAAGGCAATAGCATGGACGGCTGGAACAAACTGCAGTTCACCAGCGCAGGAGCTAACCAGATCAAAGTGGAAAACCCATCTGCCTTTAACCTGACGTTTAATAAATTTTATGCCAACGGCCGTGATATTGAAAAAACGGGAATGGTTCCGGCAAAAGGCTCATTGAATATTGAACTGCCAGCCGGCACCGGCAAGGTAAGCGAAGTTAAATACAACATTATTAATGACTTTGGCACGGCTGGCGACATGTTGACACAGCGCGTTAACTAACACGTTTTAAAGGATTATTACTATGACATGGACGCATCTTCCTCTGGGCAATAAGACCTCGCGTTTCACGCAGTCTGCGCTTGCGCTGATGATAGCGGGTACGCTCC
NZ_CP039489.1_gap6	259397	260710	1313	CCACAAACGCGATAGCGAAGGTGGCGAGCGATTGTAGCGTTGCCGCAGTGGGATCGCCCTGGGGGAAGAAGATAAGGGGGAACACGATCACCGCTGCGGTGGCGTAAATATAGAAGTCGAAGAACTCAATCGCGGTGCCGATAAGCGAGGCAATAACGACTTTATTGCGTGAGTTTACCGGAACATGTTCCTGTTCATGGTCGAGTGTTGTGGCGGTTGCTTGCATACTATTTTCTTATTTTTAGCGAACGAATAGCCATATTACGCACAGCAAAAGTTATATTTCAATGTGTAACAAAAGCCAAAAATGGTCAAAAAAAGCGCAAAAAGGGGATAATGTTTAAGCCAGCCATTTTGCGTCTATGAAATGCTTCACATAATTTTAGAATTGGTGGATAAAACTGGTTTCGGGTTAAATAAAAGTTAATTACTGGATTTATATGCTGAAACAATGAGATGAGGCGGAAGGACGTGCCTGATTGTACCGCCGGGTACGTTTTGCTTGCCCGGCCTGGGACCACACGCCAGTAGACCGAATGACGACGCCGTGCGTGCCATCCGGCAGCAAGCCGCAGACTAGCGTTGCGTTTTACCCGGCATTCGCGGGTCGTCCTTGTATTCGGCGGTGGCTATCCAGGCCGCGCAGAATAACGTCAGGCGGGCAAAAAAGTAGAAGAACGCCATCAGACCGAGTACGGAGCCAAACGCCGCGCCGGAAGGCGATTTCACCAGTGACGGCAGCGTATAAGTCATAATGATTTTAATCACCTCAAAACCGATAGCGGCGATAAATGTCCCGCGAATCAACGCTTTTTTACGGGGACGATGGCGAGGCAGTCGCCAGAAAATCCAGAAAAAAAGTAGATAGTTGGCAAAAATAGAGATGGCCAGACCGATCAAATGCCAGGCCGGTTTTAACCATTCGATGCTGTCGAGATACAAGGCGGAGATGATCATCTGCTGGGCGGAACCGGCGATGGAAGTAATGGACAGCGTAATGATTAAAGCGATTAATAATCCAATCAGCGAGATAAAATCGCGCAGATATTTGAGCCAGATTTTCTCCTGATCCTGCGGCTTGCGCTCCCAGACGTCCCGTGACTGGGCGCGAATCGCTTCCCGCAGGTTGCCCATCCAGTTAACGCCGGAATAGAGCGCGATACCCAGTCCGACCAGCCCTACCGTGGTACGCTGTTGAACCGCCGTATTAATCGTATTTTTAAGCGTGGACGCCAGCGTAGGATCGCTCACATTCATCAATATCTTGCTGAAAATATCTTCCAGTAGATTAGGGTGCGAGGCGAGGATAAAAC
NZ_CP039489.1_gap7	261785	265447	3662	CATTCCGTCCTGAGTAAGCTGTACCCGCCGGGTGGTGCGGTGGAGCAGGAGGATGCCCAGTTGATGTTCTAACGCTTGTATTTGCCGTGAGACGCTGCCTTTGGGAAGGCCGATATCCTCTGCTGCGCGGGAAAAACTTTCCCGTTCCGCCACGCGTACAAACAATTTCATTGCATATATTTTATCCATCATCAGGCTCTATTATTGTTCTTATTGAAACAGTGACGCTGAAGCGGCTGGTTTTATTGATTTTCTAGCACCTAATAAGCCCTTTCGCAATCATTGCTCGCGTGACGAATACGTCTGATTGCGTTGCGCGGCGGATTTATCGCCTTCCGGCCAGGCATTTTAGCGCCAAAAAGCCGATAAACGGGACGAGAGCGGTAAAACACGCTGATAGCCGCGGGTGTAGTGGGAGAGAGAAATGCATGTACATATACGGTATTGTCATTGACCCATCGTCGCGGTTTTCAGGCGGATTGGTTATTTTTTAACAAAATGTGCTACTTTATTTTTTGTAACACATCAGGTGAAAAGCAGATATTTCCTTTGTGACGCGCCAGGCGTACTCTTCATTAAATTAATATTCAAATTAGCCTTGGCTGTTCGCGCTAATAAGATATTCCTTACTTTAAAAGGCTAATTTTAGCGAATTCTGTAATCCCGATGTTGAAGCTGTAAATATTCATAACCTTTCCCTTCCTCAACCAATGACTATCGGTAAAATGGCCTATACCAAATGGCGACTTCTTATTTTACCCTACGGGTAATACCCTTCCTCATCTTGAGACTATTATCTTACCCAGGTGGAGAAAAGTAATGCAGGTAATCATGTTTGACAGGCAGTCAATATTTATTCATGGAATGAAAATCAGTTTGCAGCAGCACATTCCAGGAATAAGTATCCAGAGTGTCGGTCAGGCAGAAGAACTCTGGCAAAAAATAGAAAGCGCGCCGGATGCGCTGGTCATGCTGGATAGCGGCCTGGATGCTGAATTTTGCCGCGAGGTGTTACAAAGAATCGCGCAGCAATTTCCGGAGGTGAAGATTATTATCACGGCGATGGATGGCAGTCAAAAGTGGCTGCATGAAGTCATGCAATTTAACGTTCAGGCCGTGGTGCCACGCGATTCTGATGCCGAAACCTTTGTCCTTGCGCTCAATGCTGTCGCTCGCGGGATGATGTTTTTACCGGGGGATTGGTTAAATTCAACGGAGCTGGAGTCCCGTGATATAAAAGCGTTAAGCGCCCGCCAGCGGGAAATTTTACAGATGCTTGCCGCAGGAGAATCAAATAAACAAATTGGGCGGGCGTTAAATATTAGTACCGGGACGGTTAAAGCGCATCTGGAGTCGCTTTACCGGCGGCTGGATGTAAAAAATCGTACCCAGGCCGCCATGATGTTAAATGAATCGAATTAACGACGTTAAATTCGCAGTCCGCTTATTTCTGGCTGTGAAATATCACCCGTATTGATTAATGATAAAAAACGCTGATGTCCGATGCTGAACATCAGCGCAATAAGCGTTTCGCGTTGAAACCGATCGTTAAGTTCCGGCAAACAATTCTGTAGCAGTATATCGCAGCTATTGAGGTCATCCAGCAAGAATGCCTCCGCCTGGTCGGGCGTAATGAACGTCAGCGTCTCATCCGGCGTCAACATATGCCCGTAACCAATCACCCAGTTACCCTGCCGATCGCGATACTTTTCCAGCGACAGACCCTGCCACTGTTTAATAAACGCGATGCAGGCGGAGCTAAAGCGAGATGAAATGTGCGGCATGGCATCTTTCTCATAAAAAGCGCGATTATAAAGTGTGCTGCACGCGTGGCTAGCGGTCAGACGGCCAAACGCAGGCAGGGAAAAGGTCTATGCCGTTCAGCGTCACGCCGCGTTGACAGAATGAAAAACTGATGTTTTTAGTTAGTAACCGATCTTCTTATAAATTTGCAATCATTAAGATTAAGTCACTGAAATGTGGCTAAATCTGTTATATCTATGAAAAAACATAATTAAAAGAAAACGAAGATCTCGTCGCGGGATCGTCTTTTTAGGGAAGATAATGACGAATAGCGCTTCGCAGGCGACACGCGCGCCTTTTGAACATAGCCTGGGGATTATCCGCCAGGCATCAATAGAAATCCTGCTGCTGCTGGGTATTCATACCACAGAGGGAAAAGAGCCCCGGTGGTTCATGGAACAACTTGAGCAGGCGCGTCTTAACCTGGGCGGTTGGGGCGCGGTGGCGAAAAAATTGCGGATAAATGACGCGCAGTTGAGCCAGTTTATGCTGCAACTGCGTCACCTTCAGCAGCATGTTCCCCAGTATGACAGCGGGCAAGAGGTGAGCGAAAATCAACTCCTTGCCGCGTTGCGTTTTGTCACCTCGCTGGAACATCTACGTCAGCAGCAGCCGCTACTGACGTATCAAACTGAGCTGGAAGAACCCGACCAGGAGGCGCATCTTGAGGCGCAGCGTCAGCTTCGGGCGATAGAACTGACGTTAAAAGCGCTTATTGCGCGCGCATGGCCGGATCGGGCGTCGCTGAATCACTACCTCAAGCAACATTTTGGCCCGGACCGTTTGCGCCAGTGGTTAAAACAGGGAGAAGATCAACATGCGCTGGAGGGCATGTTGTTCAGCGAACTGGCGCTTATGGTGGTTGATAAAAAATTGTTTGCCCGTCATTACGTCAGAATTTTTAATGACGCCTCAGCGTTAACGCTGTTCGCCGAGTCGCGCACCACTCTGCGTATGTTTCTGGATGATTGTCGCCTCGCGCGAAACGAGGTTATCGCCAGGCAGCCGCTTACCTCAGCGCAGCTTATGCTGCTAAACGTTCAGTATCAGCAAATCGTTCGGCCCATCCAGCGCGCCTATGCCGAAAAACGTACCCGCGTGAATCCCGCTTCGTTTCTGCTGGCGGATGAACGTGAATTGCGCCAGTTCTGGGAAACCGCGCGGCTTAAAGATCGGCAGGCCGGGGGAGATAAGTATGAGATTAGCGAGAGCATAGAACCACCGCGTAAGCGGCCTCCGCGTACGCCTGAAGAGCGTGAGCAACTTATTTCCGGCGCTTTGTGGGGCGGGGTTGGCGTCATGACGCTGGCGATACTGGCGGGCGCGTTCTGGCTATTTAGTTCGTCGTCGCCAGGCTCCGATAACGGGCAAGCGCCCGCAATGGCGCAGGATGAACCGCCGCGCGAGGCGCCTTCCGCGCGGGAAACGCTCAATCATATGGGGATTACCTGGGATGCGTTTACCATGCGGGCGGCGATAGAGCGCAATGATACGCGGGTGACGGCGCTGTTCCTCCAGGGTGGAATGAACTGGCAGCTCGCGTGGACGGAGCAAGCGTTTGCGGCAGGACATACCGAGGTGCTGCAACTGTTGTTGCGTTATCCCGCGCTGATGGATGAGGTCAAACCCTGCCGACGATTTATCACAACGTTAAGTCATGACATGTCGAGCGGCGCGCCGCTGACCGCGATGCATAAAACCTATTTGCAAACGTTTTGCACCGTTCCGGCTGTTGTGACGCGTCAGCAGCACGATACGGAGCAGGCCCGACTGCGCGCTCAGGCCCGGCCCAGCGCAGACAATAAAAAATGGCTGAAAATTCAGTCAGCCATTTATGATGCGATTCACTGAGGCCGGAG
NZ_CP039489.1_gap8	267045	268417	1372	TCGACATCAATAGTCAGATCTTCAGAAGGCGTGGGGTTTAATTTCTGGTTGAGCATAATGACAAGGACCTCCGGCTTGCGTCGTAAAAGATACGGGTGTTGCCCGGCTGTCTATTAAGCGTAGACATTCGCTTCGATACCTGAGTGGCAAAGTGTGCGGTAGATCACATTTCGCAATTTACCTCTCAAGAAAAACAATTTATAACTTACTGAATAGTATTGCGAAAATCCTATTTTCATGACGCCCGCCCCAGACCTAAAATCAGAACATTCGTTTCATAGCGGTATCACTACGTCACCGCATGGCGTGGATTCACAAGCAAAGGTAACGTAAATAGTTATAATACAAGCTATGGCACCATGATAATACAAATAGATACAAATGATCGAGCAACCCGACAGTAAAAGCGCTAAACCGCTTTATAAGCAGCTTGAAGCCGCCTTAAAAGAGGCCATTGCGCGTGGAGAGTATAAACCAGGCCAGCAGATCCCGACGGAAAATGAACTGAGCGCGCGCTGGCAGGTGAGCAGGGTCACGGTCCGTAAGGCGTTGGATGCGCTGACGCGTGAAAATTTGCTGACCCGTGTCTCCGGCAAAGGCACCTTTGTCTCTGGTGAGAAATTTCAGCGCAGTATGACCGGCATCATGAGTTTCAGCGAGTTATGCCAGTCCCAGGGACGTCGCCCGGGGTCACGCACCATCAAATCCGTTTTTGAATCGGTAGACGATGAGACAAAAGCGTTACTGAATATGAACGATGGCGAAAAAGCGGTCGTCATTGAACGTATCCGCTATGCCGACGATGTGGCGGTATCGCTGGAAACCGTACATCTTCCCCCTCGTTTTGCGTTTTTGCTGGACGAAGATCTTAATAATCACTCTTTGTATGAATGCTTACGCGAGAAACACCACTTATGGTTTACCCACTCCCGTAAGATGATCGAACTGGTTTATGCCAGTTTTGAAGTCGCCCATTATCTTGGCGTCAACGAGGGTTATCCGCTGATCCTGATAAAAAGTGAAATGATTGATAACAAAGGAGAACTCTCCTGCGTTTCGCAACAGTTGATTGTCGGCGATAAAATACGGTTTACCGTATGATGTCAGCATTACGCTAACGAAGAGCAGGCTGAATCGGGATCCAGATCGCGGATCCCGATTTTTTTTGCTTTCCATCTTGATCAAATGTCTTTAAATGTCATATAAAAATAATAATACATTATGAGTCATTTATGGCGAATCCTCGCCTGTATCATTGATGGAACCAGAGGAAAGCATGATGGGTATGAAAGAGACAGTTAGCAATATTGTGACCAGCCAGGCAGAGAAAGGAGGCGTTAAACATGTCTATTATGTGGCGTGCGGCGGTTCT
NZ_CP039489.1_gap9	305155	307687	2532	GTACCGCCTCGCTTAATACGCTGCGCGACCGTATCTCGCAGATTAACGGCATTGACGAAGTCCGCATGGATGATAGCTGGTTTGCGCGCCTGGCGGCGCTCACTGGGCTGGTGGGCCGCGTGTCGGCGATGATCGGCGTGCTGATGGTCGCGGCGGTCTTCCTCGTTATCGGCAACAGCGTGCGCCTGAGCATTTTTGCCCGTCGCGACACCATTAACGTGCAAAAGCTGATTGGCGCGACCGATGGCTTTATCCTGCGTCCGTTCCTCTATGGCGGCGCGTTGCTCGGTTTTTCCGGCGCGTTTCTGTCACTGATATTGTCTGAAATTTTGGTGATGCGTTTATCATCGGCGGTGACTGAAGTGGCGCAGGTCTTCGGCACGAAGTTTGATCTCAATGGCTTATCGTTCGATGAGTGCCTGTTGCTGCTGCTTGTCTGTTCCATGATTGGCTGGATCGCCGCCTGGCTGGCCACGGTGCAACATTTACGTCACTTTACTCCCGATTGATAAAATCGTGGTATAATCTTTCCCTGCAATGGGCTTCCGTTCGCAGGGAAAGAGTCCCTGTTGTCTCTTCCCCGCGCGTCATCTTTATGTCACAAGATTTGTGCAAATTATGCACAGTGTTACATTGAACTTGTGGATAAAATCACTGTCTGATAAAAGAGTGGGTGATATTCTCGTTGCTCATCGGCTTTGGCACGGTTGTTGCTCGCTGACGGTGCCAGGCAATACTGATTGAGAGGATTTGAATGACCAAAGAAATGCAAAATTTAGCTTTAGCCCCTGTTGGCAACCTGGAATCTTATATCCGGGCGGCGAACGCGTGGCCGATGTTATCGGCTGACGAGGAGCGGGCATTGGCTGAAAGGCTGCATTACCAGGGCGATCTGGAAGCAGCTAAAACGCTGATCCTGTCTCACCTGCGCTTTGTTGTTCATATTGCTCGTAACTATGCGGGCTATGGTCTGCCGCAGGCGGATTTGATCCAGGAAGGCAACATCGGCCTGATGAAAGCCGTACGTCGTTTTAACCCGGAAGTAGGCGTGCGCCTGGTTTCTTTCGCCGTACACTGGATTAAAGCAGAAATTCACGAATACGTGCTGCGTAACTGGCGTATCGTTAAAGTTGCAACCACGAAAGCGCAGCGTAAGCTGTTCTTTAATCTGCGTAAAACCAAGCAGCGTCTGGGCTGGTTTAATCAGGATGAGGTTGAAATGGTGGCGCGCGAACTGGGTGTTTCCAGTAAAGACGTGCGTGAGATGGAGTCGCGTATGGCGGCGCAGGACATGACGTTTGACATGTCTTCGGACGATGAGTCCGACAGCCAGCCAATGGCGCCGGTGCTGTATCTGCAGGATAAATCGTCTAACTTTGCCGACGGCATTGAAGACGATAACTGGGAAGAGCAGGCCGCCAACCGACTGACCGACGCGATGCAGGGGCTCGACGAGCGTAGCCAGGATATTATCCGCGCTCGCTGGCTGGACGAAGACAATAAGTCTACGTTGCAGGAGCTGGCCGATCGTTACGGCGTCTCCGCTGAGCGTGTGCGCCAGCTTGAAAAGAACGCCATGAAAAAGCTTCGCGCTGCGATCGAAGCGTAATCTTCGCGAATTGCCAATGAACCCTCGAATGTGAATTCGGGGGTTTTGTTTTTTGTAGGCCGGATAAGACGTTTACGCTGCCATCCGGCAATACGTTTGCCCGATGTCGCTTCGCTTATCGGGCCTACGGACCCTTCCTCTCCCCCACCGACACAAATCTGTTATCTGAATGTAAATTTAGCTATTCCAAAATAATAAAAATCGGGTATGTTTTAGCAGAGTATGCTGCTAAAGCACGGGTAGCTAGCCAATAATCGAAATAAAGTGCTGAATAATAACACCACAACACACGTAACAACCAGAATAATGGGGATTATCAGGATGAATATGAAGGGTAAAACGTTATTGGCAGGATGTATCGCCCTGTCATTAAGCCATATGGCATTCGCAGAGGACATTAAAGTCGCGGTTGTCGGCGCGATGTCCGGTCCGGTGGCGCAGTATGGCGACCAGGAATTTACCGGTGCGGAGCAGGCAATTGCCGATATCAATGCGAAAGGCGGTATTAAAGGCGATAAGCTCGTCGCGGTGAAATATGACGACGCCTGCGACCCGAAACAGGCGGTAGCGGTCGCTAACAAAGTGGTGAACGACGGCATCAAGTATGTTATCGGACACTTATGCTCCTCTTCCACACAGCCAGCCTCTGATATCTACGAAGACGAAGGTATCCTGATGATAACCCCGGCGGCGACCGCGCCGGAGCTGACCGCACGCGGCTATAAGCTGGTTTTGCGCACCACCGGTCTGGACTCTGACCAGGGGCCAACGGCGGCAAAGTATATTCTGGAGAAGGTAAAACCGCAGCGCATCGCGATTATCCACGATAAGCAGCAGTACGGCGAAGGGCTGGCGCGCGCGGTGCAGGACGGTCTGAAGAAAGGCGGCGTTAACGTCGTATTCTTTGACGGCATCACCGCCGG
NZ_CP039489.1_gap10	368605	370549	1944	TTACATCAATGCTCATGGCAAACCGCAGTCTATTGGCGCTGAAACCAAGAGACGTTTGCTGGCGGCGATGCACGGCACGACAACAGGACCACAGGCGGTCGTGCCGAATGTGAAGGTTTATACCGCGGGTAAAAAAATGGCGTTGCCGGTAGAGGGGCGCGGTGAGTTTGCCTGGCTGCTGACTACGGAAGAGGGCGTGCATTACAAAGGGCGCGTGACGGGCGGTAAAAAACTTAACCTGCCGGCTACGTTGCCGGAGGGCTACCACACCCTGACGTTGACCCAGGATGAACAGCGTACGCACTGCCGTATTATCGTCGCCCCGCCGCGATGCTATGAGCCGCAGGCGCTGCTGGAAGGGAAAAAACTGTGGGGGGCCTGCGTCCAGCTTTATACTCTGCGTTCAGAAAAAAACTGGGGTATTGGCGATTTCGGCGATTTGAAGTCGATGCTGGTCGACGTGGCGACACGCGGCGGCGCGTTTATCGGCCTGAATCCGATCCACGCGCTTTATCCGGCGAATCCGGAGAGCGCCAGTCCCTACAGCCCTTCGTCTCGTCGCTGGCTGAACGTGATATATATCGACGTCAACGCCGTCGAAGATTTCCGCCTGAGCGAAGAGGCGCAGGCATGGTGGCAAATGCCCGCCACACAGCAAAAGCTGCGACAGGCGCGCGATGCGCAATGGGTGGATTACGCTACCGTTACCGCGCTGAAAATCACGGCGCTGCGGATGGCGTGGACGCGGTTTGCCGCTCGCGACGATGCGCAAATGGCGGAGTTTCGTCACTTTATCGCCCGCGAAGGCGAGAGCCTTTACTGGCAGGCGGCATTCGACGCGCTGCATGCGTATCAGGTAAAAGAGGATGAGCAGCGCTGGGGCTGGCCAGCCTGGCCGGAGGCGTACCAGTCGGTAGAGTCTCCCGCGGTAAAACAATTCTGTGAAGCGCACCGCGAAGAGGTGGAGTTTTACCTCTGGCTTCAGTGGCTGGCCTGGCGCCAATTCGCCGCCTGCTGGGATACCTGCCAGAGTTTTAAACTACCGATTGGTCTGTACCGCGATCTGGCGGTTGGCGTAGCGGAAGGCGGCGCGGAAACCTGGTGCGACCGGGAGCTGTACTGCCTGAAAGCATCTGTCGGCGCGCCGCCGGATATCCTCGGCCCGCTCGGTCAGAACTGGGGGTTGCCGCCAATGGACCCGCATATCATTGTCGCCCGGGCGTATGAGCCCTTTATCGACCTGCTGCGCGCCAATATGCAAAACTGCGGCGCGTTGCGCATTGACCATGTCATGTCTTTGCTGCGTCTGTGGTGGATACCGTATGGCGAAACAGCGGATCAGGGGGCTTACGTCCATTATCCGGTAGATGATTTGCTTTCTATTCTGGCGCTGGAGAGCCAACGTCACCGCTGTATGGTGATAGGCGAAGATCTGGGGACGGTGCCAGTTGAGATTGTCGGCAAGCTGCGCGATAGCGGGGTCTATTCTTATAAAGTGCTGTGGTTTGAAAATGACCTTGAGAAAAACTTCCGCGCGCCAGGCGCGTATCCGCAACAATCGATGGCTGTCGCCTCGACGCACGATCTCCCCACGCTGCGCGGCTATTGGGAATGCGGTGACCTGACGTTGGGTAAAGCTCTGGGGCTTTATCCGGATGAAGTGATTCTGCGCGGGCTGTATGAGGATCGCGAGCGGGCGAAACAGGGGCTGTTGGACGCGCTGCATAAATATGGCTGTCTGCCAAAACGCGCCGGGCATAAGGCATCGTTAATGTCGATGACGCCAACGCTAAATCGCGGGCTTCAGCGCTACATCGCCGACAGTAACAGCGGTCTGTTGGGGCTTCAGCCGGAGGACTGGCTGGATATGGCCGATCCGGTTAACGTACCGGGCACCAGCGATCAGTATAAAAACTGGCGGCGGAAATTGTCTGCATCTCTTGA
NZ_CP039489.1_gap11	375951	376861	910	AGCGCCAGTAGATCGCGAACCTGTATCAATGAAGCCATTTTTTACATCCCTTAGTGACAATTGCCCGCAGTGCCCGAACAACAGGAACTGACGTTTTTGCGGGTTGCCAGCAGTTCAATGTCTACACGGCTGCGGGCGCGGCGTAACAGGCTTAACACCACAACGTTAAAGACGATCACTGCCAGAATACAGATCAGGCTGTATGTCGGGTGTTGACTGAAGCTGGTAACCTGGTAGAACAGCGTGGCGAGCGAATAGGCGATATTCAGCCCCCACAGGATGGAGAAGCCCATCCAGCCGCGGCTGGACTCGCGGGCGATAGCGCCCATTACCGAGATACACGGTACGTAAAGCAGGACGAAAATCAGGTAACTGTACGCCGCCGCGGCGCTGCCGAATTTTTGATCCATCACGCCCATCGCGCCGGTCGCCATTTCGCCGTCGCCTTTACTCGCTTCGATCGGATTAGCCAGTACGCTCAGGCTAAAGGTGTCTTTCAGGCTTTGCCAGGTATCGTCAACCGCGCCCAGCAGTTCATCGCCGAGGTGAAAGTCGGCAGGATTAAACGCTTCGTCCTGAATATTTTCGGCGGTGTAGAGCGTGTTCAGCGTACCGACGACAACTTCTTTCGCCATGGCGCCCGTAAACAGACCCACGGTCGCTTGCCAGTTATCCTCATGGACGCCGATCGGTTTAAAGACTGGCGTGATGACCCGGCTTACAGAGGCGAGGGCGGAGTCATTAATGTTATCGACGATTTTGCCGCTCAGCGAGAAACTGTTAAACGCGCTCAGGAAAATACTCACGATGATAATGACTTTACCGGCGCGTAGTACAAAACCTTTCAGGCGTTGCCAGGTCTGGATGATCAGGCTCTTGATATGCGGTACGTGGTAAACCGGCAGCTCCA
NZ_CP039489.1_gap12	380568	383377	2809	CTCGCAGTAGCTCTCTTTCGGCGGCTCATCAAACGGTGGGTCGGCATTGAGCGAAAGTTGCAGAATGCCTTCGTTACGACCACGGAACATGGCCAGCGCACGGTGAGACGGGACGTTAGCAATGGGCTCATGATGGTCGAAGTAGTCGCGGAATTTTGCCCCTTCTTCCTCTTTGCCGCTCACGACGGTGGCGACCAGATGGGCGTTCTTCCACAGGTAATCACGCACTTTCGCCAGCAATGCGGCGTCTTCGGCAAAGCGCTCCATCAGAATGTAGCGTGCGCCGTCGAGCGCGGCTTTCGTGTCCGCCACGCCTTTGTCGCCATCAATGTACTTTGCCGCTTCCACGTCAGGATCGTGGGACGGCTCGTTCCAGAGCAGATCGGCCAGCGGCTCAAGGCCGGCTTCAATGGCGATTTGTCCACGGGTGCGGCGTTTAGGTTTATAGGGCAGGTAGAGGTCTTCGAGCTCGGTCTTACTTAACGTAGCGTTGATGGCGCCAGCCAGCTCATCGGTCAGTTTGCCTTGTTCGGAAATGGACTTGAGGATAGCCTGACGCCTGTCTTCCAGCTCACGCAGATAGCCCAGACGCGTTTCCAGGTTACGCAACTGCGTGTCATCCAGACCGCCGGTGATTTCTTTACGATAACGTGCGATAAACGGCACGGTGTTCCCTTCGTCAAGCAGGCGAACGGCAGCTTCAACCTGTCCGGCATTTGCCTGGATTTCACCCGCAATAATGCGGCAGAAAGAATCATTCATCATGGGTTAGCTTCGTCTTCAGGATAAAAATCAGGGGATAGTTATACGGATTGGCTGGCAAAAATGCCAGCCATCAGCGGGGGCTTAGGATTCTTCTTGTCTTATTTGACGTATTCGATCGCATTGACGTACCAGTTTGCTTCGCCGACAGGGGTGTTGACCACCGCCAGATCGCCCACTTCTTTTTTCAGTAGCGCCCGCGCCATCGGCGAGTCGATAGAGATGTAATCCTTACGTCCGAAAATTTCATCGTAGCCGACAATGCGGAACTTCAGCGTATCGCCGTCATCATTTTCAATTTCCACCCAGGCGCCGAAGAAGACTTTGCCCTCCTGCTGCGGGGAATAATCCACGATTTTGAGATTTTCCATGCATTTGGTCAGATATCTGACGCGTCTGTCGATCTCACGCAGGCGCTTTTTATTATACTGATAGTCGGCATTCTCGCTGCGGTCGCCCAGACTCGCAGCCCAGGTCACTTTTTTGGTGACCTCCGGGCGCTCTTCACGCCAGAGATAATTGAGCTCTTGTTTGAGTGTTTCGTACCCTTCGCGGGTGATCAGGGGCGTTTTCATCTCGTTGATTTACCTTTGCTGTCGATATTGCGCACACGGGGTATAACGTGATCGTCCCGACAGAATAAATAATGGGGTTGCCGATTAATTGTATATTTAAGCTGCTGTTAAATATGCTTTGTAACAATTTAGCCTGAAATTCATACCAGAATTTGCTGGTGACTCACGTGAGCTTTTTTAAGAATACACACTTACATTTGTTGCGAACCTTTGGGAGTACAGACAATGCAAGAGAATTATAAGATTCTGGTGGTTGATGACGATATGCGTCTGCGGGCGCTACTGGAACGTTATCTGACCGAGCAGGGCTTCCAGGTTCGAAGCGTCGCTAACGCCGAGCAGATGGATCGTCTGCTGACCCGTGAATCTTTCCATCTCATGGTACTGGATTTAATGCTGCCAGGTGAAGATGGTCTGTCGATTTGTCGTCGCCTGCGTAGTCAAAGTAATCCAATGCCGATCATTATGGTCACGGCGAAGGGTGAAGAAGTTGACCGTATCGTCGGGCTGGAAATCGGCGCCGATGACTACATTCCTAAACCGTTTAACCCGCGCGAGCTGTTGGCGCGTATTCGCGCCGTGCTACGTCGTCAGGCAAACGAACTGCCCGGCGCGCCGTCGCAGGAAGAGGCCGTTATCGCGTTCGGTAAGTTTAAACTGAACCTCGGTACGCGCGAGATGTTCCGTGAAGATGAACCGATGCCGCTGACCAGCGGGGAGTTTGCGGTACTGAAAGCGTTAGTCAGCCATCCGCGCGAGCCGCTCTCTCGCGACAAGCTGATGAATCTGGCCCGTGGTCGCGAGTATTCCGCGATGGAACGCTCCATCGACGTCCAGATCTCCCGCCTGCGCCGTATGGTGGAAGAAGATCCGGCACATCCGCGTTATATTCAGACCGTATGGGGCCTGGGCTACGTCTTCGTACCGGACGGTTCTAAAGCATGAGGCGAATGCGCTTCTCGCCGCGAAGTTCATTTGCCCGCACGCTGTTGCTCATCGTCACCTTGCTGTTCGTCAGCCTGGTGACGACCTACCTGGTGGTGCTGAACTTCGCGATTTTGCCGAGCCTCCAGCAGTTTAATAAGGTTCTGGCTTACGAAGTCCGTATGCTGATGACCGATAAGCTGCAACTGGAGGACGGCACGCAGTTAGTCGTGCCGCCTGCGTTTCGTCGGGAAATCTATCGCGAGCTGGGGATCTCTCTCTACACCAACGAAGCCGCTGAAGAGGCCGGGCTGCGTTGGGCGCAACACTACGAATTCTTAAGCCACCAGATGGCGCAGCAATTAGGCGGCCCGACGGAAGTGCGCGTTGAGGTCAACAAAAGCTCGCCCGTCGTGTGGCTCAAAACCTGGCTGTCGCCCAATATCTGGGTGCGCGTGCCGCTGACCGAGATTCATCAGGGCGATTTTTCTCCGCTTTTCCGTTACACGCTGGCGATCATGCTCCTGGCGATAGGCGGCGCGTGGCTG
NZ_CP039489.1_gap13	401069	403480	2411	AATTGGTTACATGGTGAAGCCGTTGCCGCAGGTATAGTGATGGCTGCGCGCGCATCCGAGCGTTTGGGGCAGTTCAGTTCTGCTGATACGCAGCGCATCATCGCTCTACTCGAACGGGCCGGGCTGCCAGTCAATGGCCCTTGCGAGATGTCCGCGCAGGACTATTTGCCGCACATGCTGCGAGATAAAAAAGTGTTAGCGGGGGAGCTGCGTTTAGTGCTTCCGCTGGCCATAGGGAAAAGTGAAGTGCGCGGCGGAGTGTCGCACGAAGTCGTTCTTAGCGCGATTGCTGACTGTCAGCAGGCGTAACAACAAGAAAGGTCAGACTGATATTGCGTAGCTGTCAGTCTTTTAGCTTCAGGTTATGTGCAATGTCGTAAGCATTAACCTTTGAGTGGGGTGTTAAATGGATGAATTCAAACCAGAAGACGAGCTGAAACCCGATCCCAGCGATCGTCGTACTGGTCGTTCTCGTCAATCTTCAGAACGCGATAGTGAACCGCAGATCAACTTTGATGACGTTGATCTGGATGCCGACGATCGCCGTCCGACGCGTACGCGTAAAGCGCGTAGTGAAGAACCTGAAGTTGAAGAAGAGTACGAATCCGATGAAGACGATACGGTGGACGAAGAGCGTGTTGAACGCCGCCCACGTAAGCGTAAAAAAGCGGCCCATAAGCCAGCCTCTCGTCAGTACATGATGATGGGCGTTGGCGTACTGGTGCTGCTGCTGTTGATTATCGGTATCGGCTCCGCGCTGAAAGCCCCCTCAACGTCTTCCAGCGAGCCGTCGGCCTCTGGCGAAAAGAGTATCGATCTTTCCGGTAACGCCGCCGACCAGGCGAATGCGACCCAGCCTGCGCCGGGCGCCACCTCCGCAGAACAAACCGCGGGCAATACGTCGCAGGATATTTCGTTGCCGCCGATTTCTTCAACGCCGACGCAGGGACAGTCGCCTGTGGTCGCTGACGGTCAGCAGCGCGTGGAAGTGCAGGGCGATCTGAATAATGCGCTGACGCAGAATCCAGAGCAGATGAACAATGTTGCGGTGAACTCTACGTTGCCGACAGAGCCTGCAACCGTCGCGCCAGTTCGCAATGGCAGCACGACGCGTCAGGCGGCGGTTAGCGAACCTGCCGAGCGTCATACCACGCGTCCGGAACGTAAACAGGCCGTCATTGAACCTAAGAAACCGCAGACCACGGCGAAAACCACCACTGCGGAACCGAAGAAACCGGTCGCGCCAGTGAAACGCACGGAACCGGCAGCGCCAGCCGCGACGCCGAAAGCGACCACCACGACGGCTGCGCCGACAGCGACGGCAAGCGCTGCGCCGGTACAAACCGCGAAGCCAGCGCAAGCCTCGACGACGCCTGTCGCAGGCGGCGGGAAAAGCGCCGGCAACGTTGGCGCCTTAAAGAGCGCGCCATCCAGCCACTACACATTGCAGCTCAGTAGTTCTTCAAATTACGACAACCTGAACGGTTGGGCGAAGAAAGAGAACCTGAAAAATTATGTGGTATACGAGACGACGCGTAATGGACAACCGTGGTATGTGCTGGTAACGGGGATGTATGCTTCGAAAGAAGATGCTAAACGTGCGGTGTCCACCTTACCTGCCGATGTGCAGGCGAAAAACCCGTGGGCAAAACCGTTGCATCAGGTTCAGGCCGATCTGAAATAATCCAGGCTGTGTCCTGCAATTGCCTGTGAGTGTCGCTGACAGCTATTTTTGTTCAGGACAGGCGCGAGGGGCGCATTTGCTACCGTCAAATGCGCCGTAAAGCAACGCGGCACAGCCTAAAGCGCAGGATGCTGTCGGAGCTTTCTCCACAGCCGGAGAAGGTGTAATTAGTTAGTCAGCATGAAAAAAAATCGCGCTTTTTTGAAGTGGGCAGGGGGAAAATACCCTCTGCTTGATGATATCAAACGACATTTGCCAAAAGGCGAGTGCCTTGTCGAACCTTTTGTGGGTGCCGGATCGGTGTTTCTTAACACCGACTTTTCTCGTTATATCCTCGCCGATATCAACAGCGACCTTATTAGCCTCTATAACATCGTGAAGTTACGTACTGACGAGTATGTACAGGCTTCGCGCGAGCTGTTTATGCCTGAAACTAACCAGGCTGAGGTCTATTACCAACTCCGTGAGGAGTTCAACACCTGCCAGGACCCCTTTCGTCGGGCGGTACTGTTTTTATATCTGAATCGCTACGGTTATAACGGACTCTGTCGCTATAACTTACGTGGGGAATTTAATGTACCGTTTGGTCGTTATAAAAGACCTTACTTCCCGGAAGCGGAGTTGTACCACTTTGCAGAAAAAGCGCAGAATGCGTTCTTTTACTGTGAGTCATACGCAGACAGTATGGCGCGTGCGGACAAGTCGTCGGTGGTCTATTGCGATCCGC
NZ_CP039489.1_gap14	579584	582688	3104	TTAGTTGTTTTCCTTATTGTGGCAATTGGCCTTGTAGGTCTGATCATGCTACAGCAAGGTAAAGGCGCTGATATGGGAGCCTCCTTCGGAGCAGGCGCTTCCGCTACGCTATTTGGTTCAAGTGGTTCTGGTAACTTCATGACCCGAATGACGGCGGTATTGGCGACGCTGTTCTTCATCATCAGTCTGGTGTTGGGTAATATCAATAGCAACAAAACCAATAAAGGAAGCGAGTGGGAAAATCTGAGCGCGCCGGCGAAGACCGAGCAGACTCAACCTGCTGCACCGGCCCAGCCGACCAGCGATATCCCGCGCTAATAGCAGTATCCGTGCCGAGGTGGTGGAATTGGTAGACACGCTACCTTGAGGTGGTAGTGCCCAATAGGGCTTACGGGTTCAAGTCCCGTCCTCGGTACCAATATTCCGAAAGAAAGACGCTGAAAAGCGTCTTTTTTTTCGTCTGTTGAAACTGCTCTCAGAGAGGAGGTTGAAGCACGCTTACACGCGTCCCTGGCATGGCCCCGTCAATACGTTGAGATAGCCCTACATACATACTCATGTATGTCCTCTCTGGTGATCTCCCTGCGTCAGGTTCACTCCACCGATTACGAGATCATCTTCGTTCATTGAAGCCAGTAGTTGCTCAGCTATAATCTGAAATGCTTGTATCTGTTATCCCCCTCCATATCTTTTGCTCAAGTAGTTTTATCTAATCTTCCTTTGCACTGAGCCGAATATCTAAGGAAGAGATTAATGAGTTTATTTTTCGATCGTGCTGGATTGATTGCTGAATTGCGCACATCCAATTTGAGCTCTGCTATTCAGGAGAAAGTCGTGCAACAGGCACGTGCTGCTATTGCATTTAAACGTTGTCTGCGGGATATGGAAACAGTAAAGGTGGGGGCATCGCGGTTGGGCGGTCTACCCGACTGGCCATTAGGACAAAGCTGGCCTATACGAAAAAAATCGGTTAATGCCACATCTCGCGTACTAAAGCTGAAAGCTGAAAAAACGCGAAATGCCAGGTTTGTTCATGAAATGAAAATGAGTTATGAGCTGCTCAATGAAGGGCGTAAGCTGCTTGGGCAGCCAGCGGAAGATTTTGACGAGGAAAAGTATCGGTTAGTGCAGCAGCGGTTATTAACCGAAATTGACATCCGCATAGAGAATCAGTTGGTTGATTTTCCGCTTGCTTTCGTTGCCCAACTAAACTTGAGTGACCTGGCGTTACTCCCGGGGTTTGATCCACTGCTTCCCAGGCGGGGGTTATTGAGCTTCTTTGTCGATGTTACCTGGGAAGATCGGCAGCCCTTTGTTTTCTGGCACGATGTTGAGGTAGATACATTAAGCACGCTAGCTGTGCCAGATGACTTGCTGGCTTTTTACAATAAGATTGAATTTCGTGAACCATGGCAATTGTGTACACAGGTTGAGTGCCTGGAACCTCTTTCCGTTATCAGTGTTTCGTCAGTCTGCGAGGGGTTAAGCGTTACGCAGCAGAAAGCGTATGAATCATGGTATGACGCGTTAAGTGATTACGAACAGGACAACCCGTATCGAGTTGATGCCTGCTATTCCGGCGATCTTCTGGGAGGGTGGACAATTCCTCTCCAACGTAGTGTGGAAGATGAACTGAATCAAAATGATACAAGGTGGCGACAGCTTTTTAGCTGGGATGAAGAAATTCATTCTACAACAGCATTACTGGCTGTCGCTGGGCCGGATTTTGGCGGGGGCATTGACTATATAATGATGACTGAAAAAGACATGGCTGCACAATGCTTTGACAGGGTGCGAAATGTTGTCCAGTTAGATTAACCGGCAAATCAGCCATTTGCATCAACCTGGGGTGATATTCACAAAAAAGGCCGCTTTCGCGGCCTGTTGCATCAACGACGCGGGCTTATTTGCCTTTGTTTTCCAGATTCTCAACCTGCGGCAGACCGGTCGCGGAAGAGGCGGTTAACAGACCGGCTTTCGCGTAGCCGAACAGTTTCTCGCGGGTATCGGTAATGTCCAGATTACGCATGGTCAGCTGGCCAATACGATCGTCCGGTGAGAACACGGAATCGCCTTTTTCCATGGTCAAACGTTCTGGCTTATAGGTCAGGTTGTCTGACACGGTGTTCAGGATGGAGTAGTCGTTGCCGCGACGCAGTTCCAGCGTCACTTCACCAGTAATCTGGCTGGCGACCCAACGTTGCAGGCCGTCACGCAGCATCAACGCCTGCGAGTCGAACCAGCGGCCCTGATACAGCAGTTTACCCAGCTGACGACCATGAGAATGATACTGTTCAATGGTGTCTTCGTTGTGAATACCGGTCAACAGACGCTCGTAAGCGATGTGCAGCAGCGCCATCCCAGGGGCTTCATAAATACCGCGGCTTTTTGCTTCAATGATGCGGTTTTCAATTTGGTCGCTCATACCCAGGCCGTGACGGCCGCCGATGCGGTTCGCTTCCAGCATCATCTCAACATCATCGCTGAAGGTTTTACCGTTCAGGGCAACAGGGTGACCCTGCTCGAAGCGGACGGTCACAACTTCTGCCGGGATCTTCACGCTCTCGTCCCAGAACTTCACGCCCATAATCGGGTTGACGATCTTGACGCTGGAGTTAAGAAACTCCAGATCTTTCGCTTCATGCGTGGCGCCGAGCATGTTGGAGTCGGTGGAGTAGGCTTTTTCGACTGACATCTTATAGTCGAAACCGCAGGCAATCATAAATTCAGACATCTCATGGCGACCACCCAGCTCATCGATAAAGTCGGTATCCAGCCACGGTTTGTAAATCTGTAATTCAGCATTCGTCAGCAGGCCGTAACGATAGAAACGTTCAATATCGTTGCCTTTATAGGTACTGCCGTCGCCCCAGATATTCACGCCGTCTTCTTTCATCGCGGCGACCAGCATCGTGCCGGTTACGGCACGGCCCAGAGGCGTGGTATTGAAATAGGTCAGTCCGCCAGTCGTATTATGGAAAGCGCCGCACTGAATCGCTGCGATCCCTTCTGCAACCAACTGCTTGCGGCAATCAATCAGGCGAGCATTCTCTGCGCCATACTCCATTGCGCGACGAGGAATGGCGTCATAGTCATCCTCATCC
NZ_CP039489.1_gap15	594326	598254	3928	CCGTCCTGACATCAGCCAGAGCTACTGGACTGTCTGGGGTATGCGTAAAAACGAAGCGCTGGTGCGTTTCCTGGAAGCGGAAGACTTTGATGCGGCGATTATCTTCGTGCGTACCAAAAACGCGACCCTGGAAGTAGCAGAAGCGCTGGAACGTAGCGGCTACAACAGCGCCGCGTTGAATGGCGATATGAACCAGGCGCTGCGTGAGCAGACTCTGGAACGCCTGAAAGATGGTCGTCTGGACATCCTGATCGCTACCGACGTTGCGGCACGTGGTCTGGACGTTGAACGTATCAGCCTGGTGGTGAACTACGATATCCCGATGGACTCCGAGTCCTACGTTCACCGTATCGGTCGTACCGGTCGTGCGGGTCGCGCCGGTCGCGCGCTGCTGTTCGTTGAGAACCGCGAGCGTCGTCTGCTGCGCAACATCGAACGCACCATGAAGCTGACCATTCCTGAAGTGGAACTGCCGAACGCAGAACTGCTGGGTAAACGCCGTCTGGAAAAATTCGCCGCGAAAGTTCAGCAGCAACTGGAAAGCAGCGATCTGGATCAGTACCGTGCGCTGCTGGCGAAAATCCAGCCGTCTGCTGAAGGTGAAGAGCTGGATCTCGAAACGCTGGCTGCCGCACTGCTGAAAATGGCGCAGGGCGAGCGTCCGCTGATTCTGCCGCCGGATGCGCCGATGCGTCCTAAGCGTGAATTCCGTGACCGTGATGACCGTGGTCCGCGCGATCGTAACGACCGTGGCCCGCGTGGCGATCGTGAAGATCGTCCGCGTCGTGAACGTCGTGACGTTGGCGATATGCAGTTATACCGCATTGAAGTGGGCCGTGATGACGGCGTTGAAGTTCGTCATATCGTGGGCGCTATCGCTAACGAAGGCGACATCAGCAGCCGTTACATTGGTAACATTAAGCTGTTCGCGTCTCACTCCACCATCGAGCTGCCGAAAGGTATGCCGGGCGAAGTGCTCCAGCACTTCACGCGTACCCGCATTCTGAACAAGCCGATGAATATGCAGCTGTTGGGTGATGCTGTTCCGCACGCGGGCGGCGAACGTCGCGGCGGTGGTCGTAGCTTCAGTGGCGAACGTCGTGAAGGCGGTCGTAATTTCAGCGGCGAACGTCGTGAAGGCGGTCGTGGTGATGGTCGTCGCTTCAGCGGCGAACGTCGTGAAAGCCGTGGTCCGCGTCGTGATGACTCTACCGGTCGCCGTCGTTTCGGCGGTGATGCGTAACTCACGCTGACCTGCGCATTCACAGCGTAAAGTAAAATATACAGCCCCGATCGTCACAATCGGGGCTTTTTTTATTTCTTTTGTACTCATGTACTGGTACAGTGCAGCGTATTGAGAGATAGTCACATTATAAATGACTGGAGAGAGAGCTGAATGGCAACACTTACCACCACCCAAACGTCACCTTCGCTGCTTGGCGGCGTGGTGATTATCGGCGGCACCATCATTGGCGCGGGGATGTTCTCCCTGCCGGTGGTCATGTCCGGGGCGTGGTTCTTCTGGTCGATGGCGGCGCTGGTCTTTACCTGGTTTTGTATGCTGCACTCCGGGCTGATGATCCTCGAAGCCAACCTTAACTATCGCATTGGTTCGAGTTTTGACACCATCACTAAAGACCTGCTGGGCAAAGGCTGGAACGTTGTCAACGGCATTTCTATTGCCTTTGTGCTCTACATCCTGACTTACGCCTATATCTCGGCGAGCGGCTCAATTCTGCATCATACCTTTGCTGAGATGTCGCTGAACGTTCCGGCGCGAGCGGCAGGTTTTGCCTTTGCGCTGCTGGTGGCGTTTGTCGTGTGGCTGAGTACGAAGGCGGTCAGCCGGATGACGGCGATTGTACTGGGCGCGAAAGTGATTACTTTCTTCCTGACCTTCGGCAGCCTGTTGGGGCACGTTCAGCCTGCCACGTTGTTTAACGTGGCTGAAAGCCACGCGTCATATACGCCGTACCTGCTGATGACGCTGCCATTTTGTCTGGCCTCTTTTGGTTATCACGGTAACGTACCGAGCCTGATGAAATATTACGGCAAAGATCCGCGTACCATCGTCAAATGCCTGATTTATGGGACGTTACTGGCGCTGGCGCTCTATTCCGTCTGGCTGCTGGGGACGATGGGCAACATCCCGCGTCCGGAATTTATCGGCATTGCGCAGAAAGGCGGCAATATTGATGTGCTGGTACAGGCGTTGAGCGGCGTGCTGAACAGCCGCAGCCTGGATCTGCTGCTGGTGGTGTTCTCTAACTTTGCGGTCGCCAGTTCCTTCCTTGGCGTGACGCTGGGGCTGTTTGACTATCTGGCGGATCTGTTTGGTTTTGATGACTCGGCAATGGGGCGTTTTAAAACGGCGCTGCTGACTTTCCTGCCGCCGATGATTGGTGGCCTGCTGTACCCGAACGGTTTTCTGTACGCCATTGGCTATGCAGGTTTAGCTGCAACTATCTGGGCGGCCATTGTGCCTGCGCTGTTGGCACGTAAATCTCGCGAACGTTTCGGCAGCCCGAAATTCCGCGTCTGGGGCGGTAAACCGATGATTGCCCTGATTTTGGTCTTCGGTGTTGGCAACGCGGTTATCCATATTCTGTCGAGCTTTAATTTGCTGCCGGTGTACCAGTAATTGAACGAGCCGGATGAGCTGTTTTCATCCGGCAATATTTCACAAGTCCGCGAAATGGTATCAAATAACTCCCTGTTTATTATAAAGTTCTTCGGCGAGTGCTTCCCCGTGTTCATCGAAAAAAGCATCGGCGATAGTTAAATTTTCTGCCTTAGGATTTGCCGTTATTCTGCTACCATTGGCGTCAAATTCGAGCGCGATGGCGATCTCCGAACCCCACCAGTAATAATAAATTAGCGCAAAATTATTTTCCCCTGGCGTAATAAATTTCTCGATTCCCCGCACACAGGCCATGAGTGGCATGAAGATTTCATAGCTCTCTGAGAGAAATATGTGATCCATCGTGACTATCTGTGTTTCTTTATTAAAGTTGATATGTTCAGCATAAATATTCTTTTCACTTTCACCAGAATTACATGTGGCAAGATTGTTAAGCATTTTTGCAGGATCGCCGTACAACCTTTGCTCCTCAGTAAACCATGGCAACCAGTCGTCATAGTCTTTAATATTTGTTGCCGGTGAATGGAAAAATTTCTTGAGGTTACTCTCGGTAATATGTGCATGAAGAAAAAAGGAAGCAGGTTCACTCATGATGATTTTCTCTGGTAATAAGTCGATTTATTCATATCCCTGTTCGGCCATGATAAAACGATTACTATTTTATAAAAGTACAGAACTGGACCTTTCCTCTATTTCATATCATAGGAAAATATATACTTGAACTGGTTCAGAATAAGCGGAATACGAAAATGGGGCGTAAAGGACTACTCGCTATTGTATTATTGAGCCTGTTTATCGCTTTTATTTTAAAATTTTTCTGGCTCACTCCGTACGATGAAGACGTTTACCTGCCAGTGGAAAAACCTGTCGCATCGTCTTTAAAAATCATTCACCCCGGCGACCAGTTATTTATCCGCATTCTGAAAGCGGAAGATAAGCTGGAACTGTGGGCAAGCGCCAATAACAAGCCTTACAAACTCTACAAAACCTGGACTATATGCGCATGGTCTGGTGGCTTAGGGCCAAAACATAAACAGGGAGATGGTAAAAGCCCGGAAGGCTTTTATGCCACCAACAAAGGGTTGCTTAACCCAAACAGCCGCTATCATCTGGCATTTAATATTGGCTACCCGAATGCTTACGATCGGGCAAATGGCTACACCGGTGATTTCATTATGGTTCACGGGAACTGCGTTTCGGCCGGTTGCTATGCCATGACCGATGCCGGTATTGAAGAGATTTATCAACTGGTGGCGCAGGCGCTAAACAGCGGGCAGAAGAGCGTGC
NZ_CP039489.1_gap16	599798	601369	1571	CATAGCCGCTCATGGTCTGAATACCGTTAAGCACAAACACCTGCTGATTCTCTTGCGAGAGCACGTCACGACCGTTTGGATACTTGATACAGCAGGTTTCGCACTCATCTTTCGGGCGGTCTTCCGAACGGGCGGTAAAGCAGCGAGCGGAGTAGGCCAGCGGCAGATGCCCGTAGCTCAACACTTCCACTTCAAACTGATTGCGGATGCCCAGTTCATCGCACTGATTAAGCAAATTCACCAGCCAGTCGCGGGACAGCTCCACCGGCATACACCAGCGTACCATGCCTTCTTTCAGCAACCGGCGCAGCGTGACCGCGTTGTAGCAGTTCAGCGCATGGCCGGCGACAAACGGCAGTTTGCGCTCGGCGCACAGATTCACCACGCCAAGATCGCTGGCTTCCAGCAGAAAATCGCCGTTGTCCACATAGCGTTTCAGCTCGCTTAATTCAGATGACGCCTGTACCAGCGCCAGGGTGGAGAGCACCACCTGCTTACCGCTGGCGGCGAGGGATTTCGCCATTTCCAGCCAGTCGCCGACTTTGGTCGCGCGACGCTTGCTGCACACCGCTTCGCCCAGATAAATGACATCAGCGCTGCTTTTTGCGGCCTGCTGATAAAAATCTTCCAGCGTCTCTTTCGGCCAGTAATAAAGCACCGGTCCTAAGGAATATTTCATAGCTCCTCTCACTGCCATTTACGGTGATATGCGCCAAGCGTGGTTTGGGTGCCTTCGGACATCGCGCCGAGCGTCTCCATCCAGTCGCGCTGTGGAACGAAGTTTTGCGGGGCGGCTTTGCAGCGATCGATCGCCTGGCGCCACACTTTCGCCACCTGGCTGACATAGGCCGGGCTGCGCTGGCGGCCTTCGATCTTCACCGAAGCGATGTTCGCCGCCATGAGCTCCGGCAGCAGTTCCAGCGTGTTCAGGCTGGTTGGCTCCTCCAGCGCGTGATAGCGCTCGCCGTCCACTAAATAGCGGCCTTTGCACAGCGTTGGGTAGCCCGCGTTTTCGCCATCCTGGTAACGGTCAATCAGGACATCATTCAGGCGCGATTCCAGCCCCTGCGGCGTTTGCTGCCAACGGACAAAGCGGGCGGGCGAGCAGGCGCCGACGGTATTGGGCGACTCCCCCGTCAGGTAGGAAGAAAGATAGCAGCGACCTTCCGCCATAATGCACAGGCTGCCAAACGCGAATACCTCCAGCGGCACCGGCGTGACGCGGGCTAGTTGTTTTACCTGGTGAATCGACAGTACACGCGGCAGTACTACACGGTGGACATCAAAGTTGCGGTGATAAAAGCGAATCGCCTCTTCGTTGGTTGCCGAGGCCTGAACGGAAACATGGCGCTCAATATGCGGGTAACGCTCTGCGGCATATTCCAGCATAGCGAGGTCGGCGAGAATCAACGCGTCGGCGCCAAGCTGCGCCGCCATATCCACGGCGCGCTGCCAGCGGGCATAGCCGTCCGGATGCGCAAAAGTATTAATGGCGATGTGTAATTTGCGGCGATGCTGGTGAACAAAACTCACCGCTTCCTGCAATTTTTTTTCGGTAAAGTTAAGGCCGG
NZ_CP039489.1_gap17	608559	610782	2223	CTGGCGGATATTACCCAGCGTGCGTTGGAGGTGTTACAGGCTGTAGATCTGATTGCCGCCGAGGATACTCGTCACACCGGTTTATTGCTGCAACATTTTGGGATTAATGCCCGATTGTTCGCGCTGCACGACCATAACGAACAACAAAAAGCGGAAACGCTGGTCGCGAAGCTAAAAGAAGGGCAGAACATTGCGCTGGTTTCCGACGCCGGTACGCCGCTGATTAACGATCCGGGCTACCACCTGGTGCGTACCTGCCGTGAAGCGGGGATTCGCGTGGTGCCGCTACCGGGGCCATGTGCGGCGATTACCGCCCTGAGCGCCGCTGGCCTGCCATCTGACCGTTTCTGCTATGAAGGCTTTTTACCGGCGAAATCCAAAGGCCGCCGTGATGCGCTAAAAGCCATTGAAACGGAACCGCGAACGCTGATTTTTTATGAGTCAACCCACCGCCTGTTAGATAGCCTGGAAGATATCGTCGCGGTATTGGGAGAATCCCGTTATGTGGTGCTGGCGCGTGAGCTGACCAAAACCTGGGAAACCATTCACGGCGCGCCGGTTGGCGAGCTGCTGGCGTGGGTCAAAGAAGATGAAAACCGTCGCAAAGGCGAAATGGTGCTGATTGTCGAAGGCCATAAAGCGCAAGAAGACGACCTGCCCGCCGACGCGCTGCGCACGCTGGCGCTGCTACAGGCAGAACTGCCGCTGAAAAAAGCGGCGGCGCTGGCAGCAGAAATTCACGGCGTGAAGAAAAATGCGCTGTATAAGTATGCGCTGGGGCAGCAGGAAGAGTAAAAGCGAGCGCCCGGGAACCGCCTTTTATCGCCATCGCGTTAATACTCAATCAGGTGATTGATGTGGGTAAATTGATGGGAGCATTGGGCGGTGATAGCGGGCCGGGCCTTTCCTTCGGGCTTACTCTCGCGATCAGCAACGCATAACCGACTCCTTTTTAGACGATCATTAATTCCACGCCTGTTTTCGCTAATGCCGCTTTATCCTGTTTGCTGATAGTGTCATCGGTTATCACACAGTTGATCTTGTCCATCGGCAATACCTGGTTAAAGCCGCGACGGTTAAATTTGGTCGCGTCCAGTACCGCGATAACTTTGTGTGCCGCCGCCGCCATGACGCCGCTAATGGAATAACCTTCGTTAAACGTGGTAATACCGTTTGTCGCATCAATACCATCCGCCCCGACAAACATGACATCGGCGCTGATGCCGTGTAGCGATCGTTCCGCAATCGTGCCGTGCATTGAGTGGGTTTTATGCCGTACCGTACCGCCGCAGACCACCAGCGTGAGATCTTTATTTTCTGATAGCGTAAAAGCGGCAGGCAAGCTGTTAGTGATCACCGTAATATTGCTTTTTCGCGCGAGCGCTTCCGCAATCAGTAATGTTGTGCTCCCGCTATCCAGAATGATGGTCATTCCTTCTTCAACCATTGCCGCAGCCGCCTGGGCAATCCGCTTTTTCGGATCGCTGGCGAGTTGATACCGATCTTCCAGAATGACTTCCTGATTGTCGCCTTCCGCCAGATGACTTCCCGGTTTTGCCGCGCCGCCATGAAAACGGGTGACAAGGCCTTTCTCTTCCAGCAGACGCAGGTCAGCACGGATAGTCACTTCAGAAATACCAAAGGTATTTGAAAGGTCCATCACCAGCACGCTGCCTTGCGTATTAATCAGGTCGACAATTTTATTTCTTCGCTCAAATGAGTTCATATTGATTTGCCTGATAATTAACTGTAACTAGTTTAAACGAAGGATTGCGAAAGGTGAACGCTAAATTTCGAAAGGAAATGTGAGCCAGCGCAGGTTGCTGGCTCGTACCATCAGGAAAGTTGAAGTAAGATTTTGCCCTGCATGGGCGCGCCATTAAGCGCTTTGACTGCTTCTGCAAAGCTTTCCGCATCGCCGCGATGGGCAATGAGAGGGGCCAGTTGAAGACGTTTTTCAGCCAACAGGCGCGCTGCGGTTTCCCATTCTTCTCCTGGCCATGGCGCGGAGTAGTTCATCCAACTGCCGAGGAGCGTGAGCTCTTTACGCAAAATTAGCCCGAATGTACGCGTTGTCAGGGTGAGATCGTGATGTAACGTCCCCACCAGCGCCAGTTGCGCGCGCGGCCCGGCGATATCGATAGCCAGCGAGACGGTCTGGGGAGTTCCTGCCGTTTCGAGAACCAGTTGATCAAACTGAATGTCGGACAACGCGGTCTGGAT
NZ_CP039489.1_gap18	613661	617663	4002	CATCCGGCGTGCAACCGAAGCGATAAGCGCGCAGAACATCCTGAATTTTGTCAATAATCAGGTTATGCGGCGTAGGGGTGAGCACGCCCTCAGACAGGCGTTCAAACTGTACGGGCATAAACTGGCTAATTAATCCCAGCGGCAATGTGACGTTGTTCAGATTGGCGATTAACTTCTCTACGCTTTGACGAATACGCGGGTGCGGCCAGTAATAGCGAATACGGTCAGACAAACTAAAGTGGATGTCGACCATCGCCTGGCTCCAGGTTGGACGGTAGTATTTTTTCCAGTAGCCCGGTTCGTTTAGCATAACTTCATCAATGACCTCCAGTACCCGACTACGTTGTTCCGGGGAGATCAGCTCGTTTTCCATTTGCGCAAGTGCGAAAATGGCTTCGCGCAGCGCGAAAGTGAGCGCCGGGCCGACCTTCAGAATGGCGTAATGATCGCGTACCAGCGCACGGTAGGCCTGCCGCGTCTGATAATCAGTCGAATGCGCTTCATAGACCATCGGCGTTTCTTTTATCCATGCGGAGAGCGCCTGTGCCGCCTGCGGCTGATAATGAATAATCTGGGTATGATCAAATTCAACGCCCGGCTGTACCACAATGGCGATCACGCGTGACAGTGCTTCTTCCAGACCTGATTCACGAAACGCGATTTGGTGAGTTTCCAGCGTACGTGCAGCATCGACTTCGCGGGTGACATGAACGCTGCCGATGGTACTGGCTTCACCGCCAGGAACGGGCACTTCCGTGCCGATGACATAAGTCAGATGGCATTTTTGTTCTTCGTTTGCGGTCCCTTCTGCTGCTTTACAAAGCACGGCGGCACGGCGTGCAACGACCATCGGATCCAACGGTGTCGGGTCGTCAGCGCAGGACATTGACGCGTCCAGGTGAATTTTGCTAAAACCAGCGGCGACATACGCTTTTATTAACTCAACCGACTTTTCCATTGCCGCCGCTGCCGGTTCGTTCTGCCAGCAGTTAGGCCCTAAATGATCGCCACCAAGAATCAACCGCTCACGTGGAAATCCCACTTCCTGAGCAATGCCATAAACAAAATCACGAAAATCAGCCGGTTTCATTCCGGTATAACCGCCAAACTGATTCACCTGATTGGATGTGGCTTCAATCAATACCTTGTTGTCAGTATTGAGATCGAAAAGCAGAGCTGATTCGATAACCAGGGGATGAGCAGAACAAACTGAACAGATGCCCAGATGTTCTCCTGCTTTATGACGAGCAATTATTTCTTTCACTTTTATCTCCGAGTTCTTTCGTTTTTCTTCTTCGAAAGAATTTATAGGCTTTCGTAATGTTGTTTTGTGATTTTGATCTGATAAATGAAAGTTGCGAAAGGAAATGTAAGGTAACGAAATGGTGTGTAATGTCTGTAACTTCACTTTGTCATGAAAAACCGTACCCGCCGGAGCGGGCACGGAGGAACAAATGAAGGCTAATTAAACAATCGAGATAGCCAACTGCGCTTTGGCTGCATGACTTCTGGTGGTGGGGTAACGGGAACGGTGATCATCTCGCCTGCACCAGAGGCGATAAGCTCCCCGATTTCACGTAGTGCCTGCTGTGCATCTTCGCCCTGCGCCCGGAACAACAAGCGATGCCCCTTTTTCGCGCCGAGCGACACCACTCGCATCAGGTTTTTCCCGTCCACCGGGCCGGAGGCGTTATCCAGATTTTCTACCGTAATGTGGCTTTGAAACTGTTTGATAAACTTCACCAGTACCGCACTGGGTCTGGCATGTAAACCATGCGGATTATGGATGACAAACGTTGCCTGCTCACCCTCCTGCAACTCCACGGCTGCTGGCGTATTGGTCGTCGATCCAGTCAGTAGCGCTAAAACCTGACTGGGGGATTCGGCTTTAGCCAGTGCTTGCAGAATAGCGTCATCGCTGAGCACGCGAGTCAGTTGGCGCAAAATCTCAAGATGTTCATTGGAGCGCGCGGCAATTCCGGTGACCAGATACGCGGTATTGCCGTCACCCCAGTCAACGCCGTGGCGAAAAACGATTACCTTTACACCGGTTTGTAATACCGCATCGCGAGACTCTGGCGTACCGTGTGGGATCGCGATTCCATTTCCCAGATAAGTGGAAATCTGTGCTTCGCGATCCAACATGCCGCGTAAATAGTCAGTCGTGGTATTGCCAGCCGCAGATAACTTTTCCACCACACGGTGCAGAGCGGTGACTTTATCGAGGCGCTCATCGCTGATAAAAATATCGTGTTCACAGAGCTGCATTCTGACCTCCAGCCTTTGCTACAGGAGTTGTGTTGACTGAATTTTTGCGCACAGCCCACAATCTCCATAGGCCAAGCATCACCGCACCACATGCAGAGCCCGCAAGGATACATAACACCCAGGCCAGCGGCTGACTCACCAAAGGTAAAATTAAGAAGCCGCCGTGAGGAGCCGGAACCTGAATACGCAAGCTGTAGCTAAGTACTGCGGAAATGCTGGAAGCAATCATCATCATCGGGATGACACGCAAAGGATCTTTCGCTGCGAAAGGAATCGCGCCTTCAGTGATGTGTGTACAACCGAGGATATAGTTAACCATGCCTGCGGCACGTTCTTCCTCGCTAAAACCTTTTGGAAAGAAGGTGGTCGCCAGAGCAATTACCAGTGGTGGAGTAATACATGCGGCAGACACACCAGCCATAAAGTAGAAGTTGCCTTGGCCCAGTAAAAGCGTGCCGGTGACATAAGCGGCTTTGTTTACCGGGCCGCCAAAGTCAAAGGAGCACATTGCACCCACCACAATACCCAGCAATATTGGATTCGCTTCCTGTAGCGATGCCAGCCAGTTCATCATGCTATTATTGATAGCTGCGACAGGTTGCCCAAGCAGCGACATCAACACGCCAATAACCAGTACGCCAATGAGCGGCATAATAAAAATCGATTTCAGGCCTTCATACTGACGCGGTAAGCCTTCGAGTCGATTCTTTACCCATAACATCAGGTAACCGGCGGCGAATCCGGCAATTATCCCACCAAGAAATCCTGCGCCGGTAGCATTTGCCAGTAAGCCGCCGACAAATCCAGCCACCATCCCTGGTCTGCCAGAAATAGAGAATGCAATATAAGCGGTAAAGACCGGAACCATAATCGAAAAGGCTTGCTGACCGATTTTCATTAGCATTGCGGCGGTTGCATTGTATTCAGCTGAATTAGGATCAGCGGAATAAATCCCCCATAAAAACGACACCGCAATTAATATGCCTCCGGCAACTACAAAAGGTAGCATATTTGAAACACCACTCATCAGGTGCTTATAAATTTGTCGCCCCAGTGATTCTTTTTCGATAATTTCCGTGCTGGTGGTTGATTCGCCTTTACGTATTGGGGCTTCACCATTAATAACTTTGTTAATCAGCTCCGCAGGATGATGGATTGCTTCTTTTACCGGTACTTCAATAACCGGTAAACCATTAAAGCGATCAGGTAAGACATCTTTATCCGCCGCAATAATGACTCCGGCAATATCTACCAGATCAGCAGGTTGAATAGCATTTTCAACGCCACTGGCACCATTGGTTTCAACTTTTATTTCAACAGATAATTTTTTCGCGGCATTTTTTAAGGCTTCTTCAGCCATAAATGTATGCGCAATACCGGTAGGGCAGCCGGTCACTGCAATGATCTTTTTCATAAGCAGACCTTATATTGTAATTTAACCTACAGCTTTCTGACGTGGATTTGCGAAAGTAAGGTTTCTATTGCCGCAAGTTGGCCTAGTCCGGCAGAACTTGCGACATCAGCTCCTGTTGCACTGGCAAGAGATAAGGCATATTCCACTTCTCCTGTAGATAACCACTGGCTGAGAAAGGCGGCCAGTGCAGCATCGCCTGCACAGGCGGAGCTCACCAAATCAACCGTTGGCGCGCTACAAAACCAGTAATCAATCCCATTGGAGAAATACATTCCTTTAGCGCCAAGGGTTAGCAGAACATTTTGTGCACCAAGTGCATG
NZ_CP039489.1_gap19	620309	622989	2680	AAGATGAAGGACAACGCATGAACATAACAATCGCAACATTGGGTGAATTGCTCGTCGAGTTTCTGGCAAAAAAAGAGAACCAGGGATTTTCCTCACCGGGGGAATTTTGGGGGCCGTATCCCAGTGGGGCGCCTGCCATATTTGCCGATCAGGTTGCTAAACTTGGTTTTCGTTCATTGTTGTTTAGCTGTGTTGGCAACGATGCCTTTGGCGTTATGAATATTACCCGATTGTCGCGCGATGGCGTAAATGTACAGGGAATTTCCGTACTGCCGAACGCCACAACAGGTAGTGCTTTTGTCAGCTACCGAAGCCAGGCCCAGCGAGATTTTATTTTCAACATGCCGGACAGTGCGTGCGGTTTGCTGAGTGCCGACCACCTTGATGAAACATTACTCAGGCAATATCGCCACTTTCATATTATGGGATCGTCATTATTTTCCTTTCGTTTGATCGATGCCGTACGCAAGGCGATTAGCATTGTAAAAGAAAATGGTGGCACAATTTCTTTCGATCCTAATATCCGTAAAGAGATGCTAAAGATCCGCGAAATGTCGCAGGCCTTTGAATATATTCTTGATTACACGGATTTCTTCCTGCCAAGCGATGGCGAACTGGATTATTTCGGCCTGAGCAAATCCCGCGATGAAGAGAAAATTGTCGCAAGGCTTCACAAGCGTGGAATTGCCCATGTCATCATTAAACGTGGCGCCCGTGGAGCCAGTTACTATTCAAAAGACGAACAACATCATGTGGCTGGGTATCCGGTGAAGGTGGTTGATCCTACAGGCGCTGGCGATTGCTTTGGCGCAACCTTTGTCAGCCTGTTTCTTGCGGGATATTCCGTACCCGATGCTTTAGCCCATGCTAATGCCGCAGGATCGCTGGCTATCTCTGCGCGTGGGCCGATGGAAGGCACGTCCACGCTGGCACAAATTAAAGAATTGATGAGGCAGCAGAATTAAGTAAAGGTGATTAATAGGCTGTCGTTATATTCGACATACCTCAAATTGCATGTGCTGCGACTCAAATTAGTGAGAAACGTAAGGTTGCGCTTGGCATAGAATTTCAATTTATTGAATTTGAATGGTTTTATGGTGGGTTAGGTGTTTTTGCCATATCCGGTATGAACATGGCGCAGTTTATCAAACATATGAAAACATGGCCCTTAAGCCATGTTTTGCGAGGCGCTTTCCAGAATAGATCAGGTCACAGGTGCGGGGTTAAACACTGCCAGCTGGTTATGCAATCCCCATTGATCTGAGAAAGTCTTTTTCCGGCCGCTGGCGACATCGAGAATAAAGTGAAATAGCTTCCAGCCCACATCTTCGATTGTCTCTTCACCCGTGGCGATGGTGCCTGCATTGATATCCATTAAGTCATACCAGCGGTTCGCCAGCTCGGTACGCGTCGCCATTTTAATGACCGGCACCGCCATCAGCCCGTACGGCGTGCCGCGTCCGGTGGTAAAGACCTGTACGGTAATGCCGGAAGCGACCTGCTGCGTGCCGCAGACGAAATCGCTGGCGGGCGTCGCGGCGTAAATCAGGCCGCGTTTGGTGGGGCGCTGGCCCGGCGACAATACTTCGACAATGGCGCTCTTACCCGATTTAGCGATAGAGCCCAGCGCTTTTTCCACGACGTTCGCCAGGCCGCCTTTTTTGTTGCCGGGGGACGGGTTAGCGCTGCGATCGGTTTTCCCCATATCAAGGTAGTTATCGTACCAGGCCATTTCATCCAGTAGGCGTTTACCCACGGCTTCGTTGATGGCGCGCGGCGTCAGAAGATGAATGGCATCGCGCACTTCGGTGACCTCCGAGAACATGACGGTCGCGCCGCAGCGTACCAGCAGATCGGAAGCATAACCCACCGCCGGGTTTGCCGTGACGCCAGAAAACGCATCGCTGCCGCCGCATTGCATCCCGACGACCAGCTCGGAGGCCGGGCAGGTTTCGCGCTGGCGCTGGTTCAGTTTCGTCAGATGGCGTTCGGCGACCCGCAAAATATCGTCGACCATTGATTTAAAGCCGACATGCTGCTCGTCCTGTAAACGCACAATACTGGCGCTTTCAACGGCGATGGCGGGAACATCCTCGGTGCCTTCCAGCAGCCGTTCCGGCTGCAGTTTTTCGCAACCGAGGCCAATCACCATCACTTCGCCGCCAAAATTGGGGTTGAGCGCGATATTATGAATCGTGCGAATCGGCACGACCGCCGCCGGCGCGTTGATTGCCACGCCGCAGCCGTACAGATGGTTTAGCCCTACAACGCCATCGACATTCGGGTATTTGGGCAGGAGATCGCGCTCAATCACTTTCACCACATAATCGACCACGCCCGCCACACAGTGCACGCTGGTGGTAATGCCAAGCAGATTTTTGGTGCCGACGCTGCCATCGGCGTTACGATAGCCCTCAAACGTATAGCCTTCCAGCGGCGGCAGCGGTTCCGGTACTTTGGTCGCCAGCGGTAGCGTATTCAGCGGCGGCGCTTTTGGCAGTTCAACCAGCGACTCGTCGATCCAGCTTCCGCGCGGGATGTCGCGTACCGCATAACCGATGACTTCGCCATAACGGATGATTTCGCCGTGAGCGGGGATATCCGTCAGAGCAACTTTATGGCCTTGCGGAATATGTTCAGTCAGTTCCAGGCCATCCGGAAAACGTGTTCCGGCTTTAAG
NZ_CP039489.1_gap20	683254	684757	1503	CATATCGTTCAGTTTCAAAGAACGACGAATAAGCTGAATGGTAAAATTATTGTGAGAAAAGCAGAGGCCTGAATGCAGACCTCTGCTTTGGTTTATCTATTCAGGTTATTTTCCTCTGGCCAGTTTCAATGCCCAGGCGCCGCTCATCACCAGCAGCAGAATCAGGCACAACCCAAAGGCCAACATACATGCCTGCGCCATGTTCATAAAGTGCCAGGGCGGAAGCAGATACCAGCCTTCGGACTGCTGGTAGAGATCGACAAACCACTGCTGTACGCTACTGAGCGTCACGCCATCAGGGACGATAGGCGCGTCATAACCGCAGTCTCCGGTAGGTTTAAACCACTCCGGCGCCCATTCCGCCAACGGTAAGTTGAAAGGAAAGGTCGGGTCAGTCGAACATCCTTGCACGCCAAAAAGTGAATCGGGGTCCGCATTATGTACCGCATGATGGATACCATTAAGCTTAATAGAAAACTTAATGCCCATAATGCTGCCATAAAACGCCGCGATGCAGCCAATCAGCTTCAGCACGATATTTTTGGGATTTATTGCCGCAATCACCCCGCCAATTACCATCACAAACATCGCGTAACGGATGTAAACACACTGCTCGCACGGTGCCATGTAGAGGTAGATTTGGAAGAACGAGTGCGCCAGGATAATTAATCCTCCCATCGCGATGGCCATTAACAGCCACAGAAAGCGCTGTTCCTGCCATCTCACCAGCGTATCCACTGGTCTTGCGCGTAGGTCTCGCCATAATCCCTTAATAAAATCCATAATCGTTTCCCTGCTTATTTTTTAGTGGCCAGTTCCCGAACGAGTTCAGCCATAGAATCGATGGATTTGATGTTTTTGGTATAGATAAGGTACTTGCCGTTGACGACGTAAGCCGGAACACCCTGAATTTTGGCAACGTCATAGGCGGCTTTCCATTTTTCCAGAGTCTCCTGAACGGCAGGATCTTTCAGCGCTGCTTCAAAATCAGCCTGGCTCATGCCTGCGGCGTCCAGCCCGGTTTTAATAAATGCCGCCGGATCTTTCCCATCTGACCAGCGCTCTTTCTTATCATGGTAAGCCGCATACCAGGCGAACTTCGCTTTTTTGAATTGTGATTTAGCATCAAATAACGAAATCCCGGCAGCTTTATCTTTGGCGATCAGGACTGCAAATACTTCGCTGGCCTGTTTGCCATATTCGCCTTTTGTTTCCAGGTGGAACGGAGTGAACGTAACGAGATCGGCTACTTTGTCAGAAACCGGACCTGTTACGGCTTTGTCATATTTGTAGCAGAAAGGGCAGGCGTAGCTAAATACCTTAATCAGCGTTTTATCCGCATTAGGAATCGGTTTCTCCAGAACCATATAATCTGTGCCCTCGGTAAAAGCCGATGCCGCAAAAGGAGTGACCAATGCCGCGGTTAATACTACGCTTTTAAATAAAGAGGTAATCCATTTAGATGACATATTAATTCCTTCCCGTTATTTATTTAAACATTTG
NZ_CP039489.1_gap21	696430	698764	2334	CCTTGTGGAAGGGGATTCGGCGGGCGGTTCCGCCAAGCAGGCGCGCGATCGCGAATATCAGGCGATCATGCCGCTCAAAGGTAAGATCCTTAACACCTGGGAAGTCTCTTCCGATGAAGTGCTTGCCTCGCAAGAGGTGCATGATATTTCCGTGGCGATCGGTATCGATCCGGACAGCGACGATCTGAGTCAGCTGCGCTACGGCAAGATCTGTATCCTGGCGGATGCGGACTCCGATGGTTTGCATATTGCTACTCTGCTTTGCGCGCTGTTTGTCAGACATTTCCGCGCGCTGGTGAAGAATGGTCATGTCTACGTCGCGCTACCGCCGCTATACCGTATCGATTTGGGTAAAGAGGTCTATTACGCGCTGACGGAAGAAGAGAAGGCGGGCGTACTGGAACAACTGAAGCGTAAGAAAGGCAAGCCGAACGTACAGCGTTTCAAAGGCCTGGGTGAAATGAACCCGATGCAGTTACGCGAAACCACGCTTGATCCAAATACTCGCCGCCTGGTGCAGCTCACCATTAGCGATGAAGACGATCAGCGTACTAACGCGATGATGGATATGCTGCTGGCGAAGAAACGTTCTGAAGATCGACGCAACTGGCTACAGGAAAAAGGCGATCTCGCGGATCTCGACGTGTAACGATTGTTGCACGCTTTATCCGGTCTGCGCGGCGCAGGCCGGATAAGCGAATTCGACATGACGCCGCAGCCTGATGGCGACACTTGCGCATCGCATCAGGGAGACGTCAGACGAGGGTAATAACTTAAACGCCGGATTCCAGAATACGAATATTCATTTCCAGCACATCGTCTTTTACCGCGTCGCTGTAGGCTTTCATATGCGGGGTTTGCAGATGCGCCTCAAGGTGCGCAACGCTTTCCCACTGTTCAATCATCACGATCGAGTCAGGCGCCAGAGTCTGAAAACTCACGCCCGCGGCATGATCCACCATCGGTGCGTAACCGTGGCACCCCTCTTCTTTAAGAACGGTTGGAATAATTTTCGCAAACTGGTCGAGGACGGCCTGACGGTGATGTTGGCCCGGACGCGTGCGAATTTCGGCAATGACGGTAAGCATGGTTAACTCCTTCTAATTCCAGGATGACCAGTTAAGCAAAAATTTCGCTCAGATGCTTGCGATATTCTGCGGTATAGCGCGGAACATCCGGCATTTTAATCACGTCGTTGGCAATAAACGTTGGCAGCGCGTCCATGCCCAGGAACTGGTTGGCTTTATGGAATGGCAGATAGACGCCATCTACGCCTACGCCGTGGAAAAACTGATCTTTTTCGGTAAATGCTTCCATCGGCGCGTTCCACGTCAGTGACAGCATATATTTTTTCCCCTGCACCAGACCGCCGGAACCGTACTTTTTAGCGGCATCGGAACGCGTGCGGCCATCGCTGGCATAGAGCGTACCGTGACCTTCGGTAAAGACATCATCCATATATTTTTTTACTGTCCATGGCGCGCCCATCCACCAGCCTGGCATCTGCCAAATCACCACGTCAGCCCAGACGAAATTCTGCACCTCTTCTTTAATGTCATAGTCGCTGTCGGCGCGGACGATCTTAACCTGATGACCCAGATCGCGCAGAAGCCCATCGGCAACTTCGGTCAGGGTGTCATTTAACTGGCCGTTGGAGTGCGCGAATTTTTTCGCCCCGTTGATAATCAGGATGTTACTCATTTTGTGTCCTCAAGAAATGCGTTTGCTGCTGATTCTACGCTGACGGGCGGTGCGGTGAAATTAGCAAAATGTGCAAAGTCTTTTGCGTTTTTGGCAAAAGTCTGTGTTACCAACTTACTACGGCCTCAAATCCACCTTCCGCGGCGTTGCCAAACGACACCGTCATGCCGTGCAGCGTAGCGATGCGACGGACGATTGATAATCCCAGACCGCTGCCGGTCACACTTTGGCCAGGCGGGCGGTAAAAACGCTCGCCGATATGCGTCAGAATCTCTGGCGCTACGCCGGGGCCATTATCTCTGACGGTGAAGCTGCGGGCATGTAAGGTAACGTCGACGACGCTGCCCTGCGGACTGTAGCGAATCGCATTATCCAGCAGGTTACGCACTAACAGGCTTAAGAGTAGCGGCTGGCCGGTACGTATGACGTCATGGGCGTTAAGCTGTAAACGCACGTCGATATTCGCCTGCTGCGCCGGATGATAAATATCCATTACCGCGGACTGCAGCAGCTCTTCCAGCGAAATCTCCGCTACATCCTGCAAATTATTGAGCGAGTCGAGACGCGATAACGTCAGTAGCTGATCGACCAGCCGCGTGGCGCGATCGATCCCCGCATGGAGCTGGGTCAGCG
NZ_CP039489.1_gap22	704769	705968	1199	TTCTATCTGGATGTTCCCTGAAGGTACGCGTAGCCGGGGACGCGGTCTGCTGCCGTTTAAAACCGGCGCGTTTCATGCGGCTATCGCGGCTGGTGTGCCGATCATTCCTGTCTGCGTTTCCAACACCTCTAACAAAGTCAATCTAAACCGCCTGAACAACGGACTGGTTATTGTGGAAATGCTGCCGCCAGTCGATGTCAGCGAATATGGTAAAGATCAGGTTCGCGAGCTGGCGGCCCACTGCCGTGCGTTAATGGAGCAAAAAATCGCGGAACTTGATAAAGAGGTTGCGGAACGTGAAGCGACCGGTAAGGTTTAAGCAGCCTTACTCTGTTATTGTAGAAATCATTTTTTCAGGCACAACTCTTTAGCCTGTTTTACATGGAGCTTATATGTCATTCAGTCGGCGTCAGTTTCTTCAGGCATCGGGAATCGCACTATGTGCAGGCGCGATTCCCCTCAGGGCGAATGCTGCCGGTCAGCAACAGCCGTTGCCTGTTCCGCCGTTGCTGGAGTCCCGTCGCGGGCAGCCGTTGTTTATGACGCTACAGCGAGCGCACTGGTCCTTTACGCAAGGCACGCGCGCACCGGTCTGGGGAGTGAACGGTCGTTATCTGGGGCCGACAATCCGCGTCTGGAAAGGCGATGACGTTAAACTCATCTATAGCAACCGCCTGGCGGAAAATGTCTCCATGACGGTTGCTGGTTTACTGGTGCCGGGGCCGCTGATGGGTGGCCCGGCGCGTATGATGTCGCCGAACGCGGACTGGGCGCCAGTGTTGCCGATTCGTCAGAGCGCCGCCACGCTGTGGTATCACGCTAACACGCCTAACCGTACTGCGCAGCAGGTGTATAACGGCCTGGCCGGAATGTGGCTGGTCGAAGACGACATCAGTAAAACGCTGCCCATTCCGAACCATTACGGCGTGGATGATTTTCCCGTCATTATCCAGGATAAACGGCTGGATAACTTTGGGACGCCGGAGTACAGCGAACCGGGAAGCGGTGGTTTTGTCGGCGATACGCTGCTGGTGAACGGCGCGCAAAGCCCCTATGTCGAAGTGTCCCGCGGCTGGGTACGGTTACGGTTGTTGAACGCCTCGAACTCGCGGCGCTATCAGCTTCAGATGAGCGATGGCCGGGCGCTGCATGTGATTTCAGGCGATCAGGGCTTTTTACCTGCGCCGGTTTCCGTCAAA
NZ_CP039489.1_gap23	740647	742625	1978	TAAATTTCTCACTCTCTTACCGCCTTCCTGCTCCTCGAAATACCTGAAACCTGTGCTCACAGATTAATAGCGATTATTTAATCGTGAAATAACGCTGGGCATTATTGAAGCAGATATCCTGAACCATACGGCTTAGCATCGCTTCATCATCAGGAATCTCTCCGTCCTGCGCCCACTGTCCCAGCAGGTTACAGAGAATACGACGGAAATATTCATGTCGCGTATAAGAAAGGAAACTGCGGGAGTCGGTCAGCATCCCGACAAACTGACTTAACAGTCCCATTTGCGACAGTTGCTCCAGTTGGCGCAGCATACCGTCTTTCTGATCGTTAAACCACCAGCCGGAACCAAACTGCACTTTTCCGGCAATTCCCGGCCCCTGGAAGTTACCGATCATGGTCGCCAGGACTTCGTTATCACGTGGGTTCAGGCAATAGAGGATAGTCTTGGGCAGTTCATTGGTCACATCCATACTGTCGAGCAAACGGGAGAGCGCCCAGCTAATGTTATTATCGCCAATGGAGTCAAAGCCGGTATCCGGCCCCAGCAGGCGGAACATCCGGGTATTATTATTACGGATCGCGCCAATATGTAGCTGCATCACCCAGCCGCGCGCGGCGTACTGACGGCCCAGCCAGACCAGCACCGCCGTGGTAAACTGGGCGATCTCAAGTTCGCTCAGCGTTTCGCCAGCCAGACGTTTGCCCAGAATGGCGTCAAGCTGCGCGTCGTCGGGCACCGGCGCAAATCGCAGCGTTTCAATGCCATGATCCGACGCGCGGCAGCCGCAGGCGGCGAAATGGTCGAGGCGGCGAGTGAGCGCCTGGCGTAAATCGTCGAAACGGGTAATGCTGACATCTGCCGCCGCTTCCAGTTTCCCCAGGTAATCGACAAAGCCGTCCAGTTCGATTTTGAAAACTTTGTCGGGGCGCCAGCTTGGCGCGACTTCAATATCAATGCTGTCGTCGGCGGCTATCTGGCGGTGATATTCCAGAGAATCTATCGGGTCGTCGGTGGTTCCGACCATCCGCACATTCATCTGCTGCATAATACCGCGCGCGGAAAAGGCCGGCGTCGCCAGTTTCTCATTACACTGCGTCCAGATACTTTCCGCGGTATCCGGTCCGAACAGCGTACCTGTAATGCCAAATGGACGGCGTAGTTCAAGGTGCGTCCAGTGATACAGCGGATTGCCCAGCGTTTTTGGTACGGTATTGGCCCAGGCCATATATTTTTCATAATCGCTGGTCTCTTTGCCGGTGATCAGCGACTCATCCACGCCTGCGCTTCGTAGCGCTCGCCATTTATAGTGGTCGCCTTCCAGCCAGATCTGACCGAGGTTATCGAAACGGCGATCGTCGGCGATTTCCTGCGGACTTAAATGGCAGTGGAAGTCATAAATCGGCATGGGCGCGGCGTATTTATGGTACAGCGTGCGGGCAATGTCGTTTTTCAGTAGAAAATCTTCAGTCATAAACGTAGCCATGATTTATCTCCTTACTTAGCCAGCGCTTCTACCGTGGCTTTCGCGCCATTCTGCAATAGCTGTTGGTAAGCGTCGGTAACGGCTTGCACAAATTCGTGGTTCTTCGGCAGGTCGTTGCCAAAGATAGACTCGATGGCCAGTAGCCCGCGAACGCGTTCTTCCGGCGTCTGATATTGCTGATGAATCGCCTGATACTGTGCAAGCAGCGGATCGACGACATCAATGGTTTTACCTTGTTCATCGACACCGCCGACGTAACGCATCCATCCGGCGACGCCCAGCGTCAGGCGGCGATAGTCATTGCCCTGTTGCAAGTGCAGGCGCACCGGGTCCAACAAACGCTGCGGCAGTTTCTGACTGCCATCCATCGCAATCTGCCAGGTGCGGTGTTTCAACGAGGGGTTAGTGAAACGCGCGATCAACAAATTCGCATACCCTTCCAGATCGGTGCCTTCCGGCATTGATAACGTCGGCGCTTGTTCATCAAGCATC
NZ_CP039489.1_gap24	767272	768953	1681	TTCATGTTGCATGCTTCAACCAGTCCGTTCTACCCGCTGTTTGCGGCGCTGGATGTCAATGCCAAAATCCACGAAGGGGAGAGCGGTCGCCGCCTGTGGGCGGAGTGCGTTGCGCTGGGCATTGACGCGCGTAAAGCCATTCTCGCCCGTTGCAAACTGCTTCAGCCCTTTATCCCACTGGTGGTTGACGGCAAGCCGTGGCAGGCATATCCGACGGAGACCATTGCCAGCAATCGTCGTTTCTTCAGTTTTGAACCTGGGGCGAAATGGCATGGCTTTGAGGGTTATGCGGATGACCAGTATTTTGTCGACCCCTGTAAACTGTTACTGACCACGCCAGGTATTGATGCCGATAGTGGGCGGTACACCGAATTCGGCATCCCGGCGACCATTCTCGCCCACTATCTGCGTGAGAACGGTATTGTGCCTGAGAAGTGCGATCTCAACTCAATTCTGTTCTTGCTGACACCCGCCGAGAGCGAAGAGAAACTGGCGCGGCTGGTCGCGATGCTGGCGCAATTTGAACGGCACATTGAAGACGATACGCCGCTTGCGGATGTATTGCCGACGGTTTTTCAGAAATACCCGGTGCGCTACCGCGATTACACCCTGCGTGAGCTATGTCAGGAGATGCACAACCTGTACGTTAGCTTTGACGTTAAGGATCTGCAAAAAGCGATGTTCCGCAAAGAAAGCCTGCCGCATGTGGCGATGAACCCACAGGACGCCAACAGCGCCTTTATTCGCGGCGATGTAGAGCTGGTGCGTATCAGCGAGGCGGGCGGGCGTATTGCTGCCGAGGGGGCATTGCCATACCCGCCGGGCGTACTGTGCGTGGTGCCGGGGGAGATTTGGGGCGGTGCGGCGCAGCGTTATTTTTTGGCGCTGGAAGAGGGCATCAATCTGTTGCCCGGTTTTTCGCCGGAATTGCAGGGAGTGTATAGCGAGACCGATGCCGATGGAATTCAACGCTTGTATGGATATGTTTTAAAGTAACGTTGCCTGCAGGCCGGATAAGGCATTTACGCCTTATCCGGCCTGCGAAACAGGGCAAGAATTAATGTGCAACGGGTTGCGAACTTGCCGGAACGCGAACGTGTTTGTATTTGAACAAGGCTACGAACGCAAAGGCCAGCACCAGCGAGTAGCCTGCGAAGATGAGCCACACGGTCTGCCAGTCGGTAATGCCGTTTTGAGTGTAATACTCCACCACTTTACCGCTCACAATGCCGCCAAGGATACAGCCGAAGCCATTGGTCATCATCAGGAACATCCCCTGCGCGCTGGCGCGGATTTCCGGGCGTACTTCTTTTTCGACAAACACCGAGCCAGAAATGTTGAAGAAGTCGAAGGCGCAGCCGTACACAATCATCGACAATACCAGCAGAACGGTACCGAAAGGCGTCGGGTCGCCATAAGCGAACAGGCCGAAACGCAGCATCCACGCCACAATACTGATAAGCATAACGTTCTTAATACCATAACGGCTCAGGAAGAACGGAATGGTCAGGATGAATAACGTTTCAGAAATCTGCGAAATCGACATCATCACCGAGGCGTGCTGCACGATAAAGCTACTGGCGAATAGCGGATCTTTATCAAAGCTATGCAGGAAGGTGTTGCCAAACATGTTGGTGATCTGCAGTTCCGCGCCCAGCATCATGGAGAAGATGAAGAAAAT
NZ_CP039489.1_gap25	777830	780011	2181	CGCCCTTCAACGCATGGGAATTGAAGTCACAATATGGACATTTTTGTACACACCAGGGAATATGAATATAAAGACTGAGCGGCGGTAGTTTAGCCATTGCGTAACGCATCCAGCAGCAGCTTGAGCGCTTGTCCACGGTGGGAAATCGCGCTTTTTTCTTCACGGGTCAGTTCTGCGGCGGTTTTGCCTTCAGACGGTACGAAGAAAATGGGATCATAGCCAAATCCGCCATTTCCGGCCGCCTGGCGAGTAATGACGCCAGGCCAGCTACCGTGACAGACTATCGGTGTGGGATCTTCGGCATGACGCAAATAAACCAGTACACAATGGAATCGCGCCTGGCGTTTGTCGTCCGGAACATCTCGTAGAGTATGCAGCAGTTTTTCCAGATTTTGCTGATCTGTCGCGTTTTCGCCAGAATAGCGCGCGGAATAGATACCCGGCGCGCCGCCTAAAACGTCAACGGCCAGACCGGAGTCATCGGCAATGGCGGGCAGACCGGTCATTTTAGCGGCATGGCGCGCTTTGAGAATCGCGTTTTCAATAAACGTCAGGCCGGTTTCTTCCGCGGAGTCAACGCCCAGTTCCGTTTGCGCTACCACATCAAGCCCAAAATCGCTTAACAGCGACGCGAGCTCGCGCACTTTACCGGCGTTGCCGGTTGCGAGAACAACTTTTTGCATGGAATACCTACTCAGTTAACGCCGCAATTTCCGGCGGGATCTGTTGCGGGTGAATAATTTTTACCTGTTTGTGACGGCCCAGCTCGCCTTTTTCGATGACGATCTGACTTTTCGCCACGCGAAACTGTTTACCAAGAAACTTGGTCAGATGGCTGTTTGCCTGACCGTCAACCGGCGGGGCAGTAATGGCGACTTTCACCTCGTCGCCATGTAAGCCCACAATACTGTCGCGGCTGGCTTTCGGCTGAATATAAAGCCGTAACACCAGACCGTCTTCGCAGCGAGTCACAGCACTCATAGCGCCATCCATAGCCCCGGCAGCAACATGTTGCCTGTCGCTTGTAAGACTTCAGCGATCCCCATATTAACGACATACAGCAGCAGCACCAGAACCATCGGCGAGAAGTCGATGCCGCCCATCGCAGGCAGTATACGGCGAATCGGGCTGAGCAGCGGCTCGGCAAGCTGAATCAATACATATTCAATCGGGCTACGACCCTGGCTCACCCAGCTCATGATAGCCATGACCAGCAGCACCCAGAAGATCAGCAGGCCGATTGTTTTAAGCAAGATAAGCACCGCGGCAATCCAGATAATCGCCTGAAACGTAATGACCTTAAACAGCACTATCGCCTTAATAACGCTAAGAATAAACGCCACCAGCAGGGAAGCGCTGTCAATCGGCCCCATTGGCGGGATAATACGACGCAGCGGTCCGATGATGGGCTGCGTAATTTTCACCACGAACTGGGAGAAAGGGTTGTAAAAGTCACAGCGGGCCCACTGCATCCACACGCGCAATAATAGCACCATGGTATACAGCTCAATTACCGTTGAGAGCAGGAAGGTCAACGTATTCATGGCGTTCCTCAGTTTTCCTTAATTTTTTGTGTAATCACGAGCACCAAAGATAGCGGTGCCGATGCGCACCATTGTGCTACCTGCCGCAATCGCGGCTTCCATATCGTCGCTCATACCCAGAGATAAGGTATCAACGTCAGGGTAGCGCGCTTTCAGCCCGGCAAATGCTACAGCCATTTGACGTGCGACTTCAAACTGCCTTACATAATCTGACTCTGGCGCCGGGATCGCCATCAGTCCGCGAAGCCGCAGACGCGGCAGTGTAGCCACCGCAGCGGCCAGCTCATCCAGTTCCGCCAGCGGAATGCCTGATTTGCTGTTTTCATCGCTGATATTAATTTGGATCAGAACATTTAGCGCCGGCAGATTATCCGGGCGCTGTTCGCTCAGACGCGAGGCGATACGCAGGCGATCGATGGTATGACACCAGTCAAAATGCTCGGCCACCAGCCGACTTTTGTTGGACTGTAAAGGGCCAATAAAGTGCCAGTGCAGGCCTTCCACTTTCGCTTCCTGAAAGTGGCGGATTTTTTCCACCCCCTCTTGTACATAATTTTCACCAAATGCCCGTTGTCCGGCGGCAATGGCTTCTGCGATGTCGCTCGCAGGTTTGGTTTTACTCACTGCAAGCAACGTA
NZ_CP039489.1_gap26	781274	782760	1486	TGCAATATCTGGTTTCCAGCGACCGTGCTATCGGATGTCGCGAGCTTGCCCGGCTGATGGATATTAATACCACGCGCGTTAATCGCCTGTTAATGACGATGGCCTCTATTGGACTCACGATGCAGGATGAGCACCGACGCTATTTACCCGGGCCAGGCATTCATGCTTTGGCGGCGCAGGCGATTCGTGGTTCAGCGCTGTTCTCCCATGCGTTGCCTATCCTTGAACGCCATGCGCCCAAAGACATCGTGGTGGCATTAGGCGTGCTATGGGAAGACCAGATTATCTATATTTATCACTCTGCGCCGGATTCGCAGGGAAGTCAGGCGCTGGCGGGGTTTCGCATGTCCCCGGCCTGGCAGTCGGTAACAGGAGTGGCGTTACTGGCGGCAGAAAGCGATGAGGCGCTAATGCAGCGTTTTAGTCCGGAGCAGTGGCGTAATCTGGCACCGCATGTGGCGCAGCAGCGCCAGCGGGGATACGTGCTGTGGCATCACGCTGATGGTGAAGTTTCTATGGCGCAACCGCTAGACAAGCACGCCGCAGCGCTGGCCTTTGCGGGAATGTGGCGGATTGATGAGGCGGAGGCGGCTGCGCGTTTACAGGCGCTGAAGGCACTAAACCAGCTTATTGCCCAGTAAGCCTGGCAACCGTGACCGCGTTACCCGCCTGCTGACAAAAACGGCTTTAATACCCCTGTTCAAAATAGCTTTCGAGGATAATCACGGCGGAGGCCGAGTCCACTTTGCCTTTGTTCAGCGCGCGATACCCACCTCGTTCAAACAGACCGGAGCGTGCTTCAACGGTGCTGAGTCGTTCATCGTGCAGCGTGACAGTTACCCCGAAACGCCCATGAATACGGTTGGCGAATTTACGTGCGCGCGCCGTCAGCGGCTGTTCAGTGCCATCCATATTGAGCGGTAGCCCGACAATAATTTCGTCCGGCTGCCACTCTTTCAGCAAACGTTCAATGAGCGTCCAGTCGGGCGTGCCGTCCTGTGCTTTGATTGCCGGAAGCGGACGGGCGGTGCCGGTAATGCGTTGTCCTATTGCAACGCCGATGCTTTTTGTGCCGAAGTCAAAGGCCAGTAAGGTGCCGCTCATCAGGCGTGCCCCGCAACGCCAGGCATGGTCAGAATATCAATGCCAATAAGTTTTGCCGCTTCGCGCCAGCGCTCGGCAATGGGCGTTTTGAACAAAATATTGAGATCGGCGGGCGCGGTAAGCCAGGCGTTATCAAGCAGCTCTTGTTCAAGCTGGCCTTTATCCCAGGAGGCGTAGCCCAGCGCGACCAGTACATCGGAAGGCTGTTGTTGGGTACCTAACGTTTCCAGCACATCGCGGGAGGTGGTAATCACGGTATTGTCTGAGATACGAATGCTGGAGGCGAAACGTGACGGCGGAGTATGGAGAATAAATCCGCGATCTTCCGCCAGCGGGCCGCCGAGCATCACGGCTTTATCAAGACGAATTGACGAATCGCGCG
NZ_CP039489.1_gap27	966526	971194	4668	CGATCAGGATGTTCGGCGGGTCTGGATGACCAGGGACGCTTCAGGAAGAAGCTATCACATCGGGCGATGTGCGCAGGATGCAAATGTTCAGGATGAACAGGCCGTAAGGTCACAGGAAAAGTTGTCACGGATGAGCAGGGAGCACGAAAAGTAGCTGGAATGCTGCGAAACGAACCGGGAGCACTGTTTATACAGTGCTCCCTTTTTTTTGTTATTCTTCGCGCCAGATTTTCATCATTGAGGTTTTTAACATGACGACTCATGACCGTGTGCGTCAGCAGTTACATACGCTTGAAACGTTGCTGCGCGAGCATCGCCACTGGCGGCAGGATGCGCCGCAGGCGCACCTGTTTACCAGCACCCAACCATTTTTTATGGATACCATGGAACCGCTGGAATGGCTGCAATGGGTATTGATCCCACGTATGCATACCCTACTTGATAATGCGCAGCCGCTGCCCGAGGCGTTTGCCGTCGCCCCTTATTATGAAATGGCGCTGGCGGCGGATCATCCGCAGCGGGAGGCGATCCTGGCGGTTTTGCAGGATCTGGATGCGCTATTCGCCCGCGATAAATCCTGATGCTGGAGATCCTCTATCAAGACCCGTGGCTGGTTGCCGTGAATAAACCCGCAGGCTGGCTTGTTCACCGGAGCTGGCTGGATCGCGACGAAAAAGTCGTGGTCATGCAAACGGTGCGCGACCAAATCGGCCAGCATGTTTTTACCGCCCACCGTCTCGACAGGCCCACGTCGGGCGTACTGTTAATGGGGCTGTCCAGCGAAGCGGGACGCCGTCTGGCGCAGCAGTTCGAGCAGCACCACATCCGTAAACGCTACCATGCCATTGTGCGCGGCTGGCTGATGGATGACGCGGTACTGGATTATCCGCTGGTGGAAGAGCGCGATAAAATTGCCGATAAATTCGCCCGCGAAGATAAAGCGCCCCAGCCGGCTGTAACGCAGTATCGCGGGCTGGCGACGGTCGAAATGGCGGTGCCGACCGGGCGTTATCCCACCACGCGTTATGGCCTGGTTGAGCTGGAACCAAAAACGGGACGCAAGCACCAGCTTCGTCGTCATCTGGCGCATCTGCGTCATCCTATCATCGGCGACAGTAAACATGGCGATTTGCGACAAAACCGCAGCGCCGCAGAGCATTTTGCCTGTCGTCGCCTGATGCTTCATGCCAGTCGGCTTGAGCTGACGCACCCCTTCACCGGACAGCCGTTGATGATTCAGGCCGGGTTGGATGAAACCTGGATGCAGGCGCTGACACAGTTTGGCTGGCGTGGACTTCTCCCTGACAATGAAAGGGTTGAGTTTACGGCGGCGTCCCGGCAGGATGAGACTCATCAGGCATAATTCAGGGAGATACGCATAATGGCAGAAATTGGTATTTTTGTCGGGACCATGTATGGCAACTCACTGCTGGTGGCGGAAGAAGCGGAAGCGATCCTCGCCAGACAGGGGCACAGCGCGATCGTGTTTGAAGATCCTGAACTGTCCGACTGGCAGCAATATCAGGATAAGGTTGCGCTGGTCGTTACCTCGACGACCGGGCAGGGCGATCTACCGGATAGCATTGCGCCGCTCTTTCACGGCATTAAAGATATGTTGGGTTTTCAGCCAAACCTGCGTTACGGGGTGATTGCGCTAGGTGATAGCAGCTACCCCAATTTCTGTAATGGCGGCAAACAGTTTGATGCCCTGTTGCAAGAGCAAAGCGCGCAGCGGGTGGGGGAGATGTTATTCATTGACGCCAGCGAACATCCGGAGCCGGAGAGCCAGTCCAATCCCTGGGTTGAAAACTGGGGAACTTTACTTTCCTGAGGTAAATCCCTCCCCCCTACGGGAGGGTACCTTTTCGTTTGCTTGCGTTGCCAGTAAGCAAAATCACGACCTGTACACAGTGTAAAGTAACTGAATCGTGTTAGCTTTGGGCATATGCCCGCAAAAGCGGCAGTTTTTTACGGGCGTTTTCATGTAATCAAGCGACCTGTTTCACATTCTTCTCTTTTTATTCCTCCTGCGTCGACGCCGACGCCTTCTGATTTCATTTCCGTGAAGTGGCTTCCACTGTCCTGGGCTTTTGCCATAAACAGGCGTAATTCATCGCCAAAATACTGTGTTGTTGCACGGTGAGTGTGTGTGGCGCGCTTTTTATACTTCTCCTGCCAGTGAATAAAAGCATGCAGCGTGCAAAGCAAACGACCTAATAAAAGCTGCAACAAGGAAACGTTATCTCTGATTCCCTACCGGTTGTGCAGTTCAGAGTGAGCGTAGCTAACGCGAAATTTCAGGAGTGCAACAATGAGTTCATTAAGTCACGCGGCGAGCAGTGCGGAGAAACGCACGAACGCCCGCTACTGGATAGTGGTGATGCTGTTTATCGTCACATCCTTCAACTACGGCGACCGCGCCACATTGTCCATTGCCGGCTCAGAAATGGCCAAAGATATCGGCCTTGATCCGGTAGGCATGGGCTATGTTTTTTCTGCTTTTTCATGGGCCTATGTTATCGGGCAGATCCCGGGCGGCTGGCTGCTGGACCGCTTTGGTTCCAAACGCGTCTATTTCTGGTCTATTTTCATTTGGTCAGTCTTCACCCTGTTGCAGGGTTTTGTCGATATCTTTAGTGGTTTCGGCATTATTGTCGCCCTCTTTACGCTTCGTTTCCTGGTTGGTCTGGCGGAATCGCCTTCTTTCCCGGGCAACAGTCGCATTGTTGCAGCCTGGTTCCCGGCGCAGGAGAGGGGAACGGCGGTGGCCATCTTTAACTCCGCGCAATACTTTGCCACGGTTATTTTCGCGCCGATTATGGGCTGGCTGACGCACGAAGTGGGCTGGTCGCATGTCTTCTTCTTTATGGGCGGGTTAGGGATCATCATCAGCTTTATCTGGTTGAAAGTTATCCATGAACCAAATAACCATCCGGGCGTAAATAAGAAAGAATTGGAGTACATCGCAGAAGGCGGCGCGCTGATCAATATGGATCAGAAAGACACCAAAGCGAAAGTACCGTTTAGCGTCAAATGGGGCCAGATCAAACAGCTGCTGGGCTCTCGTATGATGATTGGCGTTTACATCGGTCAGTACTGTATTAACGCATTGACCTATTTCTTTATTACCTGGTTCCCGGTCTATTTGGTCCAGGCGCGCGGCATGTCGATTCTCAAAGCGGGCTTTGTCGCCTCGGTTCCTGCAGTCTGCGGCTTTATCGGCGGCGTGTTGGGCGGCATCATTTCCGACTGGCTGATGCGTCGTACTGGCTCCCTGAATATCGCGCGCAAGACGCCGATTGTGCTGGGGATGTTGCTGTCAATGGTCATGGTGTTCTGTAACTATGTGAACGTGGAATGGATGATCATCGGCTTTATGGCGTTGGCCTTCTTCGGTAAAGGTATCGGCGCGTTGGGCTGGGCAGTAATGGCGGATACCGCGCCGAAAGAGATCAGCGGTCTTTCCGGCGGCTTGTTTAATATGTTCGGCAATATCTCCGGTATTGTGACGCCAATCGCGATTGGTTACATCGTTGGCACCACCGGTTCCTTCAACGGCGCGTTGATCTATGTCGGCGTACATGCCCTGGTGGCCATCATCAGCTATCTGGTGCTGGTAGGCGATATTAAGCGTATTGAACTGAAACCTGTCGCAGGACAATTATCATGACAACGCAATCCAGTCCCGTTATTACGGACATGAAGGTCATTCCGGTTGCCGGACATGACAGTATGCTACTCAACATCGGCGGCGCGCATAACGCGTACTTCACCCGTAACATCGTCGTCCTCACCGATAACGCCGGGCATACTGGCGTCGGCGAGGCGCCGGGCGGAGAAGTGATTTATCAGACGCTGGTCGATGCTATTCCGATGGTATTAGGCCAGGAAGTCGCCCGCCTGAACAAAGTGGTGCAGCAGGTGCATAAAGGCAACCAGGCTGCTGATTTTGACACCTTTGGTAAAGGCGCATGGACGTTTGAACTGCGGGTTAACGCGGTGGCAGCTTTGGAAGCGGCGCTGCTTGATCTACTGGGGCAGGCGCTTAATGTGCCGGTCTGTGAACTGTTAGGACCCGGTAAACAGCGCGATGCCGTCACCGTGTTGGGCTACCTCTTCTATATTGGCGATCGCACTAAAACCGATCTGCCGTATCTGGAAAGCACGCCGGGCAGTCATGAATGGTATCGCCTGCGCCATCAGGAAGCGCTGAACAGCGACGCGGTCGTGCGGCTGGCGGAAGCGTCTCAGGATCGCTACGGCTTTAAAGATTTTAAACTCAAGGGCGGCGTGCTGCCGGGCGAACAAGAGATTGATACCGTTCGCGCGCTAAAAAAACGCTTCCCGGACGCGCGTATTACCGTGGATCCGAACGGCGCCTGGCTACTGGATGAAGCCATTGCGTTGTGCAAAGGGCTGAAAGATGTACTGACCTACGCGGAAGATCCGTGCGGCGCGGAGCAAGGATTCTCTGGTCGTGAAGTCATGGCGGAGTTCCGCCGCGCGACAGGACTGCCGGTGGCGACCAATATGATCGCCACCAACTGGCGCGAAATGGGGCATGCGGTGATGCTCAACGCGGTAGACATTCCTCTTGCCGACCCGCATTTCTGGACTCTCACCGGCGCCGTTCGCGTGGCGCAACTGTGCGATGACTGGGGGCTAACC
NZ_CP039489.1_gap28	1154899	1157947	3048	TCATGTCGAACTCAAACAGGCCGCGCAGATCGCGCTGCTTTTTAAACTCGTCGGTTTGCTGGAGCTTCTTGAAGGTATCCACCCACCACTGGTAATCGGCATCGCTGACTTTGGGCCCGACATAGAAGCCGCGAATAATCGGCCACACCAGGTCGTAGCCCTGTTCTTTAGCGGTAGGGACATTGGCAAGCTGGCCCGGCAGACGATTTTCTGAAAAGACGGCAAGCACGCGGATTTTGTCGCCGCCCAGATAAGGCACCATTTCACTGAGATCGCCGGAGACAACCTGAACATGGTTGCCCATTAATGCCGTCACCGGCTCGCCGCCGCCCTCAAAGGCAACGTAGCGCATCTTGTGCGGGTCGACGTTCGCCTTTTGCGCCAGCAACGCCGACTTCATCCAGTCCTGGCTGCCAATAGAGGCGCCAGCGCCAATGACCACGCTGTTGGGATCTTTTTCCATCGCTGTCATCAGATCTTTCAGCGTTTTCCACGGGGAATCCGCACGCACGGCGATCATGCCGTAATCAGTGCCCACGCTTGCCAGCCAGCGCACATCATCCACGCCGTAGCGACCAAATTTCCCCTGCGACAGGTTGAGCAGCGAACCGCCGGAAAAGGCGACCACAGTCCCGGGTTCGCCAGGGCGTTGGGCGACTATCGCGTTATAGGCCACAGCGCCGACGCCGCCGGGCATATACGTTACCCGCATGGGTTTCTCGATAGCGCCAGTCTCCAGCAAACTCACCTGAATCAGCTTACAGGTGAGGTCGAAACCGCCGCCAGGTTTGGCTGGCGCGATACATTCCGTTCGCGACGGCGCCTCCTGCGCCAGAACAGAGGTACTCATTAATAAAATGCTTGCAGTAAGGGTACGAAGTAATTGTTTTTTCATTTTTTATCCTCACGCCGGACGTCCGGATTTTTCAGGTTCGGAAGAAGATTTTTGTGATTATGTGAGCCGACATGTAGCAGTTCGGTTGCGTGATTGTTAAAACAATAACCTTTCAATTCCCTTTCAATGCGGCAGAAACTTTACAGGATGTGATATGCGTCTCTTATTGGCGGAAGATAACCGTGAGCTGGCTCACTGGCTGGAGAAAGCGCTGGTGCAAAACGGCTTTGCCGTGGACTGCGTATTTGACGGCCTGGCGGCTGACCATCTTCTGCACAGTGAAATGTACGCGCTGGCGGTGCTGGATATCAATATGCCGGGAATGGATGGACTGGAGGTGGTGCAACGGCTGCGTAAACGCGGTCAGACCTTGCCCGTTTTGCTGCTCACGGCGCGAAGCGCGGTGGCGGATCGCGTAAAAGGTCTCAACGTCGGCGCCGATGACTATCTGCCGAAACCCTTTGAACTGGAAGAGCTGGATGCCCGTTTACGGGCCTTGCTGCGACGCAGCGCTGGGCAGGTTCATGAAGTTCAGCAACTGGGGGAATTGATCTTTCATGATGAAGGGTATTTTCTGTTACAGGGGCAGCCGTTAGCGCTGACGCCGCGTGAGCAGGCGCTCTTAACCGTATTGATGTACCGACGAACGCGGCCGGTTTCGCGTCAGCAGCTTTTTGAACAGGTGTTCAGCCTGAACGATGAGGTAAGCCCTGAAAGCATCGAACTTTATATTCATCGACTGCGTAAAAAACTCCAGGGAAGCGATGTACGAATTACGACGCTGCGCGGCCTGGGTTATGTGCTGGAGCGCGGCGATGAAGTGGGTTAAGCCGCAATCGTTGTACCTGCAACTCTTACTGTTCCTGGGGTTGCCGCTGATTCTGCTATGGGGGCTGTCGGCGTTTAACAGTTATGTCAATGCGCTACAGGCCGCCACTCAGGCTTATGATCGTACATTGCTCTCCTCGGCGCGAACGGTATCGGAACGGCTGGTGGTGCGCAATAACCATCTGGAAGTTAACGTGCCCTGGGTGGTGCTGGATAGCTTCGAGCTTAATATGAATGATCGACTCTATTACAAAGTCGTCGACCCTTCCGGAAAGGTCATTTCCGGTTATGACGATCTGCCTGCCATGCCGCCCGCTACGCCCCGTACCCGGCTTTATCCGGCGCTGGCGTGGTTCTATCATACCGAGTATCGCGGCGAGGCGATCCGCGTGGCGCGTTTGCTACAGCCGGTCAACGAAGGCGGCATTATCGGCATGGCGGAGATTTATGTCGCAGAGACGCTGCAGTCCCGTCGTTATCTGGCGGGCCAACTGCTGTTCTCTTCCTGGATCTCACAGGGTCTGCTGGTGCTGCTAACCCTGGTGCTGGTTGGCTGGTTATTACGCCGGATCCTGCGCCCTATGCGTCAACTTTCGTCATTAATGGTACGCCGCGAACCGGGTCTGTTAACGCCGCTGCCGGAACTGCTGCCGTGGTCGGAAACACGCTTGTTAATCGTGGCGTTTAATCGCTACATTGACAGGCTCCGCGGCATCCTCTCCCGGCAGGAACGCTTTAGCGCCGATGCTTCTCACCAGTTAAAAACGCCGCTGGCGGTGTTAAAAACGCAGGCGGCGGTGGCGTTAGCCAGCCAGCACCCTCATCACTGGTACGAAAGTCTGCAGGCGATGAGCGTAACGCTGGATAGCACCATTCAGCTCACGGAAAGATTGTTGCAACTTTCTGCGGTAAAGCATAAAGAGCAGGGCGAGCGGCGTTTTTCCCCAGTGAATCTGTACGATATCGTACAGAGCGGCTGCTTTACCCGCCTGGCGCAGGCGCGAAGTAAACATATCGACCTGGGCTACGAAGGCGAACAGGAAGCGATGTGGATCGAGGGGGATGAGGTACTGCTTAGCGAGCTATGCGGAAACTTGCTGGATAATGCGCTGAAATACACGCCTGAGCAAGGCATCGTCACCGCGCGGCTTGAACGGGATGGCGATGCCGTGACGCTGGTTGTCGAAGATAGCGGTCCCGGCATCGATGATGAACACATCCATCTGGCGCTACAGCCGTTCCACCGGCTCGATAACGTAGGAAATGTGGCCGGGGCGGGCATTGGTCTGGCTTTGGTCAATGATATCGCACGCCTGCACCGTACT
NZ_CP039489.1_gap29	1181463	1185873	4410	TGTAGCGCGGATCTATCAAGCCCTAGAAGAACAAGTGCAGATGGCTGGACCCGGAATATTCAGCTTACGGTTGGGTTGTGCGATCCAGATAAATGGCTACCGCTGAAATCTGATCTTGAAGATATGCTAAAAGTTCTGACTGGTGATTATTGGTTATTAAATTTCAATAATGCAGGCATGGAATCTCCTCAAGGAGACGGCGCTTTTCTCAGCAATGACTGCGTGTCTTTATTATCGGGGGGATTAGATAGTCTAATAGGTGGGATTGATTTAGTAACTAAAGGCCAAAAACCTCTATTTGTTTCTCAGCTCGCACATAAAGATTCAGAGCGACAGAGAGCATACGCGGCTATGCTGATGGGAAATGGCTCACATTATCAATGGAGTCATGGTATCAGCTTCAAAGGATCGCGCGAACCTTCTACACGTGGTCGTTCATTAGCTTTTTATGCATTTGCACTACTTGCTTCAACAAAAATCAACCAACCGAAGCCAACAATATTTATCCCGGAAAATGGGGTGATCTCCATTAATCCTCCTTTGGTTCCAGGGCGTGTATCTAGTTTGAGTACTCGAACAACGCATCCTATGTTTATCGATATGTTGCAAAGAGTTCTGGATACTTTGGGTATTAATGTGCAGTTTCAATTGCCTTACCGTTTTAAAACTAAAGGCGAAATGATGCGGGAATGTCTTGACCAAGACCTCTTGCAAAAATGGGCTGCTGATTCTACAAGTTGTGGCCGTTTTCGAACTTATAATCGTCAGCACTGTGGACGCTGTGTTCCATGCTTGATCCGTCGGGCTGCATTCCTTGCATGGAAACCTGAGGGGGATACAACATCTTACCGCTTTGAGTCTGTTGTTGGCAGTGATAAATCAAGTGCACCCGATGATCCTATGGCTGTTGCACTTGCCATCCTTGATGTAAGGAAGAGAGGGCTTGATAGATTTCTTGGTGGCTCGTTGGCTTTTGCACCGATTAACGAGCGCCCTATGTACCGTAGAGTTTTGCAAGAAGGTATAAAAGAGCTAGAAACTGTACTCACTCAGGATAAATTGCTTTGATTGATTTTCACTGTCACGTTGATTTGTATCCCAAGGCTAGAAATGTTTATGCCGGTGCGATTAAGCGTAATGTTTTCACTTGGTTAGTTACTACGAGCCCAAAGGCTTTTCAGGCTACAAGTCATGTTTTAGAAAAACATGAATCGGTAATGATCAGTCCTGGACTTCATCCTGAAATTGTCGCTGATCGTTTCCAGGAATTGGAAATGCTTCTCGAGTTGATTCAAAACGTAGCTGCTGTAGGTGAGATTGGATTGGATGGTTCAAAACGATATTCCACCAGTTACGCGATGCAACGTCGAGTGTTTTCCGAGGCGGTCAGGAAGTGCCACGATGTTGGGGGACGAGCAATGAGCATTCACTCAAGACAGGCCGTTCCGGATGTGCTAGCTACCTTAAAAGCGTTCCCCTCTCACGGAATTCCTATTTTACATTGGTTCACTGGAAGTGTTACGGAATTGAGGGATGCTTCAGCACAGGGATGCTGGTTCAGTATTGGTCCGGCTGCTTTCAACTCTGCCGCAGGGAAAGCTCTTGCTACTAAGCTCCCTAAAGACAAGGTTGTGCCAGAGAGCGACGGGCCATTTGCTCAATTTGACAATCGAACTGTGATGCCATGGGATTTCAATATTACAGTTCGATTGCTGGGTCAGGCGTGGTCAATGCCTGAAAATGATGTAAAGCTACAATTGTTAAGCAATACGAAAACGTTGCTTGGACAGATCGGGGTCAATCGAATTGCTCTCAACTCTTAAACGAAATGGTATTCAATTGCCACAGGTTTAACAGATATTTTAGTCGGATGGTGTAAGTCTCAATGCGTATGCTGTTTGTTGACATAGTGAGTAACCGCAACGTACTTAAATCAAGGAACCTCATAACTTTTAGGGGGAATTGGCAGCGAGAGACATTACCGACGAGTTTTATGGAGAATCATCTTTGTGAGCATTTGACTGCCAAAACTAGGTATGCTGGATTTTTATTCTACAAAAGGAAAATGTGATGGAGTCTGCACGTGATAAACATACCCGTGAGATTGTAGAGGCAGAGGATCTGTGGTTGCTTGATAGTGTTGATACGGAAGGCTATGTGTGCTGGGGGTGTGGTATAACCATGCATCCTGCTGCATGGGAAAAAGATAAAAAAGTCAGAGCCTATTTTAAAAAGAAACGACATATTCAACATCATCATGAATGTGATGCTGATGCTGAAAGCACAGTAATTCGCCAAGGCCAGAAGGCGAGTGTCCGCAACATACTGGACAGTGCTCCGGGTTTAATGCCCTCGGGATTAAAGTTGATCGAAAAACGCCCGGTTGTTGAACCCGGTTTCTCTGGTGATGAAAGTAAATCCAGTTCGACACGTTCAGCATCCTCACAATCTGGTGAAGGTAATTCATCCGAACGACAATCCCGGCGTCAAGTGAATGCTATTCGCAATATTTGCCGTGCCTTCATCCGGTTCCCGCATGACCGGGGAATGTCGCTTAACGTTCCTGGTATCAGTGGTCAAATCTACATGACGGCGTTTAAAAAGCTCCGGAATGAGATTCAACCTTACCCGGAGCCGAAGATCTTTTATGCACCACTACTCTGGAACAAATTTACTGAAAATGATGAAAAACTCATCATTCCACTGTCTGGTGAATGGGGGGAAGATGAGTCAGGTAAACCTAAACCCACTCGAAGCTACCAGATCTACATCGATTGGGCTGGCTGGTCAAAAGCCAAGCGTACCGTGGTTCGCAAAGAGCTGGAGGCCGCTCGGACAGAGGCGATAGAAGCCAAAGGGAAAGGGCTGAAAGATAAAGCTTGGGTTTTCTTTATCGGCGAGCAAAGTGCGGATAATCCGGAGATCTTCTACGTTAGCGATTATCGACTCATCTGCGCAATTGTAGGGCATATCACTTATCCCTGACGTGAAAAAGTCTTCCCGAGTGGAAAGGCCTGCTCATATGGCTATTTGTGACTACCGCCGAAATTGAGCCTGTCAGTAATTCTGTGTAACTGCCAATATATTAAAGGTGATCGTTCAGGCGGTCACCGAACTCGACAATAAAGCGACTCATCGCCAGTCACCAATTCTGGATCGGCATACTCCATTTTTTTGATGCATCCTTGATTGCCAGATAAATAACCTTTCGTACCGAGTCATCCTGACCTTCCCCCTGTAAACAGTGCCAGTCTAAACTGAAGTTTCCGGTCTTTCTTCCATCATACAGCTGGTAATCGGTATCTTTAAGTTTGGCGGCTTTGATTTCCGTATCTGTTAACGCTTGGTTCGTCTTGCCATGAGTCGTCTCCATGCTTTTAGGCCCAACGAAAACAATAGAGCTTTTCGTTGGGCCTATCAATGGGCCTAAAAAGTTCAGAATAAATTAGTTTGCTTGAGATTTTGCAGGACAAATTGAAGACATAAAAAAGCCCGCAGGGCTTGTGCCATGCGGGCTTTCAGGACTTCATCGGATGACTCTGGTAATCACCGATGGAGAATTTTGGTGGAGCTGGCGGGAGTTGAACCCGCGTCCGAAATTCCTACATCCTCGGTACTACATGCTTAGTCAGTCTTTACATTCGCCTGGCACCTGCGGACGGACACGCCACTACCAGACTAGCCTGATTCGTTTTAACGCTTCAACCCCAGGCAGGGCATCCGCGCGATCTCTTTTGGGTTTGACCTCTCTTGATCCCCGTCCTAAGAGCGGAGGCTAGGGAGAGAGGGCTCTAAGCAGGTTATTAAGCTGCTAAAGCGTAGGTTTCGTCGTTTGCGACTATTTTTTTGCGGCTTTTTACGAGGCCAACCGCCCCTCGGCATGCACCTTGGGTTTCGCAAATCCCGTCGAATCCAGAATCAGCCCCAATGTGTAAGGTAAGTATAACAGACTTGTGACACGCGTGACCAGCCCCCGTATCTTCTTATCTTCAACGATTTACCGCTCGCGCAGCGCTTCTTTCGCGCGATTAAACGGTTTGATTAAATAGTCGACAATGGTTTTTTCACCGGTTTTGATATCCACCGTGGCGATCATGCCTGGAACAATCGAAAAACGGCGTCCTGATTTATTTTGTAGATAGTCCTGGTGGGTGCGGATAAATACGCGATAGTAGAAAATTTCCGGTTTCACTTTATCCTGAATGGTGTCCGGTGAAATGGTCTCCACCACGCCGTCAAGCCCGCCGTAAATGGCGTAATCGTAAGCAGTAATTTTAACCAATGCGCGTTGGCCGGGATGAATAAAGGCGATATCACGCGGCGAAAGGCGGGTTTCAATCAGCAGACGATCGTCTACCGGCACTATCTCCATCATCTCGCCGTTAGGCGGGATCACGCCGCCAATCGTCG
NZ_CP039489.1_gap30	1189507	1193368	3861	TGAGGCTTTCGCACTATCGAGATTGGCCTGATACTGCGCCAGTTGCGAGCGGGCGGATTCGATTCTGGCTTCGGTTTGCACCACGTCAGATAGCGACGTAGCGCCTTCATCGCTGCGCTGCCGGATAAGTTTACCGATGCCGTCCAGCGCGACGAGCTGTTCTTCCGCCGCTTCTACCATTTGCTGCCAGCTCTGCGTTTGTACAATGGCGTTGGCGGTTTCGTGCGCGACGGTATCAATACTGAGCAACACATTGGCCTGTTGCTGCGCTGCGCCTGCGGTTTCGGCGCGAACCTGGCTTGCCACTTTGCCGAAGTCATAAAGCATTTGCGATACCGACAGCACCAGCGAGGGGCTATACCCGTGATCGGTGTAGGTATTGCTGTACCCATTGTTCACGCCAGCGCTGACTTGCGGATAATATTTCGATTTGGCGACCTCTATTTGTTCATTCTGTGCGAGCAGTTTGCCGATGGCTTCGCGAATAGAAGGATGCCAGTTAACGGCGCGATTGACCGCGTCATTGAGCGTCAGGTTGCCCGGCGCGGCGGCGCTGAGCGGCAACTCAGCGGCGGAGCCATCCAGCGAAGGAAGCATCTGGTCCGTTGCTAATCCTTCGGATGTAATCATTGGCGGCGCTTCTGCGCCCCGGGGCTGGTGATGAAACAAAGCAAATGCCAGTACGATGGCGACAGGCGCGACTCTTCCCATAGTTTATCCCTTTTAAATATCACCGCTTGTTGCCCCGAACGTCGTGGCGTTCGGGGCTTTTTTATCAACCGCCGGTTATCAGGTGGTTGTTCTGCAACAGATCATTTAGCGTGAGCTGCACATTCTCCAGAGTGACAAGGTCGGTTGATTTAAACGCGCTGCCGGCGCCGTCGCGATCGACGGATATCACCGTATTGGCGCCGCTGGTATGAACCTGAACAAAGTTACCCAGCGTCGCCGCCTGGTGATCCCATCCCGTCAGCAGTTCGTGGATATCGATCTTGTCGCCCTGCGCGGTAGAGAAGTTTTGCCAGCGATCGACGCCGTTGCCGCCGGTCGCGTCCGCGCCGTTTAACAGGTGGTAAATCAGCGTATCGCCATAGGCGGAGCCGATGAGAACATCGTTTTGGTTGGTACTGACGATTTGCGGCGCCATATCAATGGTCAATGTGGCGCTATCCGTATGACCCATCTTGTCATCCAGTTGATAGGTAAAGACCTCTTTACTGGTGATGGACGACATCGCGACGCCATTATTCAGGGTGTAGGTGTAAGCGCCATCAAGGTTAATTTGCAATGTGCCGTAATGTCCCTGAATCGTGGCGCTGGTGGTATTCGCCGCGGCGTCCAGCGTGGCGGCGCTGCCGTTATACCCGCTAATGCTCAGGCGGGTATTCACCGTATTAAGCTGATCCATCGCCCCCGCCGCGTCGCTGCCGTCAAAAATATTGCCGAGAACGGTATGCGTTCCGGACGTTTCAAAATTATCCAGATCGACGGTGGTGCCGATGACGCGTGGCGTGATCGTCGCCGCCCCGGCCAGGGTATTGGTGCCGGTAAAGTTAAGCGTGTACGTTCCGGCATCCAGCTCCAGGCCGCTCAGGTTGACGGTCACCGTCGCGCTGCCCAGCGTGATATTCGCCACCGGAACGGTTCCGTTGCGTATGACGGTCCCGTTCTCCTGAATGGCCCAGCTAATATTCAGATTGCCCAGCGTAATGAGCGTGGAGACATCAAAGACCAGTGACGCGCCTTTAAGTACGGTGCCCGTTGCAACGTCAAAGGTGCCGCTCCCGCTGCCCGATTTGCCGAGTAGCCCCCAACTGGCGCTGCCGACGCTGGAGTCCAGCCAGGCAGCGGTATCCTGAAGCGTGGCGACGCTGAGGGTATCGCTGACATCATTAATCGCATCCAGCGCCCTGGCGGTTGGCGTGATATTGAGCGAGGCCGTATCGGTATCGCCGTTTGGCGCTTTGACCGTATAGATAAAGCTGTCCGGCGTTTTAATGCTGTCGGCGCCGACGCCGTTCTTCAGCGTGTAGGTATAGTTGCCTCTTGCGTCAATGGTGAGCGTGCCATACAGCCCGTTTACCTCCGTCGTGCCGGTCGCCGCAATCGCCACGCCGTTTACTTCAGTGAGGAGGGCGTCCGTAGGGGCGACATCATTGGTCAGTACGTTGCCGGTGGTGTTGGCGGTGATACTGTCAACGGCATAGGTGTGGTCCTGGGAAATCGCCAGCGTATAGCCAGTGAGGACGCTAATGCCGCTGGCGGTATTCAGCACGAACAGGTATTCGCCGCCAGGCAACGTCAGGGTCAGCGGCTGGGACTGTCCGGCTAACAGCAGGGTGTTAATCCAGCCCTTTTGCACCCGGAACTGCTCATATTGTTGAATGGCATCGTTGAAGCGATAAACGTACAGATCGAACGTGGAAACCAGTGAGACGCCGCCGACGGTTCCCTGTAACGTCATGGTTCGCGTAGCGCCTTCTTCAACGTTAAAGATGATCGGATTAGTCATATCATCAAGCAGATTCGCGTTCAGTACATTACCAAGTCCGACGCTTAATACCGTGACGCCGCTTTGTGTCGAGGGACCGTTGTTGACGTAGCTAACGTGAGTATCAAAGACCAGCGAGGCGTTATTGTCTGTCGCTATCACGCTGCCCGGTACAGGCGCGGGACCCAGATTGATAACCAGTTGCGCGGCGCTGCTACCGACGCCATTCTGGGTAATGGTGTAGGTGAAGCTCTCTTTATGTCCGTATCCTGCCGTGGGCTTAGCCAGCGTGTAGGTGTAACTGCCGTCCTGATTAATGTGCAGCGTGCCGTATTGTCCCTGGATATCCACGCCGCCCGCGCCGACCGGCGTACTGACGCCGTTGGCGTTGGTGATGGCGGTGACCGTGGTGCCCGTCGGCGCGGTATCATCAGCCATGACGTTGCCGGTACTGATGGTTGGCCCGCTAATAATACCTGCGCTGGTCTGGTGTACATCGACATCCAGGCTGGTATATGACCCGGTAGCGAGCAGACTGGTGTTATAAGTGAGTACCCGGTACTGGCCTTCGCCCAGGCCGCTCAGGTTCAGGGTAACGCCGCTCCCGGTCAGGGTAAGCAAATTCGCGAAGTCGCCAACGGCGGTGTTGACGATCGTCGTCCAGGCGCCGAGGCTGGTGTCGTAGCGCTGTACCACAATCTCCTGAGTACTGAGCAGCGAAAGCACGATTCCCGTTGCGGCGGCATCGATGGTGACGTCGCCCGTACCACCTTCAGCAATGGTGAACTCAACCTGAGCGGTATCGTTACCCAAAACCGAGGCGACATCGCCAAGCGCGCCAACCAGCAGCAGGCCGTAATCCGAATAGTTTTGCGTGCTGGTGACGGCGGTCGAGGTCAGATCAAGACTGGTGATGTTATCCCTTGCCGCCAGCGGCAGAACCGGCGCGGTAATGCCTAACGCGCCGGAGGCATTACCCGCAGCGTCAGTAGCCGTCACGTTAATGAGCTGACCTTCAATTTGTTTTGTCGGCAAGGTGAGAGACCATGCGCCGTTGCTGCCGGCGGTGGTGGTGAGCGTCACACCGCCCGCCAGCGTGACGGTTACGGTGCTGTTTGCCTCTGCCTGCCCGGAAAGTGAACCGCCATCGGCGCTGAGCGTACCTGACGGCGTACCGGGCGCCAGCGTATCGACAATCACCGTCGCGGCGGTGGATACACTGCCTGTTCCGTTGGCGTTAGTCGCGGTGGCGGTGAAGGCGTGGCTGCCTTCGGTCAAATTGCCTGTCGGGGTAAAGCTCCAGTTTCCGCTGGCGTTCGCCGTGGTGGTGCCGAGCAGCGCCCCGTTGTTATAAATGCTCACCGTGGCGC
NZ_CP039489.1_gap31	1199714	1203266	3552	AACCGCCAAGCCTTCCAGCACCGGCGGCTGCGTGTCGATATCAATGGTAAAGGAGACGGACTGCCCGCTGGTGCCGCGATCGTTGGTCGCGGTAGCGGTAAAGACATGGTCGCCATCGGCAAGCGCCAGCGAGGGGGTAAAGCTCCATTTGCCGTCAGCGTCAGCGACAATGGGCGGAAAGGTCGCTACAGGAAAGCCATTATCGTTAATCGATATCGTACTGCCTGGTTCAGCAGTACCGCTGAGGGTTGGGCGGTTATCATCTGTGGCATCGCCATTTTTCAGCAGCCCGGTAACGGCGCCAGCGTCATCCGTCACGGTAAGGATAGTCGGCTGGGCAGGATACTGTGAGTCAGAAGCGGTAAACTCCGTGGCGGGGCCGATGTTACCGACGGCGTCCTGAATACGCGCTTCCAGACGCTCGCCGTGGGTCTGAGCCGGATTCAGCGTGATGCTGAAGTGGTTATTTTCTCCGGTAATCGTGGAGCCCAGGTAATTTCCCGCCGGGTCATAGATCGACACAGTACTGCCAGCTTCAGCGGTGCCGCTAACGGTTGTGCCGTCTTTCGCAACATTATCAATGATAGCGGCGTCAGGCGGTGTGGTGTCCACAATGATAGTAGGCGTTGTCGTCACGCGGCTCGTGTTTCCGGCTTTGTCGCTTTGTTCGACGGTAAAGGTATGTTCGCCATCGCTTAACGGCGTAGTCGGCGTAAAGGTCCAGCGTCCATTTTCGTCTACGGTAGCGCTGCCGATAACGGTTGAACCTTCTTTAATCGTGATGGTATTGCCTGCCTCTCCCTGCCCGGAAAATAGCGGTTTTGCCTCGTCAGTCCGGTCATTATTCTGTAGCGGCCCGGTGAGCAAACCGGTGTTATCGGCAATCAGTTCAACGCGTGGGGCATCGGGGCTGAGTGTGTCGATAGTCAGCGTAAAGCGGGCTGATTCGCTACTTTCGCCTTTAACGTTAGTCGCAATGGCGGTGAAATGATTTTCCCCATCCGCTAGCGCGCTGGTAATGGCAAAACGCCAGTTTCCGCTGGTATCAACCGTTGTTGAGCCTATTTCCTGACCATTGGCGTAAATATGGATGACTGTGCCTGCGCTGCCGGTGCCCTCCAGAGTGGGGGTATTGTCGTTCGTAAACTGGTTATTGCTCAGCGTGCCGGTGAGGGGAGCGGCATCATCGATAGCGGCGGTGATAACCGGTGTATCGGGGAGAGGAATGTTGGGCGCATCAATGGTTGCGGATGGGCCGGTATTGCCGGCATCGTCAGTCGCGGTCACGGTAAGTTGTTCGCCGCTAATCTGTGGCGCTGTCAGATCAATACTAAATTTACCGTCGCTATCCGCTTTGCCCTCGCCAACGACGTTACCTGAGGGATCTTTGATGGTAATGATACTGCCCGCTTCGGCCTCGCCGCTCACCGTTTTTCCGTCCGCTGAAATCAATAATTCGCCGGGAGCGAGAGGCGGGGTAGTATCTACAGGATTACTGCTACCTGGAGTATTGCCGTTAGGGTTACTGCCGCCGGGATTGCTGTTATCAGGGGGATTACCGTCAGGATTGGTGTTATCGGGGGGCGGATTATCGCCATCCGAATGATGGTGGGAATCGCCGCCGCCGGAAGACGCGATAGCGGCAATGCCGCCAGCCGCCACCGCGCCAGCCAGTACCCACGGCCAAACGGTGCCGCCTGCTTCATGGGAAGCGCCGGAAGTGACCAGCAGCTCATTAATATCAGCGATTTGTTCAAAATGTAGCCCGGCTTGCGGATTTTCTACCCACCATAACGTGCCATCGTTTTCCGCCAGTACTAACTGGCTTGCGCCCAGATCGTTGGTAACGTAAAAGTTTTTAATCGTGATCGTTTCGCCGGAATGGAGCGTCACCACCAGATCCTGATTAATGCGCGTAAGTTGACTAATTTCCTCCCGGGCCACTGATAATTTAACAATTGACGGGGCGTTAAGAGTGACCGCTGAGGATTCCACAGTGGTGGAGACGCCAGTCAATTTCGAAACCACGGCGAGTAGACGCATAAATTAGCTCCTGATGGATTTGCTCTGTGTATTAATTAACGGGCACGACGTTCAGGGCAAAATGCGTAGACGAGCCTTCCCGTTCATCATGAGAGATGAATTTCCGTAGCCATATTCTTTTTTATGAGCGTAGGTGAAGGTCTGGTTTTCTCGCCGAATAACCCTTTGTTTTTTGTGCCTGACTAGTGCTTTCGTATTAGATGATATAGTCAGAAAAAAATCTTTCTGCAAATTAAGATCTATTGATAAAGGTGTTAGTGCGTCTGAAATATAACGGAGTTTGTGTTAAGGAGAGGTAGAGTGGGCTAACAATGCATGATAATTTTTTATTTATCTTTATGTTTTATAATGAATTTTAATTTTTTCTTCTTTTTCTCTTTTAACATAAAAACAATACTTTTTGTGAAGGTATTCAGCAATATTAAATTTTATAAAAATCATTTGAAGTATTGTGTTATTAGGCTATAAAAATTTTTTAAACAAAGAATATATTCTTGTTGTGGTATTTATTGCTATTGATAAGCGTCAGACACAGAGAATATATTTTCGAGGCATGCATGAGATATGAACATTGACCAGCTTCATACTGAGAAGCTGGTCACAAAAAATGTCTATTATCGGCCTGCATTTTTCATAATGCGTGCTTTATCCAGTTGCCACTCACGTTCTTTAAGATCGGAACGTTTATCATGTTGTTTTTTACCTTTCGCCACGCCGATCTTCACTTTGCACCAGGCATTTTTCCAGTACAGAGAAAGCGCGACGACAGTATAACCTTCACGATTAATACGGCCATACAGCGAATCAAGCTCACGCTGATTTAACAACAGTTTGCGGGTTCGGGTTGGGTCGCATACAACATGTGTCGAGGCGACCGCCATCGGCGTAAAGTTTGCGCCAAACAGCCAGGCCTCGCCATCTTTGAGAATAACGTAACTGTCGCCGATATTGGCTTTTCCTGCGCGCAGAGATTTTACTTCCCAGCCTTGCAGGGCGAGACCAGCCTCGAACTCTTCTTCGATAAAGTATTCGTGCCGGGCGCGCTTATTCAGCGCGATGGTGGCTGAGCCCGGTTTATGTGCTTTTTTCTTCGTCATAAGTGTCGTGAATTCATAGGTAATCTGATATCGAAAACACCCCATTACGTCCTGATGAGGTGCAAAAATCTATCTTAGCATGAGTTGGGCTATGCACGCACAATTAAGGCATGACGGTTGGGGACAGCATTTTTTTTACTCGCTGATAAGTGGTATTATTTACACGATTTATGTTGATGGGAATTGCTATGCCTCAGATTAGTCGGACTGCTTTAGTCCCCTACAGTGCGGAACAGATGTATCAGTTAGTGAATGACGTGCAATCGTATCCCCAGTTTTTGCCTGGGTGTGTTGGTAGTCGCGTCCTGGAGTCATCGCCAGCACAGATGACGGCGGCTGTTGACGTGTCGAAGGCGGGTATCAGCAAGACGTTTACGACGCGTAATCAGCTAACGCGTAACCAGAGCATTCT
NZ_CP039489.1_gap32	1287168	1289006	1838	CCGGAAACCATCGGTCTTCTGCTGGGCGTGGGTCTGGTCGCGCGTTTTCTCGGTAGTCTGCTCATTGCGCCTCGCGTAAGCGATCCTTCGCGGTTGATCTCTGCGCTGCGCGTCCTGGCATTGCTGACGCTGGTATTTGCGCTGGCATTTTGGGCAGGAACGCATGTCGCGTGGCTAATGGTGGTGATGGTTGGGTTTAACCTCTTCTTTTCACCTCTGGTGCCGCTGACCGATGCGCTGGCCAATACCTGGCAAAAACAAATTACCCTGGACTATGGTCGGGTGCGGCTGTGGGGGTCCATCGCCTTCGTGATAGGGTCGGCGCTGACCGGTAAGCTGGTGAGTTTATACGATTACCAGGCGATTCTGGCGCTACTGACGCTCGGCGTCGCCTCGATGTTGCTGGGCATGTTGTTACGTCCCAGCGTGCCGCCGCAAGGGGAAAGCCGCCAGCAGGAGAGCGCAGGCTGGCCCGCCTGGCGTACGCTGGTGGCACAAAGTTGGCGTTTTCTGGCCTGCGTCTGCTTGCTGCAAGGGGCGCACGCCGCCTACTACGGTTTTAGCGCCATCTACTGGCAGGGGGCTGGCTATTCAGCATCGGCGGTCGGCTATTTATGGTCGTTGGGCGTGGTGGCGGAAGTGATCATTTTTGCCCTGAGTAAAAAGCTATTCCGCCGGTTTAGCGCCCGCGACTTGCTGTTGCTTTCCGCTGTGTGCGGCGTGGTACGCTGGGGACTGATGGGCTGGAGTACGGCGTTGCCGTGGCTGATTGTGATACAAATCCTGCACTGTGGCACGTTTACCGTTTGCCATCTGGCCGCCATGCGCTATATCGCTGCGCGTCAGGGAAGCGAGGTGATTCGTTTGCAGGCCGTCTATTCCGCTGTGGCGATGGGCGGCAGTATCGCGATTATGACGGTATTTGCCGGTTTTCTGTATCAACATCTGGGCGGCGGCGTATTCTGGATTATGGCGCTGGTGGCATTGCCCGCTATCTTCCTTCGGCCCAAAGTGGTTGCCGCGTCATGATTCCAGGATCTTGCGGATCTGCTGCTGTTGGTGCTCTGTGAGGGCGCGATCCGCATGAATTAATGGCGGTGAGAAGAGCGGTAGCGGCGTGGCGTAAGGGGTAACAATCAGCGCTACGCCGCGCGGGCATCCCTCTTTTTGAAACGCCTGGAGCGATATCCGTCTGATATTCAGCGGCAATAGGGTCAGTTCACGCAGTTGCTGCTCAATATGCGTCTCCAGCGCATCATTTTTATCCGCTAACAATACGATCTGTCTCTCATGCAAATCGTTATCCTGCATCAGCCAGGCGCCGAAAATCACTGCCACCAGCCCCGTCTCTTCCTCGGAAAAGTGGATACCATATTCGGCTTCAAACCCGGCGAGCGCCTCACGTGTGGTGCGAACCAGACGCGGATAAAGACGGTTGAACTCTTCCGGAAGCGTATTATCGATGCCAATCGTGAATAAACTTCGGTTCAGCGCCTGGGCGAGATGGACATAGAGCTGATCGTTAAGCCCTTGTTCGTCGCTGAAGCGTACGTTCCCTTTTTCTCGAAAGCGCAGCACCAGCCGCGCCACCTCCAGTCGCAGTTGCTGCGCCCGTTGATGCGTGTCGCGAATCGGGTCGGGGAGGCGAATCATTGAAAACAGTAACGCCATAAACAGCGCTTCATTGAGCGGTGCGGCCTGCATCACGTGGCGCTGCCAGTGACGACCAATTTCCTGGGCGAGTGGATATTCCGCGCACGACTGCGCCCAAATCTGCTGCACAGGGTTGAATTCCGGGGTGATGCCAGCATGGTGTTGTAGCAGACAATACTGTAAAA
NZ_CP039489.1_gap33	1374555	1376208	1653	GCTAAGCGGGCTGTCTGAAAGTTGGCAAGTGCAGGAGTTATCGCGTCTGTGGCTGCAACTGGCGCAACATGACGCGAAAGGCGTATTGCAACAGACGCTGCGGACCTGGTTTGAACATAATTGTGACCTGACGCAAACGGCCAAAGCATTGCATATTCATGTGAATACATTGCGCTATCGCTTACAGCGCTGTGAGGATATTACGCACATAAAAATCAACGAGTTAAAAAGTACGCTTTGGCTTTATATCGGTATGGAGCTCCAGGCCGAATCTGTACCGTCCGACAAGTTACCGCTGCCAGGTCGAATCGAAATTTGTTGAAAGCTCCAGCGGATTTTTAGGCGGGTTTTTCCATACTGCGCGCTCCATGTTAAAGGAGGCGCAGTATATGACGTCGATATCCACCCTGGGAGCCATTGCCGCATTGGTTGTGGCCATCGTATTAATTTTAAGAAAAGTGTCGCCAGCCTACGGCATGATGGCGGGCGCGCTGGTCGGCGGTTTGATTGGCGGCGCCGATCTTCTGCAAACCGTGTCGCTGATGGTGTCAGGCGCGCAGGGCATCGTTAATGCCGTATTGCGTATTCTGGCCGCAGGCGTACTGGCGGGCGTATTAATTGAGTCCGGGGCGGCGAATACGATTGCTGAGACGATTGTCCGCAAAGTGGGGGAAACCCGGGCATTATTGGCATTAGCCATTGCCACACTATGTTTGACCGCCGTCGGCGTATTTATTGATGTGGCGGTGATTACCGTCGCGCCGATTGCGCTGTCGATTGCGCGTAATGCAGGCCTGTCAAAAAGCGCTATTCTGCTGGCGATGGTTGGCGGCGGCAAAGCGGGTAACGTGATGTCACCCAACCCGAACGCTATTGCCGCCTCTGATGCGTTTCATGTTCCTCTTACCTCTATTATGCTGGCGGGCGTGGTTCCGGGCATCGTTGGGCTTATTATCGCCTATCTGTTAGCGAAACGGCTGAATAATAAAGGCGCGGGCGTCGCCGATCATGAAGTGACTCACCATGATGACTCCGTCGCCAGACCCGGCTTTCTGGTGGCGATTAGCGCGCCGCTGGTCGCTATTTTCCTGCTTTCTCTCCGTCCGTTTGCCGGCATTTCCATTGACCCGTTAATTGCCCTGCCCGTAGGGGGATTGGTCGGTCTGCTGTTGATGGGACGCGCGCGCCACTGTAACCAGTACATGGTCGCCGGTCTGATGCGTATGGCGCCTGTCGCTATTATGTTGCTGGGAACCGGTACGCTGGCCGGCATTATCGCTAATTCCGAACTTAAAGATGTCCTGATTCATGGCCTCACCGCTTCGGGATTGCCGTCCTGGCTGCTGGCGCCCGTGTCTGGCGCCATGATGTCAATGGCGACGGCCTCAACCACGGCGGGAACGGCGGTGGCGTCCGGCGTTTTCTCTCCCACGTTACTTGAACTTGGCGTTTCCGCCCTGGCGGGAGCCGCTATGATCCATGCGGGCGCCACGGTGCTGGACCATCTGCCGCACGGCAGCTTTTTCCACGCGACGGGCGGCAGCGTCAATATGCAAATTCATGAACGTTTAAAGCTAATGCCGTATGAAACGCTGGTGGGGTTAGCCATTACCTTTATTTCTACTCTGATGTTCGGTTTCTTTGGTTTTGCAG
NZ_CP039489.1_gap34	1378806	1382460	3654	CGGTTATCGCCGGCACGGGCGCAAACGCGACCGCGGAAGCGATTAGCCTGACGCAGCGTTTTAACGATAGCGGCATTGTTGGCTGCCTGACGGTGACGCCGTACTACAATCGCCCCACGCAGGAAGGTTTGTTCCAGCATTTCAAAGCCATCGCGGAACACACTGACTTGCCGCAAATTCTGTATAATGTGCCGTCCCGTACCGGCTGCGACATGTTGCCGGAAACCGTGGGTCGTTTGGCGGAAATAAAAAATATTATCGCTATCAAAGAGGCGACAGGGAACTTAACCCGCGTTCACCAGATCAAAGAGCTGGTTTCAGACGATTTTATTCTGCTTAGCGGTGATGACGCGTCTGCGCTGGACTTTATGCAACTGGGTGGTCATGGCGTGATTTCCGTTACGGCTAACGTAGCGGCGCGCGATATGGCTGACATGTGCAAACTGGCGGCGGAAGGGCAATTTGCCGAGGCGCGCGCTATCAACCAGCGTCTGATGCCGTTACACAACAAACTATTTGTCGAACCCAATCCTATCCCGGTGAAATGGGCATGTAAGGCATTGGGTCTTGTGGCGACCGACACGCTGCGCCTGCCAATGACGCCTATCACGGACCATGGTCGTGACATCGTCAAAGCAGCGCTTCAGCATGCTGGCCTGCTGTAAAGTTTAGGGAGATTTGATGGCTTACTCAGTACAAAAGTCGCGCCTGGCGAAGGTTGCGGGTGTTTCGCTTGTTTTGCTGCTCGCTGCCTGTAGTTCCGATTCGCGCTACAAGCGCCAGGTAAGCGGCGATGAATCCTATCTGGATGCCGCGCCGCTTGCTGAACTTCACGCCCCGGCAGGAATGATCCTGCCGATAACGACCGGCGACTACGTTATTCCGGTCACGAAGGGGAGCGGCGCGGTTGGTAAGGCGTTGGATATCCGTCCGCCAGCGCAGCCGTTAGCGTTAGTGAGCGGCGCGCGTACCCAGTTCTCTGGCGATACCGCTACGCTATTGGTGGAAAATGGTCGTAGCAGCACGCTGTGGCCGCAAGTCGTCAGCGTGATTGAGGCGAAAAATTATCCGATTGAAAAACGTGACGATGCCAGCCAGACCCTGACGACCGATTGGGTGAACTGGAACCGCCTGGATGAAGACGAACAGTATCGTGGACGTTATCAAATCTCGGTGAAGCCGCAGGGCTATCAGCAGGCGGTAACGGTAAAACTGGTTAATCTGGAACAGGCTGGCAAGCCGGTCGCTGACGCGGCGTCGCTGCAGCGCTATAGCACGGAAATGATGAACGTCATTTCCGCCGGTCTGGATAAGACCGCTACGGATGCGGCAAATGCCGCGCAGAACCGTTCCGCCGCAACGATGGATGTGCAGAGCGCCGCTGATGATACCGGTTTACCTATGCTGGTCGTTCGCGGTCCGTTCAACCTCGTGTGGCAACGCCTCCCGGCCGCGCTGGAAAAAGTGGGCATGAAAGTCACCGACAGCACTCGCTCTCAGGGCAGCATGGCGGTAACGTACAAACCGTTGTCTGACAGCGACTGGCGGGATCTGGGCGCTAGCGACCCGGGCCTGGCATCCGGAGACTATAAATTGCAGGTCGGCGATTTAGATAACCGCAGCAGCTTGCAGTTTATCGATCCTAAGGGGCATACTCTGACGCAAAGCCAGAACGACGCGCTGGTTGCCGTCTTCCAGGCAGCGTTCAACAAGTAATTTAACAGGGCTGGAGTAATCCGGCCCTTTTTTCTGATAAGATACGCAAACGTGTGCGTCGGTACAAAAACGCGATTTAACCGCTATTTCGCACCACAATTACAGGCCGACGTCTCCGGCAGGCGTAGCAGGAAATGAATACTTATCGTTAATTCACACCCAGGAGTGTTAAAGATGCAAAAGCAAGCTGAGTTGTATCGTGGTAAAGCGAAAACCGTATACAGCACGGAAAACCCGGACCTGTTGGTGCTCGAATTCCGCAATGATACGTCAGCAGGGGATGGCGCGCGCATTGAACAGTTTGATCGCAAAGGCATGGTAAATAACAAATTCAACCATTTCATTATGACCAAACTGGCCGAGGCGGGCATCCCGACCCAGATGGAACGTTTGCTGTCTGATACCGAGTGTCTGGTGAAGAAGCTGGAGATGGTGCCGGTTGAATGTGTGGTGCGCAACCGTGCGGCTGGGTCGCTGGTCAAGCGTCTGGGCGTGGAAGAAGGCATGGAGCTTAACCCGCCGATATTCGATCTGTTCCTGAAAAACGACGCGCTGCACGACCCGATGGTGAATAGTTCCTACTGTGAAACGTTCGGTTGGGTAAGTCAGGAAAATCTGGCGCGTATGAAAGAGCTAACCTACAAAGCCAACGACGTACTGAAAAAACTGTTTGATGACGCGGGTCTTATCCTGGTGGATTTCAAACTGGAGTTTGGCCTGTATAAAGGCGAAGTGGTGCTGGGCGATGAGTTTTCGCCGGACGGTAGCCGCCTGTGGGATAAAGAGACGCTGGACAAAATGGACAAAGACCGCTTCCGCCAGAGCCTGGGCGGTCTGATTGAAGCCTATGAAGCCGTCGCGCATCGACTGGGCGTGAAATTAGATTAATTCCGCTTCTGACCGGAGGGCAACCGCTCTCCGGTATCATCCTTTCCTCATTCTGATAGCGTTTACCTGTGGTAATCCTGCGCCTGACCGCCTACGATCATCTGTATAACAAAGAGAGAATGAGGTGATTATGCGCTGGCAAGGGCGTCGTGAAAGTAACAATGTAGAGGACAGACGTAATCGGCCAGGCGGCCCCTCGCTGGGTGGCCCAGGCTTTCGTCTTCCGCGCGGAAAAGGCGGCATCATTCTGTTGGTGGTGGTGTTGGTCGCAGGGTACTATGGGGTGGATTTAACCGGTCTGTTGACCGGTCAGCCGGTTTCGCAGCAGCAGTCGACGCGTTCGATAAGCCCCAATGATGATGAAGCGGCAAAATTTACCTCGGTGATTCTGGCGACGACCGAAGATACCTGGGGGCAACTCTTTCAAAAAATGGGGCGCGGCTATCAGCAGCCAAAACTGGTGATGTACCGTGGTATGACGCGCACCGGCTGTGGTGCGGGTCAGTCCGTGATGGGGCCGTTTTACTGCCCGGCGGACGGCACCGTCTATATCGATCTCTCATTTTACGATGATATGAAAAATAAGCTGGGCGCGGACGGTGATTTTGCTCAGGGTTATGTCATCGCCCACGAAGTCGGCCACCACGTACAAAAACTGTTAGGTATTGAGCCGAAAGTACGCCAGTTGCAGCAAAACGCGTCGCAAACGGAGGTGAATCGCCTTTCGGTGCGCATGGAACTACAGGCGGATTGCTTTGCCGGCGTGTGGGGACACAGTATGCAGCAGCAAGGCGTACTGGAGGCGGGCGATCTGGAAGAGGCGCTCAATGCCGCACAGGCTATCGGCGACGATCGCTTACAGCAACAGGGACAGGGGCGCGTCGTGCCGGATAGTTTTACCCACGGCACCTCAGAACAGCGCTACAGCTGGTTTAAGCGTGGATTTGACAGCGGTGACCCGGCGCAATGTAATACGTTTGGCAAAAACTTTTGATAAACCGGGGCAGGGATGTCTGATATCGATGCGCTACGGGCGTTAACGTCGCAAAT
NZ_CP039489.1_gap35	1395086	1398632	3546	ATCTCCAGAGTAGTGCTTTTACTCTGTGAGAATAATTTACCGGCGACGTTTTTATTAGGATATTGTGGGTCGGCAGGAAAGCCCGCGACGTGATGAAGAATATCAATAATGCGGAGTTTATCTTTGCCTTTTATTTTATCCCCAGGCATATCCTTAAAGCCGGGGATATATTTTGATACCAAATCATTGACATCTATTTTTCCTTCATACACTAGTTTTTGCAATGCAAAGTTAGTGGCATACATTTTTGTGTTTGAAGCCAGGTCATACATCGTGTTAGTGGTCGCCCGAATGGGATGGGCTAACAGCGTGGAACCGTTATATTTTTTAGCATAGCCCCAGGCTTTTTGTAGAACAATATGATTATCTTTTATCACCAGAAGATTGATGCTGGGATATCCGGCATCAATTTGATTTTGAATCCAGCCATCAAGTCGGTGAAGTTTTTGGCTATCAAACCCCACCTGATCAGGGCTCGCGGTGGTCAATACCGGATACTCAACGGCAAAAGCTGAAAGGGAAAACGTCAGTAGAACCGTCGCAACGAGAGTAAATTTCATGATGATTCCCTCAGTCTCACTCCGGCCGTCAAATCATATCGCGAGCATGGACTCTGCGGCCCGGAGAAGCAGAATATGGTCATGGCAGTGACAGAAAAATATGGCTGTACATCCGTTCAGTCGGCATTAAGGATTAACCCTTCAGCAGACAAAACCGACCTCACGGCGTAATATTAATGCTCTTTTTACACCCTGGAGCCAGCATGTCGCAAACCATTACGCTTATTAAGGATAAAATTCTTTCTGATAATTATTTTACTCTGCGCAACATTACCTATGACCTGACCCGTCGTAATGGCGAGGTTATCCGTCACAAGCGTGAGGTTTACGATCGCGGGAATGGCGCAACCATTCTGCTTTACAACTCAACTAAAAAAACCGTGGTTCTGGTTCGCCAGTTTCGCGTGGCGACATGGGTCAATGGTAATCAAGACGGTATGTTAATTGAAACCTGCGCTGGCCTGCTTGATAACGACGAGCCGGAGGTCTGTATCCGTAAAGAGGCCATTGAAGAGACAGGGTATGACGTTGGTGAGGTACGCAAGATATTTGAGCTGTATATGTCGCCAGGCGGCGTCACGGAGCTGATTCATTTCTTCATTGCCGAATATCATGATAGCGAGCGTGCCAGCATCGGCGGCGGCGTGGAGGACGAAGAGATTGAGGTGCTTGAACTGCCGTTTTCCCGGGCGCTGGAAATGGTGCGCTCAGGCGAGATTCGGGACGGTAAGACCGTGTTATTGCTTAACTATTTACAGACGTCTCATCTAATGGACTGAAAAAAAAGAAATATATTTCTTTACACAAAAAAGACCAATCCGATAAATCTGATTGAGAACCCTGAGGCGCGCAAGGAAGATACCGCCTTAGCTGTGTTGTTCTGAATCTGGGGTTGTTCCGTTCATGCGCTACCGCGTTATTCTTTTTTGTCTGTTTGGCCTGTTGCCGGTCCAGCTACTGTGGGCTGCGCCAGCGCAACGGACTTTTTCCGACTGGCAGGTCACCTGCAATAACCAAAATTTTTGCGTAGCGCGCAATACTGGCGAACATCATGGGCTGGTGATGACATTAAGCCGCAGCGCCGGGGCGCGTACCGATGCGGTACTGCGCATCGATCGCGGCGGTTTGGCGCCGCCCGACGCTAAAGAAGCCGCAATTGCGCCTCGCTTATTGCTGGATGGCAAACCGCTTTCGTTCAACAGTCCACACTGGCGCGTGTCGCCCTGGCATCTCATGACCGGCGATCCTGCCACCATCACCACATTTTTACAGACGATTCAGGATGCGCAGGCCATCACCTTAAAAAACGGCGTTCAGACGCTTTCGCTGGCGGGATTAAAAGCGGCATTACTGTTTATCGACGCGCAACAAAAACGTGTGGGCAGCGAAACCGCCTGGATTGAAAAAGGAAACGAACCGCCGCTCAGCGTGCCCCCGGCACCGGCATTAAAGGGGATCGCCGTTATTAATCCAACGCCCGTACCGCTGAGTGAGGAAGAACGCGACGATCTGCTGGACTACGCAGCATGGCGGGTAAACGGCATTCGTTGTTCGCTTGACCCGCTGCGTCGCGAGACGCAGGTCAGCGCGTTGACGGATGATAAAGCGTTATTGATTGTTAACTGCGAAGCCGGCGCCTATAACACTATTGATCTCGCCTGGGTAGTTTCACGCAAAAAAACGCTCGTCTCGCGCGCCGTACGTTTGCGGCTGCCGTTTAATCGCGGCGTCGAAAGTAATGACATGGAGTTGATGAACGCCTTCTTTGACGAGAAAACGCGCGAGCTGGTGACGTTGGCGAAAGGGCGGGGGTTAACCGACTGTGGTATCCAGACGCGCTGGCGTTATGATGGCGATCGTTTTCGTCTGGTACGTTATGCCGAAGAACCGAGCTGCGATAACTGGCACGGGCCGGATGCCTGGCCTACGCTGTGGATCACGCGTTGAATCCTGGTTGTTATCCCCTTTTCAGAATAGGGATACACCTATTGAGGTTTCATTTATGGTATAGAGATTGCTACGTTACGGTAGGATTGTTACTTTACCCGATAGCCTCACCACAGCAGGAAATAGTATGAAAATAAATAATGGCCCCGTATTATGCCCCCATTGTGGCTGCCTGAGCGCTTATTATGAAATAGATCGGCTGGCGGCGATAAGAGAGAAAGTGAATAAAGAAGGCGGATCAGCGGCATGGGATTCAACATTACAGGCGCATAAAAAAAAGGCCTTTTGCCTGATGTGCCATAAATCCATTGATGAGGTCGTCATCGGGCAGTCAGATGCGCCTGAGTCTACGAAGTAATTTTGCACAGCCTACAGAACAGGTCTGCAGACTGTGCAACGTCTGTGTTGCTAACGCTCGCCTTAGCCTTTGATGTTTAGCACCCGGCGGGCTTTTTCTACAATATTTTCCACGGTAAAGCCAAAATACGGGAACAGTTTGTCAGCCGGGGCGGATTCACCGTATCCCGTCATGCCGATAATTGCGCCTTTTAGGCCAACATATTTATACCAGTAGTCGGCTATACCGGCTTCCACCGCGACGCGGGCGGTCACGTGCGCCGGTAGCACTGATTCGCGATATGCCTCGTCCTGCGCATCGAAAATATCCGTTGAAGGCAACGACACCACGCGAACGTTATGCCCCTCGCCAGTCAATTTTTCCGCCGCCTGTAGGGTAATTTCCATTTCCGATCCGGTAGCGATCAGAATGATATCCGGCTTGCCGCCGCTATCTTTCAGAATATAACCGCCGCGGGCAATCGCTTTCACCTGTTCCGGCGTGCGTTCCACCTGCGCCAGATTCTGCCGCGAGAGAATCAACGCCGTCGGCCCGTGGTGACGTTCAATGGCCAGCTTCCAGCCGACCGCCGCCTCAACCTGATCGCAGGGACGCCAGGTGCTGAAGTTTGGCGTTAAGCGCAGGCTCGCCAGTTGTTCCACGGCCTGGTGCGTCGGGCCATCTTCGCCCAAACCGATGGAG
NZ_CP039489.1_gap36	1442812	1446325	3513	GTCTGGAACCGGTTCAGGTGGCTGGTGTGCTGGTCAGCAATGCCACGTTGCATAATGCCGATGAAATTGAGCGACTTGGCTTGCGCATTGGCGATAAGGTGGTTATCCGTCGGGCAGGCGATGTGATCCCTCAGGTGGTCAACGTGGTTCTGTCCGAACGCCCTGAAGAGACACGTCCGATTGTGTTTCCAACGCACTGTCCGGTGTGCGGATCGGACGTAGAGCGCGTCGAAGGCGAAGCCGTTACCCGTTGTACCGGAGGGCTGATTTGCGGCGCGCAGCGTAAAGAGTCGCTGAAACATTTTGTGTCGCGCCGGGCAATGGATGTAGACGGGATGGGCGATAAGATCATCGACCAACTGGTGGAAAGGGAGTATGTCCATACGCCAGCGGATCTGTTCCGTCTGACGGCGGGTAAACTGACCGGCCTGGACCGAATGGGGCCAAAGTCCGCGCAAAATGTTGTTAACGCGCTGGAAAAAGCCAAAGCGACGACCTTTGCGCGTTTTCTCTATGCGCTGGGCATCCGTGAAGTGGGTGAAGCGACGGCGGCGGGGCTGGCGGCTTATTTCGGTACGCTGGAGGCGCTGCAGGCCGCCACCATTGACGAGTTGCAGAAAGTACCTGACGTGGGGATTGTGGTCGCTACGCACGTCTTTAACTTTTTTGCCGAAGAGAGTAATCGTGATGTGATTGGGCAGCTACTGGCGGAAGGGGTTCACTGGCCCGCGCCGGTAGTCATTAATGTGCAAGAGATCGATAGCCCGTTTGCCGGTAAAACCGTGGTACTAACCGGTAGCCTGAGCCAGATGTCCCGCGATGACGCTAAAGCGCGTTTAGTGGCGCTGGGCGCGAAAGTGGCAGGCAGCGTATCGAAGAAAACCGATCTGGTGATTGCCGGTGAAGCGGCGGGTTCGAAACTGGCCAAAGCGCAGGAACTGGGTATTACCGTGATTGATGAAGCGGAAATGATCCGCTTACTGGATGCCTGAGATGGAGAAAGAGCAGCTGGTTGAAATCGCCAACACCGTGATGCCGTTCGGCAAATATCAGGGACGTCGATTGATCGACCTTCCGGAAGAGTATTTGCTGTGGTTTGCCCGTAAAGATCAGTTTCCGGCGGGTAAACTGGGGGAGTTGATGCAAATCACGCTGCTGATTAAAACCGAGGGGCTGACGCAACTGGTGCAGCCCCTTAAACGCCCGCTTTAAGCTTTCGCGGCGCGGCTTTCCTGCTGCGCCTGTAACTTCTCGGTCTGGCGTTTGTAGCGCCGCGCCAGCCCTGCGCAGACCATCAGTTGGATCTGGTGGAAGATCATCAGCGGTAATACCATCATACCCAGCACTGACGTCGGAAACAGAATATTGGCCATCGGGATCCCGTTGGCCAGGCTTTTTTTCGAACCGCAGAAGACAATAGTGATTTCGTCGGCTTTATTGAAGCCGCATTTACGGGCGACAAAGACGTTAATAGCGATGACGATCGCCAGCAGTATGAGGCTGACCACGACGATAAACAGCAGCGATCCCCAGCCGACTTTGTGCCAGATGCCGTTGACCACCGCTTCGCTGAACGCCGAGTAGACCACCAACAGAATAGAGGTCTGATCCGTTTTCGCGATCCACTTTTTGTTGCGCGCGACCCAATTGCCGATCCACGGGCGAGACAGGTGTCCCAGCACAAAAGGCAGCAGCAGTTGCAGCATAATTTTGCCCACCTCTTCCAGACTGCCCTGCGCGCCATGAATATTCATTACCAGACCGACCAGCAGCGGCGACAGGAAAATGCCCAGCAGGCTGGACGCAGACGCTGAGCACACCGCGGCCGCGACGTTACCGCCCGCGAGTGAAGTAAACGCAATCGCAGACTGCACGGTGGCGGGCAAAATACACAGATACAGAAAGCCGCTGTAGAGCATAGGGTCGACATTGACAGGCGCCCACCAGGCAAACAGTACGCCGAGGACAGGAAAGAGCACAAAAGTGCTGCACATGACCCACAGATGCAACCGCCAGTGGCTGCCGCCAGCGATGATCGCTTCACGCGAAAGCTTCGCGCCATGCATAAAAAACAGCAGAGCGATAGCCGCTGTCGTAATGCCTTCAACGACAGGCACAAAGCCACCTTCCGCCGGGAAAAAAGAGGCCAGTAGTACCACGGTGATAAGTGTCAGCGTGAAAGGGTCAAGGATACGAAAAAGTTTCATAAAAACTCCTGAAAGTCGGTGCAGCTATTTTGCGTTTTTCGCTTTGAGAAATAAAATTGATTTATTGCATCTATATATGAATCTAGTCGATGAACTATTCACTGCGTCAACTGCGTATTTTTATTACCGTCGCCCAGGCCAAAAGTTTCAGTCGGGCAGGGGACAGGATTGGACTGAGCCAGTCTGCGGTCAGTCATAGCGTAAAAGAGCTGGAGCGGCAAACCGGCGTCAGACTGCTGGATCGCACTACGCGTGAGGTGGTGCTGACCGAGGCGGGGCAACAACTGGCGACGCGTCTGGAGCGGGTGCTTGATGAACTGAACAGCATACTGCGCGATGCAGGCAGAGTAGGGACACAATTAACCGGCACCGTGCGCGTTGCCGCGAGCCAAACCATTTCTGCGCATCTTATTCCGCAATGCATTGCCCAAAGTAATTCACTTTATCCCGCTATTGATTTTGTATTGCACGATCGTCCGCAGCAGTGGGTGCTGGAGAGCATCCGCCAGGGTGAAGTGGATTTTGGCATCGTTATCGATCCCGGCGCAGCGGTGGATTTACAGTGTGAAGCCATCTTATCAGAGCCTTTTTTACTGTTGTGTCGCCAGGATCATCCGCTGGCGCATCAGGAATGGGTAAGCTGGCAGGATCTTAAACAGGCGTCGCTGGTCTTACAGGATTATGCTTCCGGCAGTCGACCGCTGATTGATGCGGCGCTGGCCCATTTTTCGATTGATGCCAATATTGTTCAGGAGATTGGTCACCCGGCCACGCTTTTTCCAATGGTGGAAGCGGGAATCGGCATCAGCGTGCTGCCCGCGCTGGCGTTACCGCTCCCGCAGGGCAGCCACTTACAGGTTAAACGGCTGACGCCCGTAGTTGAAAGGCAGCTCATGCTGGCGCGGCGAAAAAACCGATCGCTCTCCATGGCGGCGCAGGCGTTGTGGGACGTGGTGCGTACTCAGGCCAGCGAATTAACCGCCGCGAGGGCGAAAGATCCGCTGTATCAGCTATAAATATCTATCTGTCCGTGTGTGAGGTGCGGTCTTGCCCTGCCATTTTTGACAGGGCTGTGTGTTAAAACAGGTATTTGATGGAATAAATAATGCCATCCTGCAGGAAGGATTCTCCTAACTTATTATCAGCGTAACGATATTGTACTCCTGCGGTCAGGTGAGGAGTCGCATTCCACCACAGCGCTACTGCGCCATTAATGCCATCTTTCCCGCCATTGCCCGCAGCGTAGGACGCATCGCGGTCAAACTCATACTCATTCCAGTTCGTTACGCTGAATTTCTCACTACCC
NZ_CP039489.1_gap37	1447527	1448508	981	ACGATGCCCGGTACGCCGATGGTGGGGCCAAACGATGATCGTTATGGCGATCGCTTCTTCTCGCTGGCTAATGCTTATGACGCAGATTATCGCGCCATGCTTCAGTCCGTTGCGGCAGAGGAGGGATTCCCCCTCACTGAAGGCGTATTTGTTTCTTATCCGGGTCCGAACTTCGAAACGGCGGCAGAAATCCGCATGATGCAGATTATTGGCGGCGATGTGGTCGGAATGTCCGTTGTCCCTGAGGTGATTAGCGCACGTCATTGTGGCCTCAAAGTTGTTGCCGTCTCAGCGATCACCAATCTGGCGGAAGGGCTGGGCGATGTAAAACTCTCCCATGCGCAAACGCTGGCGGCGGCTGAACTTTCCCGGCAGAACTTTATAAATCTGATTTGCGGCTTTTTACGTAAGCTGGCCTAAACACAATGACTACGGCCCCGTATTGGGGCTTTATCTCACGGCAAGGAATAAAAAATGGGTATTACGTCCCGCTTAAAAGTCATGTCGTTCTTGCAATATTTTATCTGGGGGAGCTGGCTGGTTACCCTGGGCTCTTACATGATCAACACTCTGGATTTTACCGGCGCGAATGTCGGTATGGTCTACAGCTCAAAAGGACTGGCAGCGATTATCATGCCGGGCATTATGGGGATCATTGCTGATAAATGGCTGCGCGCTGAGCGAGCCTACATGCTTTGCCATCTGGTTTGCGCGGGGGCGTTATTGTACGCCACCACCGTTACCGATCCCCAGACGATGTTCTGGGTGATGTTGGTGAATGCGATGGCGTATATGCCAACAATTGCATTATCCAATAGCGTTTCGTACTCCTGTCTGGCGAAAGCAGGTCAGGATCCGGTAACGTCATTTCCGCCTGTGCGCGTTTTCGGCACAATAGGTTTTATTGTTGCGATGTGGACGGTGAGCCTGATGGGGCTGGAACTGAGCAGTGCGCAATTATACATCGCTTCTGGCGCATCG
NZ_CP039489.1_gap38	1452422	1455166	2744	ACGTCCACCACGCGATTCAGGCCACGGCGGATGAGCTGGAAGTGGGGATGGGTAAAGTGGGGATGCCGCTGCGTGTGGCTGTGACCGGTGCCGGGCAGTCGCCTGCGCTGGATGTCACCGTACATGCGATTGGTAAAACCCGCAGCATTGAGCGCATCAACAAAGCGCTGGGCTTTATCGCCGAGCGTGAAAGTCAGCAGTAACGCCAGCTGAAACAGAATAAACGGCAGGGCAGACGCCTGCCGTTTATTATTTGTTAGTCCGCCTCATTGATACCTAAACGCGTCAGAAATCCGCGAATACCTTCCCGCGATAAAAACAGCGCCAGTTTTTCCTGTTCCTGAGCAGACATATTTTCAACGGCATCAATAATTTGTCGATAAGCATGACTGTGCGCCGCGTTCGCATATTCTGCGAAAGCCTCTTCCGCCTGATAAAACGCAGGCAGTTTGCGAAAAGCCGGAATATTGAGAATAAACTCCCGCACGCTGGCATCAATATGGATGAGTCTTGCGCGTCCGCCTTTGACGCCGGGAAATTTTTCGGTTTTCCAGTGTTGTTCTCTGATCCAGCGATTGACGGTTTGTCTGGCCACGCCGAGGCATTCAGCCAGCTCTTCAGTGGTCATTTTACTGCGTAATCTTTTCATATTATTTGCTATCGCGTATCCCTAAGCGTTGTAACAAACCGGTAATCCCTTCACGCACGAGGAGAGAGGTAAACTGTTTCTGCTCGGATGAGGTCATCTCTTTGGCGAGCGTCATGAGCAGCGCTTCAAGCGATGCGTTGCTGGCAGGCGTGAATGTGTCTGCGTGATGGTCAACTGAACGTTCAGCGCTGCGGATATATTCACGAACCTGTTCGTTTACATGAACCAGACGGGCTTTACCGCCCTGGACGCCAGGTTTGGGCGATGTTGCCCAGCCTTCTTTCCGTACCCATTTATTGATGGTTTGTCGGCTGTAACCGGTGAGATTAGCGAGTTCTTCTGGCGTCATCCGTTCCTTGAACATAACGATTCCCTGAATAGTCGTGGGGTTAATTAGTGGTTCATTTTATAGCACCATTTTAGTCGAAACCGTGACGTGTTTAACTACTGAATGCGAGTTGTGCCGCAATGTCCTTTATTTGAATGCTTTTTCAGCGATTGAATTCGGCAAGTTCATTTTGCCGTTGACACATGCCGAGGGAATTCATATGATGCCGCCCGTCAACTCGACAAGCTTTACGTAGTGGGGCTATAGCTCAGCTGGGAGAGCGCTTGCATGGCATGCAAGAGGTCAGCGGTTCGATCCCGCTTAGCTCCACCAAATTTACTCCCGATAAATTTGGCGTATACGTAAAAGCACTATGGGGCTATAGCTCAGCTGGGAGAGCGCTTGCATGGCATGCAAGAGGTCAGCGGTTCGATCCCGCTTAGCTCCACCAACATTCAAACCCTCGCTGAAAAGCGGGGGTTTTTGCTTTTTGTCACAAAATTTATGGCCTCTGATCTGCTCTTCAGGTGCGTTTGTTTGCCGCTGCTTTTGCGGTCAATATGAGCTTTTGTTAGATTGCTTCATAATGCGAATATACTTATTATTCATGCGCCTTATATAATGATGTGAGCATTAAAGCAATGCCGGATAAGTGTAACGTATTAAAAAATATAAAAATATTCTTACTGGCCTTCTGCCTGACTGTTCCGGCTATTCTGTTATCTCGTCTCATTTCTCCCCGCGCCACAATTGATTCCAGCTATATCTTTCTGGCCTGGCTACCGCTCTGCGTCATGTTTTCCGTGCTGTTTTTATTTGGCCGCCGTGGCGTCGCGCCGATGGTAGGCGGAATGATGTTGACTAATGAATGGAATTTTCATTTACCTCTGCCACAGGCGATGGTGCTGCTATTTTGCCAGACGTTTCCCGTGTTGCTGGTTTGCGCTATCGTACGCTGGCAGCTGGGCGCGCGCTGGCGCTACGGAATACCCAACCAAGGCATCTGGCTACGCGTTTTCTGGTTAGGGTTAATGACGCCGTTTGGTATAAAAATCAGTATGCATCTGGCGGGGCACTACCTGGCTTTCCCGGTGACCATCTCTACCTTCTTTGGCACCGGCACCGCTATTTTCTCGATTGTCGATTTATTGAGTCTGATTTCTGCCGCGCTTATTTTTACCCTCTTTTTCTATTATCCGCTGCGGATGATAGTCAGCCCGCACTATATGCGTATTTTCTGGCGGAGGGATGTCGCTCCTTATCTCGCCAAAGAAAAACGCCTGTTTACGCTTCTCTGGTTTGCCACTCTGGCGACGCTATTAGCGGTGCTGTGTACGCCTTTCGAGACAAAGTATATTGCTGGCTATCTGGTGCCAGTTCTGTTCATTGGATTTACCATCGGCGTGGGGAAAATCAGCTATCCGCTGTTGAATTTTAGTTGGGCTCTCACTGCGCTATTCCTGCTTAGCTATAACCGCAATTTTCTGCAGGGCGTGGGTTCAGAATATTCGCTGGCATTTATCCTTTCAGTTCTCATTTCTTTTAGTATTTGTTTGTTGTACATGGCGCGGATTAATCAGCGTAGCGAATGGTTGAATCGACAGTGGCACTCGCAGGCATTGACCGATCCGTTGACGCAACTGCCTAACCTGCGCGCGCTGGAGCAGTTTCTTTTACAGGATGCCGGGCAAAGCGTGTGTTATCTACGCATGGAAAACCTGGAATTTCTGAGCCGTCATTACGGTATGCAGATGCGCGTGCATTGCG
NZ_CP039489.1_gap39	1505450	1507332	1882	GTCGGCACGATTGTGTTAGTCGCGCTGGGGGTTATTGTGCTTCCCGGTCTGTTGGACGGACAGAAAAAGCATTATCAGGATGAATTTGCTGCGATTCCACTGGTACCGAAGCCTGGCGACCGCGATGAGCCGGATATGATGCCGGCCGCAACGCAGGCGCTGCCGACACAGCCGCCGGAAGGGGCGGCTGAAGAGGTGCGGGCGGGAGATGCGGCAGCGCCATCGCTGGACCCGTCGCGCATGGCGTCTAACAATGTCGAGCTTGATCCGATACCGGTGGAGACGCCTAAACCGAAGCCGGTTGAAAAGCCGAAGCCGCAGCCTAAACCGCAACAGCCGGTTGTCGCCGCTTCCACGCCGACGCCCGCGCCGCAACCGGCTACCGACGATAAACCTGCGCCGACCGGCAAAGCCTATGTCGTACAGTTGGGCGCGCTGAAAAATGCGGATAAAGTCAACGAGATAGTCGGCAAGCTTCGTTCCGCCGGGTTCCGGGTTTATACTTCCCCCTCAACGCCGGTACAGGGTAAAATAACCCGTATTCTCGTCGGGCCGGATGCGTCGAAAGATAAGATGAAAGGATCGCTTGGCGAGCTCAAGCAGATTTCCGGGTTAAGCGGCGTGGTGATGGGATATAGCCCGAACTAAGGCGCGTTTTGCCTGAGCGCGCAGCGTTAAGGCCTACGGTGTTCACCTGGTAAATAGCCGAAGTTCTGTAGGCAGGATAAGGCGTTTACGCCGTCATCCGGCAGAAGGAATAAACCTGGTATCCTGCGCTTATCAGGCCGATGGCAGCTCTTCTGGTCGTGCCCGAAGAGATAAAAAGTGTGATGGCGTTGAATATTTTTTCAGCGCCATTTTTATTTACGCGTGGGAAGGAAATCCCTACGCAAACGTTTTCTTTTTCTGTTAGAATGCGCCCCGAACAGGACGACAGGGCGTAAAATCGTGGGACATCTATGGTCTGGATTGATTACGCCATTATCGCGGTGATTGCTTTTTCCTGTCTGGTTAGCCTGATCCGCGGCTTTGTTCGTGAAGCGTTATCGCTGGTGACGTGGGGTTGTGCTTTCTTTGTCGCCAGTCACTACTACACTTACCTGTCTGTCTGGTTTACGGGCTTTGAAGACGAACTGGTTCGTAATGGGATTGCTATCGCGGTACTGTTTATCGCGACGCTTATCGTCGGCGCTATCGTGAATTTTGTGATAGGTCAGCTAGTAGAAAAGACCGGCCTGTCGGGAACTGACCGGGTGTTGGGGATCTGTTTCGGCGCACTGCGAGGCGCGCTGATTGTCGCCGCCATTCTGTTCTTCCTTGATACCTTTACCGGCTTGTCGAAAAGCGAAGACTGGAGCAAATCGCAGCTCATCCCGCAGTTCAGCTTCATCATCAGATGGTTCTTTGACTATCTGCAAAGCTCGTCGAGTTTCTTGCCCAGGACGTAACAGGTTCTGAGATGTGGCTTAACGAGGAAAATGACGTATGTGCGGTATTGTCGGTATCGCCGGTGTTATGCCGGTCAACCAGTCGATTTATGACGCGTTAACAGTGCTCCAGCATCGTGGTCAGGATGCTGCCGGTATCATCACCATTGATGCGAATAACTGCTTCCGCTTGCGTAAGGCAAACGGGCTGGTGAACGATATTTTTGAAGCTCGCCACATGCAGCGTTTGCAGGGCAACATGGGGATTGGCCATGTACGCTACCCTACCGCAGGCAGCTCCAGCGCTTCGGAAGCGCAACCTTTTTACGTTAACTCGCCGTATGGCATCACGTTGGCCCATAATGGCAACCTGACTAACGCGCATGAGCTACGTAAAAAGCTGTTTGAAGAAAAGCGCCGTCATATCAACACCACCTCCGATTCCGAAATCCTGC
NZ_CP039489.1_gap40	1690526	1693945	3419	CTGTAAAACACGCGCTTTAACATGCAGGAAACTCGATACCAGGATGAAAGTACGATCAGGCTACTGTACCCGAAGACGTAGCGCAAGAAACCGCCGTCTGATTGCGGAGATTTTCAGCATGATTTCCCTTGTATCGGGTCGCGGGAGAGGAGAGTCAGGCCGGATAAGACGCCAGTGCGTCGCTATCCGGCACATTTGCTTAGCCGAGAAGCACGCGGTCAATATTATGGCAACCTAACGCTTTCAGCGTTGCGGCGGTGGCATCCCATTGAATTAATGCTGCATCGCCTTTTTCCGCCAGAATCGCACGCTGAATATCCGCATAGTCATAGCCATTGAGACTCAGCAGGTTTAGCGCGCCTTGCAGCGGGGGAAGCGTAGGGTTAAAGGCGGCGTTTTCCGCATAGCTGCCGGTGAAAATACGGCCATCTTTACATTCCAGCGCCACGCCGCTCGGTGAGTGGCTATAAGGCATATGGCTCTTATTGGCTGCCGTTATCGCCGCTTGCGTTAGCGTATCGCCCGTTAACGTAAAGCCATGATCCTGCTCGTCCATCAGCAGCGTTTTGATCTCCAGATCTTTTGGCCCGAAAGCGTCAGGCAGATAATCGCGTAACGTATGCGGCGCGCGGCCCGGCAGATGAATGCGCAGATCCAGACCGCTGTTCAGCTCGTTCATAAACTGGCGACAGTGGCCGCAAGGCGTGTAGTTAACGGTGACGGCGGCGAGCCCTTTTTCGCCGCGTAGCCAGGCGTGGCTAATCGCGCTTTGTTCAGCATGCACAGTTTGTTGCATGGTGGCGCCCAGGAACTCCATATTCGCGCCGAAATACCAGTTGCCGCTAACGCCGCGCGCAATCGCGCCGACGTTAAAATGGGACAAATCGGTACGGGCGCAGGCCGCCGCCAGAGGTAACAGTGCGAAAGCCAGCGCGTCTTCGTCCAGTCCCGCCGTATTTTTAAGCGTCGAGACCTGCTCTGCGGTCAGCATGGCGGGAAAATGGTGGTCCGCCAGGATAGGGGCCAGCGCTGATTGCAAATTATCCGCAAGCTGGGCAAAAGCAGTTTGAAAACGTGGATGCATGGCGTTGCCTCATAACAATGTAATGGAACCGTAGTTTACGGGCCTGCTATGTCTTAATATGTGATCTAAATCTCATTGCTTATGCAACTTGTGAAACTTCAATGAAAAATGCGCGACGTATCGCAAATTTTAACCCGGTCTTTTGTCCCGTCGTTAGCGCATTACCGCCAGAATGAGCGGAAACAAAAAGGGCGCTACCAGCGAGGTAATAATGCCGCAGATCACCAGCGCCAGGGAGCTAAACGCGCCTTCCTGGTAATCCAGCTCGGCACAGCGCGCAGTACCGAGCGCATGTGAGGCGGTCCCCATTGCCAGCCCGCGTGCGGCCTTAGTACGGATGTGCATCGCGTTTAACAGCGTGTGGCCAAACACCGCGCCCAGAATACCGACAAAAATTACGCATACCGCGCTGATCGCGGGGATGCCGCCGATACTGCCGCCCACCGCCATCGCGATAGGCGTAGTCACGGATTTAGGCAGTACCGATGCCGCGATTTCAGGCGTTGCGCCCATCAGCAAGGCAACGGATGTCCCGGTAATCATCGCTACCAGACTGCCGACAAAACAGATGCTAATAATGGATTTCCAACGCGCGCGAATCTGGTGCAACTGTTCATAAAGAGGATAGGCCAGCGCCACCACCGCCGGTTGCAGCAGATCGTTAAGTACTTCGCTGCCTTTGAAGTAGTGCTCGTAGGGAATACCGGTCAGCAACAGAAAAGGAATAATGACTACCATTGCCACCAGCAGCGGATTCAGCAACGGCATTTTAAAATGCGCCGCCAGTCTGCGGGCGGCGAAAAATACCGCCAGCGTCAGCGGTAACGACCACCAGATATATGTCATCATTTTTTCGTTCCCTTCTGCCCAACCACTTTACGCTCACCGTGTATCAGATGTGAACTCCAGCTTACGACCACAAAAACGACCAGCGTACTGATAGCGCAAGAGACCACCACCGGGCCGAATTGCGCGCGCAGTAAATCAAAATATTGCATGACCCCAACGCCAATCGGCACAAACAGCAACGCCATATAACGAATCAGCACATAACAGCCGGGGTTAACCCACTTTGCTGGCAGAATTTGCAGCGCCAGCAACACAAACAGAATTAACATCCCGATAATGCTGCCGGGAATAGTGATAGGAAGCAGTGATGCAAGAAAAATGCCTGCGTACAAACAGGCATAAATCAATACAAAAGCGCGTATATATTGCCAGATAATATTCAGTGACTTACTCATGTTTAAAGCCCTTGATGAGATGGATTCATCATACAATTAAACGTTAAAACGTGCTACCGATCACATCATGAATTCTTAGCATAGTGGGTATAGACAGCAGGAACATCGGGCAATGCCCCTGGTCGGCGGTGTTAAACCTGGGCTAAAAAATACAAAAAGCGACTCAGGGCCAAAGACGGCGTCTCATTCTTACGCCAGAACATCCCTACGCTGCCTTTTTGCTCAATTTTTGGCAAGTTTAAAATCGCCAGTTGCCCCTGGCTGGCATAGCGTTGCGCCAGCCGTAAAGAAAGAATAGAGATCATATCGCTGCTTTGCAGCAAATTGGTGCTGACGTTCATTGACGCCGATTCAATGGTGTTTTCCGGGAGCATGACGCCATTATCGACGAGGGCGTTATCAATACTGATGCGAATAGGGGTGCCGGTTGGCCAGACTATCCACCGCCAGTGCGCCAGATCGCTCCAGGCGATCTGCGCTCGCGCGGCCAGCGGATGGTGCGGACGCGCCACAAAGCAGACCGGCTCGGTATAAAGTACCTGATAATTAAGCGGCAGTTGCAGGGCGCGTCCGCCGACACGCCCTACCACCACATCCACCTGACCGGCAAGCAAATCGTGCAGCAGCGGCGTCATTACCTTCTCTTCAATATTCAGATGCAGCGTCGGCATTTCGTTAAGCAGGCTCAGAATCGCCTGTGATACGCAGTCAGTCGCCACGGGCGAACAGCCGATCTTCAGGCTGCCAACCAGGCCGCCCTGCTTGAAACGGGCGATTTCATACTGTGAACGCTCCAGATCGTTAATTAGGCGCTGGGCGTGCTGGAGCAGTAATTTACCGCCTTCCGAGGGGCGTAGTCCTTTACTGTGGCGCTCAAAAAGCGTGATGCCTATCTCATCTTCGAGTTGAGATAGCCACTTCGATAGCGCCGGCTGGGAGATATTCATCATCCGGGCGACGTGCGTCAGGTTGCCCTGTTCGCCCAGCGCAACCAGCGTTTGCAGGTGATGTAATTTCAATTTCTGCGCCCAGTTCGCCATTCGCTATAACCTCCAGGTTATGTCTCTGCCTGAAAAGCCATTGTACATTTT
NZ_CP039489.1_gap41	1760495	1763886	3391	AACTGGCGCGGTTGGCAAGTTGGGTGAGGGCGTCATGCGTTGCGCTGTAGCTGAGCTGGCGTAACATTTTTCGTGATTCGGTAACGTCCTGGATAACCAGAACCGAACCAATCTTATCGCCATCAAGCGTACTGAGCGGCGTGATACTGTAATGAATATCGTAGCTGCCGCCGTTATGACAATGGAGCACTATCTCCTGTTCCATGTCCGATCGCGACCTGTCGGCGCGATAAATATCCTCCAGCAGCGGCCCCTTATCACCTGACGTAATGCGCAGAACCGTTAATAATGGCGCGCCTAAAGCATCCTCTTGCCGCCAGCCGCTCATCTTCTCGGCGATCGGGTTCATAAAGGTGATATTCATCGCGACATCAATACACACCACCGCTTCTCCGATAGAGTCAAGCGTGATGTGCAACCGTTCTTTTTCCTGAAACAGCGCCTCGTTCGCCTGTGTAATACGCTCCATCAACCGCTGGTTTTCCTGCTCGCTTTGCTTGAGATCGTTAATATCTTCGATCTGAGCAATAAAATAGAGAGGTTTATTGTCTTTATGACGAACCAGCGAGACGGCCAGTAGCGCCCAGACGACATCGCCGTTGCGGGTGTAGTAGCGTTTTTCCATGGAATAGCTATTGATGTCGCCGCGCACCAGCATGTTTAGCTGTTCAAGGTCATTATTCAGGTCTTCCGGCCAGGTCAATTGCTGAAATGTCATCGTGCGTAATTCATCCTGGCTATAGCCAAGAAAATGGCTCAGAGATTTATTGACCTGTAGCCACTGACCCTCCGTACCGACCAGCGCCATACCAATGGCGGAATACTCCATCGCGTTGCGAAAGCGGGATTCGCTCTCGGTGATATGTTTACGCTCCGTGCGAAACGCGTACATCACCATCGTCATCATATTGGCAGGCAGCAGGATCATTAAAAAAGGCAGCCACGGCATATTGACCATCACGTCGGTTTTCGGCGTGGCGAGCAGCGTGGGGTCATTGGCCAGCATGAGCGAGACCACGATAACGGTAGCTAAAAAAATTAAAAACGCCTCCATTCGCGGCAGGCGCACCGCACTCCACATCAACAGGACGATAACGCACGTAAACGGCCACGGAATATAGCGCATAGCGAGCCAGCTTAGCGCCAGCGTAATGACCAGCGTCAATAGCGTTTCCAGCAACAGATGCGGGTCGCGATGACGCAACAGATAGTGTGGTTTAAACAGTAAACCTAACGGCACCAGCGTCAGCGCGCCGATGGCTTCCGATAATACCCAAATCAGAAACGCTTTCGAGGCGACCGCTTCCGGCGCTATTAGCCAAAATAACAGGCCGCCGAGTAGCGGCGGAATCACGGCGCTGCCGATAGCCAGACGAAACCAGTCATTCAAATTTTGTAAGGGGTTGTAGCTGGGGAGCAGTTTTCGCAGCAGTATCGCGCCAGTGGCCGCCTCGATAATATTTATTGCCGTCCAGCTAAAGTTAAGCGAGGCGGCAGGAAATAAAGTCAGTGAGGCGCCGATGCTGCCGAGTGAGCAGGCGACCGCGATCCCTGGCCACAGACGGCCCGCATGGCGGTAAAACGCGACCATCATAATGGAGGTGGGGAACCACAGCGGCGCGAGTTGGGTGCCGACACGCGATAATACGAGCGAAAAGAGCGTAAAAACAAACGCGACCAGGCCTAAACTGACCAGACGCAATAGCGGGTGGGGGACGGTAACGAAAACATGTTGGGATGGTTTACTCATTACCACTCTATCCGAATCGCCGGTAACGTCGCGGAATACCGGACGCGTCAGTTTACTCTGTGATTATGCTAGTATAAACGCGTAATGATTTATACGCTGGCTGAATATAAATTGTGGCTCCCGGCGTATTCCTCCTCCAGACGGGTCGATAAAACCGCTGCCCGCGTTAAAACTGAACGCTTTTACGTCGCGACGTCGAATGCGCCGCCAACAAATTCACCGTGGCATAGCGCCGGACTGGTATCGCGCTGCTGAAATCCCTATAATTGCCGCGTTTGGCGTTTCGGCGCCCCCCTTCCTTACATCCAGGTTAATCAGGTCGCTAAATTTATGACTGATCAGTCTCATCAGTGCGTCATTATCGGTATCGCTGGCGCATCGGCTTCCGGCAAGAGTCTTATTGCCAGTACCCTTTACCGCGAATTGCGTGAACAAGTGGGTGACGAACATATTGGCGTTATTCCCGAAGACAGTTATTACAAAGATCAAAGCCATCTGTCGATGGAAGAACGCGTAAAAACCAACTATGACCATCCGAATGCGATGGATCACAGCCTGCTATTTCAGCATCTTCAGGCGCTCAAGCGCGGTTCGGCGATTGAATTACCGGTATACAGTTATGTTGAGCATACCCGTATGCAGGAAACGGTTCGCGTAGAACCGAAGAAAGTGATTATTCTTGAAGGTATTCTGTTACTGACCGACGCGCGTTTGCGTGAAGAGATGAACTTCTCTATTTTTGTCGATACGCCGCTGGATATCTGTTTGATGCGCCGTATCAAACGCGATGTGAACGAGCGTGGTCGCTCAATGGATTCGGTGATGGCGCAATATCAGAAAACGGTACGTCCGATGTTCCTGCAATTTATTGAGCCTTCCAAACAATATGCGGATATTATCGTGCCGCGCGGCGGTAAAAACCGCATCGCTATTGATATTCTGAAAGCGAAAATCAGCCAGTTCTTTGAATAAATCTGGCGAATTGTGTACCGTTCAGTGATAACCTGGTTAGCCCTTGATGTGCTTGATTTAAGGGCTTGATGCGCGAAAGGAGAAAGTGCCATGCGTTTATGCGACCGAGATATTGAAGCCTGGCTGGATGAAGGCCGTTTGTCTATCACCCCGCGACCTCCCGTAGAGCGCATTAACGGCGCGACGGTCGATGTACGTCTTGGCAATAAATTTCGAACCTTCCGTGGCCATACGGCGGCGTTTATCGATCTGAGCGGGCCGAAAGACGAGGTCAGCGCGGCGCTGGATCGCGTGATGAGCGATGAAATCGTTTTGCCGGACGGCGAGGCATTTTATCTGCATCCGGGCGAGTTGGCGCTGGCCGTCACCTTTGAATCCGTTACCCTGCCGCCGGATTTAGTGGGCTGGCTGGATGGTCGCTCCTCGCTGGCGCGTCTGGGATTGATGGTGCATGTGACGGCGCACCGTATCGATCCCGGCTGGTCGGGCTGCATTGTGCTTGAGTTTTACAACTCCGGGAAGCTGCCGCTGGCGTTGCGTCCGGGTATGCTCATCGGCGCGCTGAGCTTTGAGCCGCTGTCCGGCCCGGCGGCGCGGCCTTATAACCGCCGTCAGGATGCCAAATATCGCGATCAGCAGGGCGCTGTCGCCAGCCGGATTGATAAAGAC
NZ_CP039489.1_gap42	1765273	1769333	4060	AGGAAAAGCGCATGTTGACATGAGCAATACGCGCCTTGAAGGAATGAATTTCCAGCAACTGGTGCAGCAGGCCGTAGAGCGAAGCGGCGGCGACGCGCAGCAGTCGCAGGAAAATATGGACAACGCGACCCGACTGGATCGCTTCACGACCGATCTGACGCTAAATAAGGGCACGCTGACGCTCGACGACATGGTCGGGCAATCTTCTATGCTGGCGTTAACCGGCAGCGGAACGCTGGATCTGGTTAAGCAGAGCTGTGATACGCAATTTAATCTGCGTGTGCTGGGCGGCTGGAGCGGCGATAGCAATCTGATCACCTTCCTGAAAGAGACGCCGGTGCCGCTGCGCGTCTATGGCAAGTGGCAGGAGCTGAACTATACCCTGCAAGTGGATCAGTTATTGCGCAAGCATTTACAGGATGAGGCGAAGCGTCGGCTCAACGACTGGGCGGAGCGCAATAAAGATACCCGCAATGGTAAAGATGTGAAGAAACTGCTGGATAAGCTGTAGTTTTTGGCCAAAGGGCAGAGCCGGATGGCGAGGCTAACGCGCCTCCGGCCTGCCTGGTAAGCAGGCCAGGGCAGGCGAACAGACGTTACATCTCCTGGTCTGGCTCGCCGTTATGCAGCGGAATTAACTGCACTTTCTGCACTCGATGGCTTTCTACCTGCAATGTTTTCAGCAAATAATCGCCCACCTGAACCTCTTCACCGGTTTGCGGTATGCGCTGCAAATATTCCATCAATAATCCGGCAATCGTATGGTATTCCCGTTTTTCATCCAGCGGTAGCGGCACGTACTGCACCAAATCCTCCAGCGGCATATGGCCGTTTGCTGTCCAGGAACCGTCCGGGTTCTTCTGAATATCGTGGCGGGCGTCAATTTCCTCGACTTCATTCGGCAAATTACCGGCGATAGTCTCCATGACATCGCTTAATGTCACAATGCCTTCAACCGAGCCAAACTCATCTACGACAAAGGCAAAATGGGTTCTGGCGTTACGGAACTGCTCCAGCGCAGGCAGCAGCGGCAATGTTTCCGGGAAAACCAGCGGTTGGCGAATCAGCGCCCGCAGGTTGAGCGGTTCGCCGCGCAGCGATTGTTGCAACAGATCGATGACGTGGACGACGCCGAGTAAATCTTCCTGTTCATTTTCACCCGTCACGACCAGACGCGTATGCTGGTTCTTTTCCAGCAGAGCGCGGATTTCCGCTTCCGGCGCGTTGAGATCGATATGCTCGATATCGTGACGCGACGTCATGATGCTACTTACGGTGCGCTGGTTGAGATTCAGCACCCGCTCAATCATCCTGCGCTCCTGCGGATTAAAAATCTGGCTGTCGTCATGGTCTGCCAGCATCGCGGCGGTTTCCGCATCCAGTTCGGCATCCTCTTTTTTACCGCTAATCAGCCGCATCACGGCCTCCGTTGTGCGCTGGCGCAGCGTATGGTTAGCGGAAAGAAAACGGCGGCGGTTAAAAATAGCCAGTTGGTTGAGCGCCTCGATCATCACCGAGAAGCCGATAGCCGCGTACAGATACCCTTTCGGAATGTGGAAACCAAACCCTTCCGCCACCAGGCTAAAGCCGATCATTAGCAGGAAGCTAAGACACAAAATGACAATGGTGGGATGGTTGTTCACAAATCGGGTCAGTGACTTGCTGGCGAGCAGCATCAGGCTAATGGCGATTATCACGGCCGCCATCATGACCGCCAGGTGATCGACCATCCCCACGGCGGTAATCACGGAGTCGAGAGAAAAGATAGCGTCCAGCACCACGATTTGCGCGACCACCGCCCAGAATTTCGCCCCCTTACGCTGGGTAGGGTTGGCGCTATCTTTCCCTTCCAGCCGTTCGTTGAGCTCCATGGTGGCTTTAAAGAGCAGGAAGAAGCCGCCGAACAGCATAATCAGATCGCGGGCGCTAAAGCTTAACGCCTGTACGCTAAAAAGCGGCTTAGTCAAGGTGACCAGCCACGAGATTGACGCCAGCAGCAGCAGGCGCATGATCATCGCCAGTATCAGGCCGGTAATGCGCGCGCGGTCGCGCTGCCCCGGCGGTAGTTTTTCAGCGAGGATGGCAATAAAGACCAGGTTATCAATGCCGAGAACAAGTTCGATAACGATTAACGTTACCAGTCCGGCCCAGATTGACGGATCGGCAATCCATTCCATAGTAAGAGCAATACCTTCTGTAATATGACAATTGTCACAATTCGATCATGGATAATACGGCGGAAAAATGCAATGCCGCAGCGCAATTTATCTTTGTTACGCGGCTATAAAATAACTTTAAAATAGCCGTAATGTTTCTGTCAGAAACTAAATAATGTCAAGAATATATTTAGGAAATATCGCAGGTGGAGTGGAGTAAATAAATATTGTCAACATCAATAAAATCCTAAAATCATCTGTTAATTCATTTAATATTAATCTTAAAAATATAGAATGGCGGGGTTGTTACCTTGCCTGTCATTAGGTTAGCTGCAACAATTCTTGCAGGATTAAGATAGCGCGCTTAAATATCCTGTCACGACATCGAGAAAACTATTAATACGTAACCTTTATTTCGCTGAAGATTTTTATCTGAACGAGGATGAAATCGGAGGGGAATGCGAAAATTTAGAATAATCAGTGTATTGGTAGCTAAGAAGCCAGGGGCGGTAGCGTGCCTGAAAGCCTGAATATAAGCCTTTATTATTCTGTCAATAGCCTGCGGATGAATTGATTTTTTTTCAGAATGATGCCAGTTAATTTTCTCTGCCATTAACTGCAAGGTAAATGTGCACGGACGAAGCCGCTATTTAAATTGCACAGGATAATGACTCTGCCAAAGTGATAAATAATCAATGATGAAATCCAAAATGAAATTGATGCCATTATTGGCGTCGCTCAGCTTGATAAGTGGTTGCACAGTACTTCCGGGCAGCAATATGTCTACGATGGGGAAAGATGTGATCAAACAGCAAGACGCTGACTTTGATCTCGACCGGATGGTCAATGTGTATCCGCTGACGCCACGGTTGGTTGAGCAATTACGCCCGCGGCCCAATGTCGCGCAACCGAATATGTCGCTGGACCAGGAGATCGCCAGCTATCAGTATCGCGTCGGGCCTGGCGATGTGCTGAATGTCACCGTCTGGGATCACCCGGAATTGACCACGCCAGCAGGCCAGTACCGTAGCTCAAGCGATACCGGCAACTGGGTACAGCCGGACGGCACCATGTTTTATCCCTACATTGGCAAGGTTAGCGTCGTCGGTAAAACTTTGTCAGAGATTCGTAGCGATATTACCGGGCGTTTAGCGAAGTACATTGCGGACCCGCAGGTGGATGTCAATATCGCCGCTTTCCGCTCGCAAAAAGCGTACATCTCCGGCCAGGTGAATAAATCCGGTCAGCAGGCTATTACTAACGTACCGCTAACCGTCCTGGATGCGATTAACGCTGCGGGCGGCCTGACCGATATGGCGGACTGGCGCAACGTCGTGTTGACGCACAACGGCAAAGAACAGCGCATTTCGCTACAGGCGCTGATGCAAAATGGCGATCTTAGCCAGAACCGCTTGCTCTACCCTGGCGACATTCTGTATGTGCCGCGCAATGACGATCTGAAAGTCTTTGTCATGGGCGAAGTGAAAAAACAGAGCACCCTCAAAATGGATTTCAGCGGCATGACGCTCACCGAAGCATTAGGCAATGCGGAAGGCATTGATCTGACCACCTCCAACGCCAGCGGCATTTTTGTGATTCGTCCGTTGAAAGGCGAGGGGGGACGCGGCGGCAAGATCGCCAATATCTACCAGCTTGATATGTCTGACGCCACGTCATTGGTGATGGCGACGGAATTCCGACTTCAGCCTTACGATGTGGTGTACGTCACGACCGCGCCGGTTGCTCGCTGGAACCGTCTGATCAATCAGTTGCTGCCAACCATTAGCGGTGTCCGTTATATGACGGATACGGCCAGCGACATTCATTCCTGGTAATCGTTATGTTTAACAAAATCTTAGTGGTCTGTGTGGGGAATGTTTGCCGTTCCCCGACGGCGGAACGTT
NZ_CP039489.1_gap43	1774532	1775652	1120	ACCTACTGGTCAATGTCAAGATTGCCCAACTGGGGGAAAGCTTTCCCATTACCATCGTCACTTTTTTACCGCTGTTGCTGCTGTTATTTGTGGAACGCATTAGCGTAAAAAAATTGATGATCGCCTTAGGCATCGGCGCGGGGCTTACGGCATTTAACTTCCTGTTCGGCCAGTCGCTGAATGCCGGTAAATATGTCACGTCCACAATGCTGTTTGTCTATATTGTGGTCATTATCGGGATGGTCTGGAGTATCCGATTCAAAACCATTTCCGCGCATAACCACCGAAAGATTTTGCGTTTTTTTTATCTGGTGGTGGGGATGGTGGTCGCGCTCGCCGCGGTTGAGATGGCGCAAATTATCCTTACCGGCGGCAGCAGTATTATGGAAGGAATTTCGAAATATCTCATTTACAGTAATAGCTATGTACTGAACTTCATAAAATTTGGCGGTAAGCGTACCACTGCGCTTTATTTTGAACCGGCATTTTTCGCTTTGGCACTAATCTCAATTTGGCTGAGCATCAAACAGTTTGGTATCAAAACACCGAAAAGCGATGCTATGATTCTGGCAGGGATAATATTATCAGGATCATTTTCAGGGGTAATGACCTTTATCCTGTTTTACCTTCTGGAGTGGGCGTTCCAATATTTGAATAAGGATGCGATAAAGAAAAAACTTCCACTGGCGCTGGTCTCATTAACCCTGTTTTTGGTTGGGGTAATTATTGCATTTCCTTATATCGCGACACGACTTGGCGATTTAGGGACGGAAGGCTCATCTTCTTATTATCGTATTGTGGGCCCGTTAGTCATGGTCGGATATTCCTTGACCCATATTGATGGTGTAGTCAGATTTGGCTCACTTTATGAATATGTTGCATCATTCGGAATCTTTAACGGTGCGGATGTCGGGAAAACCATAGACAATGGATTGTATCTGCTGATTATTTATTTTTCCTGGTTCGCAGTGCTAATGACGCTGTGGTATATGGGGAAAGTTTTAAAAATGGCGCTAAATGCGTTTGGCGATAATCGTAATTTTCGGGTGCAGCTCTATCTTTTTACGCCGGTGTCGCTGTTTTTTACCGGTTCAATATTTAGCCCGGAATATGCTTTTTT
NZ_CP039489.1_gap44	1794731	1799525	4794	AAAAATACGATTCTTGATCTTGGATATATATTATTGGTAACAGGGGTGGGTGATAATAAAGATCTCGATGGTGCTTTGAAATTATATTCATCTATTAGCAAGGATGAACGATTGCCGCTTAAAATATTAGGCTGTGGAAATGCCATAGAGAGGGTAAAAAAAATAATTGATGACCATAGAGTCCAAAGTGAAATTGAAGTTATTCCTTTCCTGGATCTTGATGATGTTGTAAGTCTTTATTGTAACTCTACCTTTATTTGGGCACATTCGAAATATGAGGGTTATGGAAGAGCTGTAGCAGAGGCTAAGTTGTCCCATAAAAAGATTTTATGTACACAAATATCAGCCTTTATGGAACAAAAAGATGAAAATGTATATCTTTATACTAATCAAAATGACTTTCACATCCAATATAAAGCTGTGTTAGCTAGCAAGTATAAAGATATCCATGGACAATTGATAGAACATGAAATTTTTAAATCCCAACTCGAGTTTTTATATGGAAAAAAGTAAAATACTCATCCTCACCCCACGATTTCCGTATCCAGTGGTAGGAGGGGATAGGTTAAGGATATATCGCATTTGTAAGGAATTGTCTAAATACTACACATTAGATTTGCTAAGTCTATGCGATAGTATCGAAGACTTAAATTTTATAGTAAAAAATGATCACGTCTTTGATAAAATTTTCCGGATCTATCATCCTAAAATAAAAAGTTATTTTAATGTATTAAAAGCATTACCTGGTAGAAAACCACTTCAGATAGCTTATTATAAAAATACTGAATTTGAAAATAAACTTAATGAGATAATTGGGAATTATGATTTGACTCTTTCTCATCTCATTCGTGTTGGTGATTACACTTTAAATAAGCCTGGCTTGCATATTCTTGAAATGACTGATGCAATTTCCTTAAATTATTCGCGTATAAAAAAAGAAGCTCCGAAAAATTCTTTAAAAAGCATCATTTACTCTATCGAACAAGAGCGATTATTAAAATATGAAAAAGAAGTTTATGGCCGCTATTCACTCATATCGTTAATATCAGAGGTTGACAAAAAATTCCTTTTTGGGAATAGGAATGATAACATTTTGGTTTGTAATAATGGAGTTGATCTTGAGGATTATCCTTTTACAAAGAGAGTTATTGAAAATACCAATATAATTAATCTTATTTTTATTGGGAACTTGTGTTCATTCCAAAATTTTGACGGAGTGAAATGGTTCGTAAAAAATATTCTACCATCAATAAATAAAAATAATAACGGTAAGAAATATATTTTCCACATTTTAGGTAAAATAAACAAAAGTGATAAACTATATTTACAAGGTTTTGAAAATGTTGTGGTGAGTGGCAGCGTTACAAATATGGCTGATGCGGCTAAAATAGGACATATCGGAATTTGCCCAGTTCGGTTTGGTGCAGGTGTACAAAATAAAATATTAGAATATATGGCTCTTGGACTTCCAACTATCACATCCCGAATGGGTTATGAGGGTATAGAAGCAAATATTGGTGAAGAGATATTAATTGCTGATAATAGTGATGAGTACTTGAAGTCGTTAGAAACTTTGAGTGAAAATTCTGTATATCAAATGATTGCTAAGAATGCGCGAAATTTTGTTGCGGAGAAATTTAATTGGTCAACGCGTTTATCAGTTTTGGTGAAAAATATTGAGAGGTTAACAGGAAAATGATTACACCAATAATTATGGCTGGGGGAAATGGAAGTCGGTTATGGCCACTTTCTCGAACGTTATATCCTAAACAGTTTTTATGTTTAGATGGCTCTCAAAGTATGCTTCAGACCACAATTACGCGAATTAATAATTTGAATGCTTCAGATCCTATTGTTATTTGTAATGAGCAGCACAGGTTTATTGTTGCAGAACAGCTTAAAGAATTATCTAAATCATCTGGCGATATAATTTTAGAACCTGTTGGACGTAACACGGCCCCTGCAGTAGCCTTGGCAGCTTTAAAATGCCTTAAGAAAAACGCTTTACTGTTAGTATTGGCTGCTGACCATATAATTAAGGACGAAGAAACGTTTTGTAAGACTATACAAGACGCTAGAAAATATGCCGAAGCAGGAAAATTAGTTACGTTTGGTATTGTACCTACCATGCCAGAGACAGGTTATGGTTATATACGGCGTGGGCAAGCTCTTTTCTCTGCAGAAAATGATTGTTCTTTGGCGTTTAGGGTGGCTGAATTTGTCGAAAAACCCAATCTAGAAACGGCTCAGAGTTATCTTGATTCTGGTGAGTATTACTGGAACAGCGGTATGTTTTTATTTAGGGCAGATCGATATATTGAAGAGTTAAAAAAATTTCGCCCTGATATTTATAAAGCTTGCTCATTAGCGATGGAATCTGCTGTTACGGATCTCGATTTCATTCGAGTGGATGAAGTTTCATTTTGCGCTTGCCCGGATGAATCAATTGATTATGCAGTGATGGAAAAGACGAATGACGCGGTTGTCGTACCTTTAAATGCGGGTTGGAGTGATGTCGGTTCGTGGTCTTCTCTTTGGGAGATAAGTGATAAAGATAGTAATGGTAATGTGACTAAAGGCGATGTATTAAGCCACAATGCAGATAATTGCTATCTCCATGCAGAAACGGGTTTGGTAACCGCTGTTGGTGTCAAAGATCTTATAGTCGTGCAAACGAAAGATGCCGTTTTAGTTGCAAACACAAACTGTGTTCAAGATGTTAAGAAAATTGTTGAGAAAATTAAATTAGAAAATCGTCATGAGCATATAACTCATCGGGAAGTTTATAGACCATGGGGTAAATACGATTCAATCGATTTCGGTGAGCGTTATCAGGTAAAGAGAATCACTGTAAAACCCGGAGAAGGAATTTCAGAGCAGCAACATTATCATCGCGCGGAACACTGGATTATCGTTGCAGGTACCGCAAAAATAACCATAAAAGGTGAAGTGAAAATTTTAACTGAAAATGAATCCGTATATATTCCTGTCGGTGTTAAGCACTGCCTTGAAAACCCAGGGAAAATTGCACTTGAACTTATTGAAGTAAGATCCGGCGCATATTTAGGGGAGGATGATATTGTTCGTTTTTCAGATAAGTATGGTCGTAATTAAGGAATAACGTAATAATGAATAATTTAACTTGTTTTAAGGCCTACGACATTCGCGGCAGGCTGGGCGAAGAGCTCAATGAAGATATCGCGTGGCGGATTGGCCGCGCCTACGGCGAATATTTAAAACCGAAAACCATCGTGCTGGGCGGCGACGTGCGCCTGACCAGCGAGGCGCTGAAGATGGCGCTGGCAAAAGGGTTACAGGACGCGGGCGTCGACGTGCTGGATATCGGCATGTCCGGCACCGAAGAGATTTACTTCGCCACCTTCCACCTCGGCGTGGACGGCGGTATTGAGGTGACCGCCAGCCATAACCCGATGGACTACAACGGTATGAAGCTGGTGCGCGAGGGCGCCCGCCCGATAAGCGGCGACACCGGTCTGCGCGACGTTCAGCGTCTGGCAGAAGCGGGCAATTTCCCGCCGGTGAACGAGGCCGCGCGCGGCAGCTACAGACAAATCAGCCTGCGCGACGCCTACATCGACCACCTGCTCGGCTATATCAGTGTTAACAATCTCACCCCGCTGAAGCTGGTGGTGAATTCCGGCAACGGCGCGGCGGGGCCGGTCATTGACGCCATCGAAGCGCGTCTGAAGGCGCTGGGCGCGCCGGTGGAGTTCATCAAAATCCACAACACCCCGGACGGCACCTTCCCGAACGGCATTCCCAACCCGTTGCTGCCGGAGTGTCGCGACGACACCCGCAAGGCCGTTATTGAACACGGGGCGGACATGGGCATCGCCTTTGACGGCGACTTCGACCGCTGCTTCCTGTTCGATGAGAAAGGGCAGTTTATCGAGGGGTACTACATCGTCGGGCTGCTGGCGGAAGCGTTTCTGGAAAAACACCCGGGGGCGAAGATTATCCACGACCCGCGCCTGACCTGGAACACGGAGGCAGTGGTGGCGGCGGCGGGCGGGACGCCGGTGATGTCAAAAACCGGGCACGCCTTTATCAAGGAGCGGATGCGTACGGAGGATGCCATTTATGGCGGGGAAATGAGCGCGCATCACTATTTTCGTGATTTTGCCTACTGCGACAGCGGGATGATCCCGTGGCTGCTGGTGGCGGAGCTGGTGTGCCTGAAGAGACAGTCGCTGGGTGAACTGGTCTGCGACCGGATGGCGGCGTTCCCGGCGAGCGGGGAAATCAACAGCAGGCTGGCGGAGCCGGCGGCAGCCATTGCGCGGGTGGAAGCGCACTTTGCGGAAGAGGCGCAGGCGGTGGATCGCACGGACGGTCTCAGCATGTCGTTCGCCAACTGGCGTTTCAACCTGCGCTCGTCAAACACCGAACCGGTGGTGCGCCTGAATGTGGAATCACGCGGCGATATTCCGCTGATGGAAGCGCGAACGAAAGAAATTCTTCAGCTACTCAATTCATAAAAAGCAGCCCTTCTTTATGGAGGGCTAACTTTTCGGATATTCTCTAACCAATTCGTAGTATAAAGCCAATAAATATTAAGTGTGTTTGATTGTTGTTGGTTTCCATTTCTAATAGATATAAGGCTTTCGCTATGTTCTTTTCGGACAGTATAAATAATCATTGATATGATTATTTATTTTACCTTCCTGGTAATATTAATTATTATGGGGCTAATAATAATTGATGTAATCCTGTAACTTCCCACGAATATTTATTTACTTTAAGTTTACATCCGGAAAGTAAAAATGCGAACTA
NZ_CP039489.1_gap45	1907310	1908717	1407	AGCCACAGACCCGCCAGAGAAAGGAATAACAAACGGCGCATCAGGATCTCCCGGAACGCTTGAGTAAGCTCTTCATCATGTTCTGGAAATCCGCCGGTGGGGCAACGGGTGCTTCCGTGTCATTCTCCGCGGGCGGGAGGGTGTGCAGCAGGTTGATCTGCGAGGCGGTCACGCCCAGTACCAGACGCGCATTTTCGACCTCGACAATCACCACGCGTTCGCGCGGGCCAAGCGAGGCGCTGGCTGACACCTTCAGTCCCCGGACGCTATTTCCTTTTGGCGCGAATCCCATACGCTTAATCACCCAGGCCGCCGCCAGAATGAGCGCAATAATGCCAATTAATGCGCCGCTCACCTGCATGAGCGGCGATCCGGCTGGCGCGGTGGGCTGAGAAACCGTGGCCTCTGTCTTCATCATTAACGACTCAAACGACGCATACGCTCGGATGGCGTAATAATATCGGTGATACGTACGCCGTATTTATCCGCCACGACGACCACTTCACCCTGGGCAATCAGGTAGCCATTAATCAGGATATCCAGCGGCTCGCCCGCCAGCCCGTCCAGCGCGACGACCGACCCCTGCGTCAGACGCAGCAGTTCTTTAATGGTCATTCGCGTGCGGCCCAGCTCTACGGTCAGTTTGACCGGGATATCCATAATCAGATCGATATCCTGCATAGCACCGCTGACATCGCCGCCGCCAAGCTGTTGGAAAACCGCGTCGGCGGCGCTTTTATTGGTGGTCGCTTTTTGCTCGTTTAACGCGTCAGCCCACAGATCATCCAATGCGCCAGTATTCTCATCGGACGGATTATTCATGTCACTCATTTGGGCTGTTCCTCATTCAGCGAATTCAAAATTGGGTTGATCAAATGTTCTACGCGTAGCGCATACTGTCCGTTTACGGTGCCATATTGGCTGGTGAGTACCGGAACGCCGTCCACATGAGCAATAATGCGGTCGGGTTTTTCAATCGGCAGTACATCGCCGGGTTTCAGCTTCAAAATCTGGGAAAGACGTAACGGAATATCGGCAAAATTGGCTACCAGCTCCAGTTCAGAGTGCTGAACCTGGCGGACCAGGTTATCACGCCAGTTCTGATCTTCATGGCGCGAGTTTTCCAGCGGCGGATTCACCAGCAGCTCACGCAGCGGCTCGATCATGCTAAATGGCAGACAGATGTTAAATTCACCGGTCAGATTGCCGATCTCCACATGAAACGGCGTATTAACGACGATATCGTTCGGCGAGGTGGTGATATTGGTAAATTTCACCTGCATTTCGGAACGCACATACTCCACTTCCAGCGGATTAATGGCTTTCCATGCGTCGCTATAGCCTTCCAGCGCCAGTTTCAGCATACGGTTGATGACACGCTGTTCCGTATGGGTAAACTCGCGGCCC
NZ_CP039489.1_gap46	1915907	1920144	4237	AAAGCGATAGGGGATATTCATCTGGGTCAACTGCGCGACGATCGCGCCGCCGTCCTGATCGGAAAGGTTGCTAAATAGCGTGCGGTAATCGGGCGTTTTGGCCCACAGCACCATCGCAACGACGATCGCCACGGCAGCGGAACCCGCCACAATTAACGGAATTCGGGGATTCGCGCGTAGGCGATTAAGCCACTCGAGAGGTTTAGGTTGGGTTGCAGTCGATGCAGTCGCACTCATCTCGCACCTCGTGACTGATCGTGGACGGCGTTTTTTGCAAAGTGGAACAAGACTCACTCCCGGGTCAGCAAACTCGAAAAATTGACGGTCTCATTATTTGTGGTTTCGAATTTTTCTATGCGCTAAAAACCGAGGTTTTTTATCGTTATTTAACGCCTTTATCTTATTGACAAACTGGTAATCTCTGCTGCGTAAAAAATCATCCAGGGGAATAGCATGGCAGCAATACAGGGGATTGAAGGGGTTATTAGCCAGTTACAGGCGACGGCGATGGCCGCGCGCGGGCAAGAAACGCACTCGCAGTCGACGGTGAGTTTTGCCGGCCAGCTACATGCTGCGCTGGATCGTATTAGCGACAGACAGACGGCGGCGCGCGTTCAGGCGGAAAAATTCACTCTGGGTGAGCCGGGCATTGCGCTTAATGACGTGATGGCCGATATGCAAAAGGCGTCCGTCTCCATGCAAATGGGGATTCAGGTGCGCAATAAGCTGGTCGCCGCGTACCAGGAAGTCATGTCCATGCAGGTTTAAGCCAGGGCTGACAACCCATCCGCAGCGAACTCCCGGGCGCTTACCTAAGTCAGCGGCGGGGGGGGCGCGACGCCCATGCAACCAGTGCGTGATTATGTGGGCTTGTTTTTTGCGAGGCGCGCTCATTTTATTGATAAGCGGGTTGCACATTGTTGCAGGGACTTATTAAAAATAGGGTACGCCTGTTTACTGACGCCATTCATTCCTACTATTCGTTCTGACGCTATTGTCATTGAGTTTGCAATCCAGAATGTTCCTGCAATATATGCGCCGTTGCGATAATACACGGTAAATTCTTTACTAATGCCTGGAATATCTGTTTCATGGAGATCCAGTATATACCCATACGGGGACAGGTTATCAGCGAGACAGCGGGCAATGGCGCTCGGATGTGCATTGACCACTGTGACGGGTGAGTAACGGGCAGCGGCAAGACAGACGACTCCAATAATGGAGATGAAAATAATTTTTATCATTTTTTTGGCTTCTGCTGTGCATAAATAAATCATCACCTGATAATGTCAGTGAGTAAAAATATAAATACCTGATAGTCTTTTATGACGTAGAGGGAAAATAATAATTATTTTATGTTTTGCTTAAAATAGTCATGGGTTTTTCATCGGCTCAAACAAAATTAAAACGGTATACGTTATATAATAGATTTATGCCACGGCGCACAAGACGACCTTGTCTGATTTCTTTTATGCGTTTTAGATTTTTGCCGGTTATGCCGTAAAAGGTCTCCCGCCGTAACGTACAGCGGGAGTATGCGCTTATTTTTGAATCAGATAACGAATTGTCGGGCCATCCTGTTGGATATCCAGCACCGTATAACCGTGATTGCGCGCATCCAGTGGAATATTATTAATGGACTGCGGACAGTCGCTCACCACTTCCAGGATCTCACCTTTTTTTAGCTGCGGCATCGCTTCCAGAGTGGCGACCGCCGGGTACGGGCAAGGTTCGCCAACCATATCCAGACGGTAATCAGGGACGATATTTTTCATACAGATTCCTTAGCAGGCGTCAGCCCCGCACGGCGGAAAAAACGTTTTTCCCAGCCGATGATTAACATCAGCGCGGTAAATAACAACAGATAGGTGACCAGCAGACCGCCCAGCGGACCAAAGGTATTCAGCAGGTTAACTTTATCCCAACTGGTCGCCAGCGCGGGCGCGAAATCATCCCAGTAGTAAGCCAGGATGGTTGAACCGATGACATTGCCGAGGCCCACCCACCAATAATGCACCTGGCCTTCTACGGCGCGGTACATCCAGCCGGTTTCGCAGCCGCCCGCCAGCACGATGCCAAAACCGAACAGCAGTCCGCCAATGACCGCATTCGGGCCAGCCCACATAATTTTAGGTGCAACGCCCAACTGCACGTAGCTGAAAATACCAATGGCGCTGACCGCCATGCCGAAAATAATCGCTTTCGCCATATGGGCGCGTCCGGAGATCCACAGGTCGCGAAAGGCCGAAGTAAAGCAGATTTGCGCGCGCTCGATCAGCAGCCCAAACCCGACGCCGAACAGCATCGCCAGCCCCAGTTTCGGCTGATGCATTGCCGTTAATAACGCCCAGCCAATCATGCCGATAAAGACCAGCATACCGAGCCTGAAACGCCGTCTTGCCTGATCCGGTTTCTGCGTCAGTGGCGAAGCCGCGGAGACCTTTTGCATTTTCACCGGTATGCGAAATATCGGCAGCAACGTAAAGCGGGCGCCGAACCAGGAGCCGATAGCGGTCGCCAGCGCAAAGAACCACGCATGTAGGGAGAACTGCGGGATTCCGGTAAAAAAGGCGGCCAGGTTACACCCCATCGCCAGACGCGCGCCGAAGCCAGCGATCATGCCTCCGACCACCGCCTGTACGATACGGATTCGGCTGCGCGGCATACGCAGTTTTACGTTGTTGGCCCACAGCGCCGCGGCGAAACAGCCGCCGAACATGCCGAGGATCATCATGCCGTCGATACGCGTCAGCGGCGTACCTTCCAGATGAATCAGCTTGTAGTAGCCCCACTGTTCGGCATGAACGCCAAAAAGCTGCAAAATTTGCCCGCCCCAGCGGGTAAATTCGCCCGTCACGGCCCAGAACGTGCCGGTGATGCCAAAATAATAGGTAGAGAGAATACCGGCTGCGATCACCGCAGGGGCCGGCGCCCAGAATTTAATTAACCAGGTTTGCTTGAAGTGTTGCCATGACATGTGTTTAGCCTCTGAACTCAGAAGGTGTGAAACAAGAAGTGCGCATACTACACCGATCACAGAATTTGCCTACACCTAATAAGCGGTAATACCGACTGGATCAAATTGCGGCCAGCGCCTGGAAAGGCTGGCGGCGTCAGGGCTTTAATGCCACAATTCCTCTTTCTTCTGATGCAGGATGAATGATGAAAAAAGTAGCGATCGTTGGCGCATTGCTGGTTCTGGCCGGATGCGCCGAGGTGGAAAACTATAATGATGTGGTGAAAACGCCCGCGCCGGCCGGTCTGGAAGGGTACTGGCAGTCAAAAGGCCCGCAACGTAAGCTGGTGAGCCCTGAAGCTATCGCCAGCCTGGTGGTGACTAAAGAAGGCGATACGCTGGACTGCCGCCAGTGGCAGCGCGTTATTGCTCTGCCGGGCAAGCTGACCATGCTCTCCGATGACTTAACCAATGTTACGGTTAAGCGTGAGCTCTATGAGATTGAGCGCGACGGGAATACCCTGGAATATGATGGCATGACGCTGCAACGGGTCGCTCGTCCGACGCCGGAGTGCGCCGCCGCGTTAGAAAAAACGCCGCTGCCGACGCCGCTGCCGTAATTTCGCTTCCCGGCAGCGCTCTGCCGCCGGGAACGCTCATCACACGTCCTCAATGACCCACACGCTGACGCTGCCTGCGTTGCAGAAGAACGTCGCTTCGCCTTGATCATTAGTTACAACATGCTCACTGCGGTTTCCCAGAAAATCACGCCAGGTCTTGTTAGCGTAATTGTCGCCGAGCAGGAGGATTTTTTCACCGTCGTCGCCATTGGAAAGTACAACCACACAGCCTGGATTCTCTTCAGTACCGCTGCGACTAAAGGCGATACAGTTAGGATGATCGAAAAAGAGTGTTTGTATACCGTGCGCAAAACGCTGACGAGCGAGGATCAGCCGATCCAGTTGGTTAATCACCGGCATGTCGACCCGACAGGTCTCGCCATTTTCGCCGCTATCTTCATAGCTGGCGCCGTATAAATCGGGATAAAACACTGACGGTACGCCGTTTTCACGAAGCAGGATCAGCGCATAGGCCAATGGTTTGAACCAGGGTTCTACTGGCGCTTCCAGCGCCTGTAACGGTTGTGTATCGTGGTTAGCGACCAGCGTCACCGCATGAAAAGGGTCGGCTTCTACCAGCGTGCCGGTGAAAATGTGGCGCATGTCATACTCCGCGCCCTGGCGCGAGGCTTCATGAAATTTCATCTGCAACGGCGCGTCG
NZ_CP039489.1_gap47	1952310	1957196	4886	GGGGTTGCGCATCCAGATTATCGACAGCCAGAACCGCCCGATGTTTAAAACCGGCAGCGCCGAAGTTGAGCCGTATATGCGCGATATCCTGCGTGCGATTGCGCCAGTGTTAAACGGTATACCTAATCGCATTAGCCTGGCCGGCCATACCGATGACTTTCCCTACGCGAACGGCGAAAAAGGCTATAGCAACTGGGAGTTATCCGCCGATCGCGCCAATGCCTCGCGTCGCGAACTGGTCGCCGGCGGGCTGGATAACGGAAAAGTATTACGGGTGGTTGGCATGGCCGCCACGATGCGGCTGAGCGATCGCGGTCCTGATGACGCCATCAACCGCCGTATAAGCCTGCTGGTGTTAAACAAACAGGCGGAACAGGCCATTTTGCATGAAAACGCTGAAAGCCAGAATGAGCCGGTAAGTGTATTACAACAGCCTGCGGCAGCCCCGCCGGCAAGCGTACCCACATCGCCAAAAGCGGAACCGAGGTGATAGCGTGAGCATGGATATTAGCGATTTTTATCAGACATTTTTTGATGAAGCTGACGAGCTGTTGGCTGATATGGAGCAGCATCTGCTGGATTTGGTGCCGGAATCTCCGGACGCTGAACAACTGAACGCCATTTTTCGCGCGGCGCACTCCATTAAAGGCGGCGCGGGCACATTCGGCTTCACTATTCTGCAGGAAACCACACATTTAATGGAAAACCTGCTGGATGAAGCCCGACGCGGTGAAATGCAGCTCAATACCGACATTATCAACCTGTTTTTGGAAACGAAAGATATTATGCAGGAACAGCTCGACGCCTATAAAAACTCCGAAGAGCCGGATGCCGCAAGCTTCGAATATATCTGCAATGCGCTACGCCAGTTGGCGCTGGAGGCGAAAGGCGAAACCACGCCGGCGGTCGTAGAAACCGCGGCACTAAGCGCGGCGATCCAGGAAGAGAGCGTAGCCGAAACCGAATCGCCTCGTGACGAGAGTAAACTGCGCATTGTACTTTCACGGTTGAAAGCCAGTGAGGTCGATCTGCTTGAAGAAGAGTTGGGCAATCTGGCTACTCTGACGGATGTCGTTAAGGGAGCGGATTCACTGTCGGCAACTCTGGATGGCAGCGTCGCGGAAGATGACATTGTCGCGGTGCTCTGTTTTGTCATCGAGGCCGATCAGATCGCTTTTGAAAAAGTGGTCGCCGCGCCCGTGGAAAAAGCGCAAGAGAAAACCGAGGTAGCGCCGGTAGCGCCTCCGGCAGTCGTTGCGCCAGCCGCCAAAAGCGCGGCCCATGAACATCATGCGGGGCGTGAAAAACCTGCGCGTGAACGCGAGTCCACCAGCATTCGCGTGGCGGTAGAGAAAGTGGATCAGCTCATAAACCTGGTCGGCGAGTTAGTGATTACCCAGTCAATGTTGGCCCAGCGTTCTAACGAGCTGGACCCGGTAAACCACGGCGATCTCATTACCAGTATGGGGCAGTTACAACGTAACGCCCGCGACTTACAAGAGTCGGTGATGTCGATTCGTATGATGCCTATGGAGTACGTCTTCAGCCGTTTCCCGCGTCTGGTACGCGATTTAGCGGGCAAACTGGGCAAGCAGGTAGAGCTGACGCTGGTGGGGAGCTCCACTGAACTTGATAAAAGCCTGATCGAACGCATTATCGACCCGCTGACGCACCTGGTGCGCAACAGTCTCGACCACGGGATTGAAATGCCGGAAAAACGCCTTGAGGCGGGGAAAAATGCTGTCGGCAACCTGATTCTTTCCGCAGAACATCAGGGCGGGAATATTTGTATTGAAGTGACCGATGACGGCGCGGGGCTTAACCGTGAGCGTATCCTGGCGAAGGCCATGTCGCAGGGGATGGCGGTGAATGAAAACATGACCGACGATGAAGTAGGCATGTTGATCTTCGCGCCGGGATTCTCAACTGCGGAACAGGTCACGGATGTCTCCGGTCGCGGCGTTGGCATGGATGTGGTGAAACGTAACATTCAGGAGATGGGCGGTCACGTTGAGATCCAGTCAAAACAAGGCTCCGGCACCACGATTCGTATTCTGCTGCCGCTGACGCTGGCCATCCTCGATGGGATGTCGGTTCGCGTGGCGGGGGAAGTTTTTATCCTGCCGTTAAATGCGGTGATGGAGTCGCTGCAACCGCGTGAAGAGGATCTTCATCCGCTGGCGGGCGGCGAACGGGTTCTGGAAGTTCGCGGCGAGTATTTGCCGCTGGTCGAATTGTGGAAAGTGTTTGACGTGGACGGGGCGAAAACCGAAGCCACGCAGGGCATTGTTGTGATCCTGCAAAGCGCGGGACGCCGTTACGCGCTGCTGGTCGATCAGCTCATCGGTCAGCACCAGGTGGTGGTCAAAAATCTGGAAAGCAATTATCGCAAGGTACCGGGGATTTCCGCCGCGACGATCCTGGGCGACGGCAGCGTCGCGCTGATTGTTGATGTTTCCGCATTGCAGGGTTTAAACCGCGAACAACGTATGGCGATCACAGCCGCCTGATTGAGTGAGAAGGGAATAATATGACCGGTATGAGTAATGTAAGCAAACTGGCCGGCGAGCCGTCAGGTCAGGAATTCCTGGTGTTTACACTGGGAAATGAAGAGTACGGCATCGATATCCTGAAAGTGCAGGAGATCCGTGGCTATGACCAGGTGACGCGCATCGCCAATACACCGGCCTTTATAAAAGGGGTGACTAACCTGCGCGGCGTGATTGTCCCCATTGTCGATCTGCGCGTGAAATTCTGCGAAGGCGACGTAGAGTACGATGACAATACGGTAGTGATCGTACTGAATCTGGGGCAACGCGTCGTCGGGATAGTGGTAGACGGCGTGTCTGACGTACTGTCGTTAACGGCGGAACAGATCCGTCCGGCGCCAGAATTTGCCGTGACCTTGTCAACAGAATATTTGACGGGATTGGGCGCGCTCGGCGAGCGTATGCTGATTCTGGTGAATATCGAAAAACTGCTTAACAGCGAAGAGATGGCGCTGCTGGATATCGCAGCATCACACGTCGCGTAATAACGTTGCCGGATGGCGTCGCGCCATCCGGCAATATTCACCGTTATGCTTCCGCCAGCGGTGAGAGTGCCTCTTCATCGCCCGCGCCCAGCCCCTGCATTTTGCGCCGGCATCGCCGCTGCGACACTGTCATTGGCAATGTCGTCTTCCGGAACAGCGTATTTCCTTTTTGCAAAAGTAAAGTTATCACCGCAGGTGCCGATAACGTTGATAACTCGTTATCAGGAAGGTGCCTTATGTTTAACCGTATCCGCGTTGTCACAATGCTGATGATGGTGCTGGGGGTTTTCGCACTGCTACAGCTTGTTTCCGGTGGTTTGCTGTTTTCTTCATTACAGCATAACCAGCAAGGTTTTGTTATTTCTAACGAATTACGCCAGCAACAAAGCGAACTCACGTCGACATGGGACTTAATGCTGCAAACGCGCATTAACCTGAGCCGTTCCGCCGCACGCATGATGATGGACGCTTCTAACCAGCAGAGCAGCGCCAAAACGGATTTACTCCAGAATGCAAAAACGACCCTCGCACAGGCGGCGGCGCATTACGCCAATTTCAAAAACATGACGCCATTGCCAGCGATGGCGGAGGCCAGCGCGAACGTCGATGAAAAATATCAGCGCTATCAGGCCGCATTAGCCGAACTTATTCAGTTTCTGGACAATGGCAATATGGATGCCTACTTCGCCCAGCCAACCCAGGGAATGCAAAACGCGTTGGGCGAGGCGCTGGGCAATTACGCCCGGGTGAGCGAAAGCCTGTACCGCCAGACATTTGATCAAAGCGCTCATGACTACCGTTTTGCGCAATGGCAACTGGGGGGGCTTGCGGTTGTGCTGGTGCTGATTTTGATGGTGGTTTGGTTCGGCATTCGTCATGCCCTGCTTAACCCATTAGCGCGAGTGATTACTCATATCCGTGAAATTGCCAGCGGCGATCTGACGAAAACGCTCACCGTCTCAGGACGTAATGAAATTGGCGAACTGGCGGGAACGGTTGAACATATGCAACGCTCGCTGATTGACACCGTGACGCAGGTTCGTGAAGGTTCGGATGCGATTTATTCCGGCACCAGTGAAATTGCCGCCGGTAATACCGACCTCTCTTCCCGTACCGAACAGCAGGCCTCCGCTCTGGAGGAGACGGCGGCCAGCATGGAACAACTGACGGCCACCGTGAAGCAAAACGCCGATAACGCCCGCCAGGCTTCGCAACTGGCGCAAAGCGCCTCCGAGACCGCGCGTCATGGCGGCAAAGTGGTCGACGGCGTGGTAAACACCATGCACGAAATTGCCGACAGTTCGAAAAAAATCGCTGACATTATCAGCGTTATCGACGGTATTGCCTTCCAGACTAACATTCTGGCGCTGAACGCGGCGGTAGAAGCGGCGCGCGCGGGAGAGCAGGGGCGCGGTTTTGCGGTCGTGGCAGGCGAGGTGCGTAATCTGGCCAGCCGCAGCGCCCAGGCGGCGAAAGAAATAAAAGCGTTGATTGAAGATTCCGTCTCGCGTGTCGATACCGGTTCTGTGCTGGTGGAAAGCGCCGGGGAAACCATGACTGACATCGTCAATGCCGTTACGCGCGTCACGGATATCATGGGCGAAATCGCCTCCGCCTCGGATGAGCAAAGCCGGGGTATCGATCAGGTCGCTTTGGCCGTTTCCGAAATGGATCGCGTAACGCAACAGAACGCCTCGCTGGTTCAGGAATCCGCAGCGGCCGCCGCCGCGCTGGAAGAGCAGGCCAGCCGTCTGACCCAGGCGGTATCGGCTTTCCGCCTGGCATCGCGACCGCTGGTGGCAAATAAACCTGAGATGCGTTTGTCAGTGGACGCTCAGTCCGGCAATACGCC
NZ_CP039489.1_gap48	2102064	2107047	4983	AGTCGGAGCAGATTCGTGACGAACTGACTACCAAAGCGCTGTCGGCCCTTCAACAGGGCGGTGATGCGCAAGCCATCTTGCAGGATCTGGCATGGAAACTGACCAACCGCCTGATTCATGCGCCAACGAAATCACTTCAACAGGCTGCCCGTGACGGGGATGACGAACGCCTGAATATTCTGCGCGACAGCCTCGGGCTGGAGTAGCAGCACACACCACACTTTTTTACAGGGTGAATTTACGCCTATGAAGCCTTCTATCGTTGCCAAACTGGAAGCCCTGCACGAACGCCATGAGGAAGTTCAGGCGTTGCTGGGCGATGCGGGAATTATCGCCGACCAGGACCGCTTTCGCGCATTGTCGCGCGAATATGCGCAATTAAGCGACGTTTCTCGCTGTTTTACGGACTGGCAACAGGTTCAGGACGATATCGAGACGGCTCAGATGATGCTCGACGATCCTGAAATGCGAGAAATGGCGCAGGAAGAACTGCGCGAAGCGAAAGAAAAAAGCGAACAACTGGAGCAACAGTTACAGGTACTGCTGCTGCCGAAAGATCCGGACGATGAACGAAACGCGTTCCTTGAGGTTCGCGCCGGCACCGGCGGCGACGAAGCCGCGCTGTTTGCCGGCGATCTGTTCCGCATGTACAGTCGTTATGCCGAAGCGCGCCGCTGGCGCGTGGAGATCATGAGCATGAGCGAAGGCGAGCATGGCGGTTATAAAGAGATCATCGCCAAAATCAGCGGCGACGGCGTGTATGGCCGACTGAAATTTGAGTCCGGCGGACACCGCGTACAGCGTGTTCCGGCGACCGAGTCGCAGGGGCGTATCCATACCTCCGCCTGTACCGTCGCCGTGATGCCGGAGCTGCCGGAAGCCGAGCTGCCGGATATTAACCCGGCGGATCTGCGCATTGATACGTTTCGTTCTTCCGGCGCGGGCGGTCAGCACGTTAACACCACCGACTCCGCTATCCGAATTACCCACTTGCCGACCGGCATCGTGGTGGAATGCCAGGACGAGCGTTCGCAGCATAAAAACAAAGCGAAAGCGCTCTCGGTGCTCGGGGCGCGCATTCACGCCGCCGAAACGGCAAAACGCCAGCAGGCCGAGGCGTCAACGCGACGCAATCTGCTTGGCAGCGGCGATCGCAGCGATCGTAACCGGACCTATAATTTCCCGCAGGGGCGCGTGACCGATCATCGTATTAATCTGACGTTATATCGCCTTGATGAAACGATGGAAGGTAAGCTGGATATGCTGATTGAGCCGATTGTTCAGGAACACCAGGCTGACCTGTTAGCCGCCTTATCCGAGCAGGAATAATGGATTTTCAGCACTGGCTGCATGAGGCGGTAAACCAGCTCCGGGACAGCGACAGCCCCCGGCGCGACGCCGAGATCCTGCTTGAGTACGTCACGGGCAAGGGGCGGACGTATATCATGGCCTTTGGCGAAACGCCGCTTACCGACGTCCAGCAACAACAGCTCGCGGATCTGCTGCAGCGGCGTAAACAGGGCGAACCTATTGCGTACCTGACGGGCTTACGCGAATTCTGGTCGCTGCCGCTCTTCGTTTCTCCCGCCACGCTAATCCCGCGCCCGGATACCGAATGTCTGGTTGAACAGGCGTTGGCGCGATTGCCGGTAAAAACCTGTCGTATTCTGGATTTAGGCACCGGAACCGGCGCGATTGCGCTGGCGCTGGCCTGCGAGCGACCGGATTGCGAGGTGACTGCGGTCGATCGTATGCCTGATGCGGTTGCGCTGGCGATACGCAACGCGGAACATTTGGCTATCCGGAATGTGCGTATACTGCAAAGTTGTTGGTTCAGCGCGCTATCGGGGCAGCAGTTCGACATGATTGTCAGCAATCCGCCCTACATTGACGCGCAGGACCCGCACCTTAGCGAAGGCGATGTACGCTTTGAACCGCGCTCAGCGTTGGTGGCGGACGAAAACGGTATGGCGGATCTTACGCATATTATCGATAATGCCCGCCAGATGTTAACGCCCGGCGGCTTCCTGCTGCTGGAGCACGGTTGGCGGCAAGGCGAAGCGGTAAGAGCGGTTTTCAGGCGGTCTGGTTACTCGGATGTAGAAACGTGTCGTGATTATGGCGGTAATGAACGCGTGACCTGCGGACGTTTTACGCCATGACAATTGCAATGTTGCTCACGCTTCATCTTATCTGTGTTGCGCTCTCCGTCAGTTTGTTTGTCGCTCGTTACTGGTGGCGCTATTGCGGCCATGCGTTGGCCGCCGCGCGCTGGACACGAATCGTGCCTCCCGTCATAGATACCCTGTTACTGCTTAGCGGTATCGGGTTAATCGTTAAAACGCACATCCTGCCATTCACGGAGTCGGGCGCATGGCTGACTGAAAAACTGTTTGGCGTTATCATCTACATCGTTTTGGGTTTTATTGCGCTTGATTATCGTCAGGCGCGCAGCCAGCAGGCGCGTTTTATCGCTTTCCCGCTGGCGCTGGTGGTGCTGTACATCATCATTAAACTCGCCACCACAAAAATACCGTTACTGGGGTAAGTCATGAGGTCGTTAGCTGATTTCGAATTTAACAATGCGCCGCTGTGTGATGGCATGATCCTGGCATCAGAGATGATTCGCCTGGATTTTCCCACGCAGTTTGTCTACGACGAACTGGAACGTCTGGTCAGTCTGGCGCAGGAAGAAATTAGCCAGCTCCTGTCTCAGGATGAGCAACTGGAAAAATTGCTGGCACTTTTTTACGGCGAGTGGGGGTTCACGGATTCCCGCGGCGTCTACCGTCTTTCTGATGCTTTATGGCTCGATAAAGTCCTGAAAAAACGCCAGGGGAGCGCGGTATCGTTGGGCGCTATTTTATTATGGATAGCAAACCGTCTTGATTTGCCGTTGGTGCCCGTTATCTTCCCAACGCAGTTGATTTTGCGTATTGAATCGCTGGAAGGGGAAATGTGGCTGATTAACCCATTCAACGGTGAAACGCTTGATGAACATACTCTGGAAGTCTGGTTAAAAGGCAATATTAGTCCGGTCGCCGAGTTGTTTAACGAAGATTTGGACGAGGCGGATAACGCCGAAGTGATTCGTAAGCTACTGGATACGCTGAAATCCTCGCTGATGGAGGAACGGCAAATGGAGCTGGCGCTACGCGTTAGCGAAGCATTGTTGCAATTTAACCCGGAAGATCCTTACGAAATCCGTGACCGCGGGTTGATCTACGCGCAGCTTGAGTGTGAACACGTTGCGCTGACTGATTTAAGCTACTTCGTTGAACAGTGTCCGGAAGACCCGATCAGCGAAATGATTCGTGCGCAGATCAACACCATTGCGCACAAGCAAATTGTTCTACATTAATTAACCGACATTTTACCTATAAGTGTAAGGCGATCCTATGAAACAAAAAGTGGTTAACATTGGCGACATTAAGGTGGCAAATGACCTGCCGTTTGTGCTGTTTGGCGGTATGAACGTGCTGGAGTCACGCGATCTGGCAATGCGCATTTGTGAGCACTACGTAACCGTTACCCAGAAGCTGGGTATTCCTTACGTGTTCAAGGCCTCTTTTGATAAAGCCAACCGTTCCTCTATTCACTCTTACCGTGGGCCGGGCCTGGAAGAAGGGATGAAAATCTTCCAGGAACTCAAACAGACATTTGGCGTAAAAGTGATCACTGACGTCCATGAAGCCAGCCAGGCGCAGCCTGTGGCTGATGTGGTTGACGTGATTCAGCTCCCGGCGTTTCTGGCGCGCCAGACCGACCTGGTGGAAGCGATGGCGAAAACCGGCGCTGTGATTAACGTGAAAAAGCCGCAGTTCGTAAGCCCGGGTCAGATGGGCAATATCGTGGATAAGTTCCATGAGGGCGGTAACGATAAGGTGATTCTGTGCGACCGCGGCGCGAACTTCGGTTATGACAACCTGGTGGTGGATATGCTGGGCTTTAGCGTGATGAAAAAGGTCTCCGGCAACTCGCCGGTGATTTTCGACGTTACCCATGCGCTGCAATGCCGCGACCCATTTGGCGCCGCCTCGGGCGGTCGTCGTGGTCAGGTGACCGAGCTGGCGCGCGCCGGTATGGCTGTCGGTCTGGCGGGCCTGTTCCTGGAGTCGCATCCGGACCCGGCTAACGCGAAGTGCGACGGTCCTTCCGCGCTGCCGCTGGCGAAACTGGAGCAGTTCCTGACCCAGATAAAAGCGATTGATGATTTGGTGAAAAGCTTCGACGAGCTGGATACCGAGAACTGATTGCGGTTTTTAGCTTGTGTAGGCCGGATAAGATACTATCCGGCTTTTTTATATCAGGCAAAAATCGTCATCAGATAGGCGGCAAATAAAGCCAGATGCGCCGCGCCGTTTAGCACGTTGGTGCGTCCGGTAGAGAACGAAATATGGCACAGCACTAACGAGGCCACCATCACTACCATTTCCGGCGCGCCTAAACCAAACACCAGATCATTACCTGTCGCCCAGGCGATGAGCGTGACGACCGGCACGGTTAATGAAATCGTCGCCAACACCGATCCGAAGAACAGATTCATTGCCCGCTGAACCTGATTATTCAGTACCGCCTTCAGCGCTCCCAGTCCTTCCGGCGAGAGAATTAACAGCGCGACCAGGAAACCGGTAAAGGCGACCGGGGCGTTCATACTGGTCAGCAACGCCTCCAGCGGGCTGGCATTCATTTTGGTAACGGCAATGACCGCAATTAAATGAATGAGTAACCAGACCGTATGCCAGCCGCTACTGTGCGCGGAGGGTTTACCGTGGTGTGGATTGTCATCATCGCCTTCATCTTCATGTTCATAGATAAATAAGCTCTGGTGCGTTTTGGTTTGAATCAACAAAAATACGCCGTACATCGCGGCGGAAATTAACGCGACCAATAATGCCTGACCGGTAGAGAAATTGGCTTGCGGCAATGCCATTGGAAAAACCAGCACAATAATCGCCAGCGGAAACAGCGCGATAAGATACT
NZ_CP039489.1_gap49	2135444	2136691	1247	ACAGGAACCCTGACGGGATTAAACAGGCTGGTAAAAACCAGTAATTATAATGAGTGGAGTACAAACACAATGTCTAACATCACGAAAAAAAGTTTGATTGCAGCGGGAATACTCACTGCGCTCATCGCCGCTAGCGCCGCGACTGCGGCAGACGTGCCCGCCGGCGTTCAGTTAGCCGACAAGCAAACGTTGGTACGTAACAATGGATCAGAAGTGCAGTCTCTCGACCCGCATAAAATTGAAGGCGTGCCGGAATCGAACGTCAGCCGTGACCTCTTCGAAGGCTTATTAATTAGTGATGTCGAGGGGCATCCTTCACCGGGCGTCGCGGAAAAATGGGAAAATAAAGATTTTAAAGTCTGGACATTCCATCTACGTGAAAATGCGAAATGGTCAGATGGTACGCCCGTCACCGCCCATGATTTCGTTTATAGCTGGCAACGCCTGGCCGATCCTAATACGGCATCGCCGTACGCCAGCTATCTGCAATACGGTCATATCGCTAATATCGATGACATTATCGCCGGTAAAAAAACCGCCACCGATCTGGGGGTAAAAGCGCTTGATGAGCATACCTTTGAAGTGACCTTAAGTGAGCCGGTGCCTTATTTCTACAAATTGTTGGTCCACCCTTCAGTGTCTCCTGTACCGAAATCAGCGGTCGAAAAATTTGGCGATAAGTGGACACAACCGGCCAATATTGTCACTAACGGCGCTTATAAGTTAAAAAACTGGGTGGTGAACGAACGTATCGTGCTGGAGCGTAACCCGCAATACTGGGATAACGACAAAACCGTCATCAATCAGGTAACTTATTTGCCTATCTCTTCGGAGGTGACGGATGTCAACCGCTACCGCAGCGGCGAGATCGATATGACTTATAACAATATGCCGATCGAATTATTCCAGAAACTGAAAAAAGAGATCCCGAATGAAGTCCGCGTAGACCCTTATTTGTGTACCTATTATTACGAAATTAATAATCAAAAAGCGCCGTTTAACGATGTCCGCGTGCGTACCGCGCTGAAACTGGCGTTAGATCGCGACATTATTGTTAATAAGGTTAAAAATCAGGGCGATTTACCCGCTTATAGCTACACGCCGCCGTATACCGATGGCGCAAAACTGGTAGAGCCTGAGTGGTTCAAATGGTCCCAGCAAAAGCGTAATGAAGAAGCGAAGAAATTGTTGGCTGAAGCCGGTTTTACGGCGGATAAGCCCTTAACATTCGACCTGCTGTATAACAC
NZ_CP039489.1_gap50	2138374	2139475	1101	TGCTGTCGCAATTTACCTATTTCGATACCGACTGGGGCATGATGTCCAGTGCGCCGGATATGGCGTCCGGTCACTATTTCGGCACTGACTCTTCCGGGCGCGATCTGTTGGTGCGCGTTGCCATCGGCGGGCGTATCTCATTAATGGTCGGGATTGCCGCCGCGCTGGTGGCGGTCATTGTCGGAACGCTGTATGGCTCGCTGTCCGGCTATCTGGGCGGCAAAATTGATTCTGTGATGATGCGTTTGTTGGAGATCCTCAACTCGTTCCCGTTTATGTTCTTTGTGATTTTGCTGGTGACGTTTTTTGGGCAGAACATTCTGTTGATTTTCGTCGCCATCGGCATGGTCTCCTGGCTTGATATGGCGCGTATCGTGCGTGGCCAAACCCTAAGTCTTAAACGTAAAGAATTCATCGAAGCCGCGCAGGTGGGTGGTGTGTCGACTGCCAGCATTGTGATCCGCCATATTGTGCCTAACGTCCTGGGCGTAGTGGTAGTGTATGCATCGTTGCTGGTGCCCAGCATGATTCTGTTTGAGTCTTTCCTCAGTTTCCTGGGGCTTGGGACGCAGGAACCGTTAAGCAGTTGGGGAGCGTTATTGAGCGATGGCGCAAATTCAATGGAAGTCTCACCGTGGCTGCTGCTGTTTCCGGCTGGCTTTCTCGTGGTGACGTTATTCTGTTTTAACTTTATTGGCGATGGCCTGCGTGATGCCCTCGACCCGAAAGATCGTTAAGGAGTACAGCCATGAGCTTATCAGAAACCGCAACTCAGGCGCCGCAACCGGCGAATGTACTGCTGGAGGTAAACGATCTTCGTGTTACGTTCGCTACGCCTGATGGCGATGTGACGGCGGTCAACGATCTGAACTTTACGCTTCGCGCTGGAGAAACGTTAGGTATTGTTGGCGAGTCTGGATCGGGGAAATCGCAAACGGCGTTCGCATTAATGGGACTGCTGGCGACGAATGGTCGAATCGGCGGTTCCGCGACCTTCAACGGACGTGAAATTCTTAATCTGCCTGAGCGCGAACTGAATACGCTGCGCGCAGAACAGATTTCGATGATTTTTCAGGACCCGATGACCTCGCTAAATCCTTA
NZ_CP039489.1_gap51	2143279	2147204	3925	CTTCAATGCCAGCGTTACGCATCATGGCCGCCCAGGGGCTGCGGAAGAAAGCGACGCTACCCGCGGAGTCCAGCATAAGCCGGCAGTGGATGCCGCGGCGGGCAGCGGCCATTAACGATTCAGCGACCTGATCCGCCATGCCGCCTGGCTGCCAGATGTAAAACACCATTTCGATATTGTGCCGCGCCAGTTGGATATCGCGAATAAGCGCCTGCATGACATCATCGGAGTCGGTAAGCAATTGCAACTGGTTGCCTTTGACGCCCGCAATCCCCTGACGTCGTTCGCACAGCTTAAACAAGGACGATGCGACGCTACTGTTTTCTTGCGCGAAAATGTGTTTGCAGGCTTTGAGGTCATTCAACCATTTGGCGGTAGACGGCCACATGGCGCGGGCACGCTCGGCGCGACGTTTGCCTAAATGCAATTCGCCCACGGACAAATAGGCGATGATCCCGACCAGCGGAAGGATATAGATGATTAACAACCAGGCCATTGCGGAGGGAACTGCGCGCCGTTTCATTAGAATACGTAATGTGACGCCGGCAATGAGAACCCAATATCCCAAAATGACCAGCCAACTCACCACGGTGTAGAAGGTTGTCATAACTTTAAAAATCCTTTAGAAAGCGTGTTGTTAAGAGTTTACGCGTCAGGATTCACATGGCAAATAAAAACACGGGAAAAGCGCTGGTCTGCATCCGGCGAGGGGGTATAATGGCGCTTCTGTTACAGTGAGAGTCGTAAACATGAAGCGTAGTAGAACGGAAGTGGGGCGCTGGCGAATGCTACGTCAGGCGAGCCGCCGTAAAGCGCGTTGGCTTGAAGGGCAATCACGCCGTAATATGCGTATCCATACCATCAGGAAATGCATCTTTAATCGTCAGCGTAATTCATTACTCTTTGCGATTCACGGTGTGTGAGACAGAAAGGGCACCGTATGCGGTGCCCAACAGGCCATCCTTTTCAAAAGATCTTCTTATACGGTTTGACCGAAACCTGCGCATAGACGCCCGCTGCGACGTAGGGGTCCGCATCAGCCCAGGATTGCGCCGCTTCTAAAGATTCAAATTCAGCAATGACCGTTGACCCGGTAAATCCGGCTACCCCAGGATCGTTACTGTCCACTGCGGGCATCGGCCCGGCAGTTAATAATCGCCCTTCATCATGCAGAAGTTGCAGGCGCGCCAGATGCGCGGGCCGTACCGAGAGGCGTTTTTCAAGCGAGTTGGCATTGTCCTGAGCGTAAATAACATACAGCACGGGTAGAGCTCCTTAATCGGTAAAAGTTGCTGATTACGTTATTGGAAAGGGCATTTAACTGCAATGTAAAGATACCGACTTTGTTAAACATGCACATTTTGTGTGGTTTTTTTGCGCGATATCATCTTTTAAATGCCGCTATCGGCAATGCCTTATTGAATATGATTGCTATTTGCATTTAAAATTCAGCTCTGGTTTTTCAACTGAAACGATTATGACTTCAATGACCCTTGATTTACCTCGTCGCTTTCCCTGGCCGACACTCCTTTCCGTAGGCATTCATGGTGCTGTAGTGGCAGGTTTGCTCTATACCTCGGTACATCAGGTTATTGAATTGCCTGCGCCAGCGCAGCCTATCACGGTGACAATGGTTTCACCCGCTGACCTGGAGCCGCCCCAGGCGGTTCAGCCGCCGCCGGAGCCAGTGGTTGAACCCGAACCGGAGCCAGAGCCGATCCCTGAACCGCCTAAAGAAGCGCCCGTGGTGATTGAGAAACCCAAACCTAAGCCAAAACCCAAGCCGAAACCGAAACCGGTGAAAAAGGTTGAAGAGCAGCCGAAGCGCGAAGTCAAACCAGCTGCGCCTCGTCCTGCCTCACCGTTTGAAAATAGCGCCCCGGCGCGGCCAACAAGCAGCACCGCCTCGGCGACCAGCAAGCCGGCGGTGAGCGTACCCACTGGACCTCGCGCTCTGAGCCGTAACCAGCCGCAATATCCGGCGCGAGCACAGGCATTACGTATTGAAGGCCGCGTAAAGGTGAAGTTTGACGTGACCTCTGCTGGGCGAGTGGAAAATGTACAGATTCTATCCGCGCAGCCAGCCAATATGTTTGAGCGTGAAGTTAAGAATGCGATGCGCAAATGGCGCTATGAAGCAGGCAAGCCGGGTTCCGGGCTGGTGGTCAATATTATCTTCCGTCTGAACGGTACGGCGCAGATTGAGTAATCTCTGGCGCCGCCAGTAGGAATATACCATCACCTGCTGGCGGCGTAAGCGGGTATACTTAACCCTGAACCGGGAGCGGGCGAGGTTTACCGTCCGGATCGACGGCAACATAAATAAACAGCGCCTCGGTGGCCTTGTAGCGCTGTCCAATCGGTTCTGACGCGACTTTTTTCACCCAGACTTCAATATTGATGCTAATAGACGTCGTACCGCGTTTAACGCAGCGCGCGTAGCAGCATACGACATCGCCAACCGCGACGGGGCGCAGAAATGTCATTCCTTCCACGCGTACGGTTACAACCCGACCGTGCGCGATCTCTTTGGCCAGTATCGCGCCGCCAATATCCATTTGCGACATCAGCCAGCCGCCAAAAATATCGCCGTTCGCATTGGTATCGGCAGGCATGGCCAATGTACGTAAAACCAGCTCGCCCTGAGGAGTATTATCCATTGTTGTCATTGTAAAACCGACTATCAGAAAAAATTACAGCCGCGATGCTACTATGAATTTTGTGTGGAGAATAGTGGGAATAAAGGTACTGACGGGAAAGCGCAGGGCGTAAAGGCGAAGAAAATATCGCCAGGCGTTCGCAGTCTGGCGATGATAAGTCACGGGAGGGTTATGATTTATCTTCCTGTGGCAGATGCCGGTAGATATAGACGCCGCTCAGCAGGGTAAAAATGAGCGTCAGCGCCGTGAGTCCAAAGACCTTAAAGTTGACCCAGATATTTTGCGGCAACCAGAAGGCGATATAAATGTTAGCCAGACCGCACGCAATAAAAAACAGCGCCCACGCCAGGTTCAGCTTTGACCAGACCTGCTGCGGCAACGCCAGTTCTTTACCTAACATACGTTGGATTAACGGTTTTTTCATCACCCACTGGCTTATTAACAGCGCGCCGGCGAACAGCGCATAAATAACCGTCACCTTCCATTTAATAAATTCATCGTTATGGAAGAAGAGCGTCAGACCGCCGAAGACGGCAACCAGAACAAAGGTAATCAGCGCCATCTTCTCTATTTTCCGATAGCGCACCCAGCTATAAATCAGCACGATTGCCGTCGCGACAATCAGTGCGGAGGTCGCCGCATAGATGTCATAAAGTTTATAAAACGCAAAAAAGACAACCAGCGGTAAAAAATCCAGAAACTGCTTCATTCTTCGATTCCATCATCAACGAGCGTCGAATGCGCCGCGTAACGGCGCATTGCGGATTATTGGCGAATCAACATATACAGGCGGAATAAGTAGATAAGCAATACTGCGGAAATCAGATTGCTCAACGTATTCGCCAGTACAGCGCCTACATTTGGGGTCAGTACAGCGAAGCTGGGCGCGAACAGCAATAGCAATGTTTTAGCCAGTAACCAGCCTATCACCGCGGGCGCGACCAGTCTCATGTTAGCCCAGGCTAAACGCATACTGCTGCGCATTGCGGCAAACACGCCCATTTTCTCTTCAACCAACATCACTGGCGCAAGCGCCAGCACAATGGCCATAATAATCCCCGGAACGACAATCAGCATTATACCGATTTGCACTAACAGGGTAGTCAGAAAAATGAGAATAAACAGTTTAGGCAATGCAGGGGCGCTGGCGCCGATAGCGCGCAGCGCGCTAACCCGATGTCCCGCTGAAACTAACTGAATCATCAGGATGATACCGCCGGCCAGAATAGCGTTGCCGATAAGCCCGGAAAACGTCGAGGCGGCAG
NZ_CP039489.1_gap52	2170369	2172458	2089	TAATCCCGGAGACGAACCGGTATTTACCAGTACGCTGGAACTGGATATGGGCGATGTCGAAGCCAGCCTGGCCGGGCCGAAACGCCCGCAGGATCGCGTAGCGTTAGGCGATGTGCCGAAAGCCTTTGCCGCCAGCGCCGAGCTGGAGCTGAATACCGCGCAAAGAGATCGCCAGCCGGTTGACTATACGATGAACGGACAGCCATATCAGCTTCCGGATGGCGCTGTCGTCATTGCCGCCATCACCTCCTGCACGAATACCTCGAATCCCAGCGTGCTGATGGCGGCGGGATTACTGGCGAAAAAAGCAGTAACGCTGGGGTTGAAGCGTCAACCGTGGGTCAAGGCTTCTCTGGCGCCGGGGTCAAAAGTGGTATCTGACTATCTGGCGCAGGCCAAACTTACGCCTTATCTGGATGAGCTCGGTTTTAACCTGGTCGGTTATGGCTGTACGACCTGTATCGGGAACTCTGGTCCGTTGCCGGAGCCTATTGAGACCGCGATTAAAAAAGGCGATCTGACGGTAGGGGCCGTGCTTTCCGGTAACCGAAATTTTGAAGGGCGTATCCATCCGCTGGTGAAAACGAACTGGCTGGCGTCGCCGCCGCTGGTGGTCGCGTATGCGCTGGCCGGAAACATGAATATTAACCTCGCGACAGACCCGCTGGGGTACGATCGTAAAGGCGATCCGGTATACCTGAAGGATATCTGGCCTTCGGCGCAGGAAATTGCCCGCGCCGTTGAACTGGTATCATCGGATATGTTCCGTAAAGAGTATGCGGAAGTGTTTGAGGGCACGGAAGAATGGAAATCGATTCAGGTTGAATCGTCCGATACCTACGGCTGGCAGTCGGATTCAACCTATATTCGCCTGTCGCCTTTCTTTGATGAAATGCAGGCCCAGCCTGCGCCAGTCAAAGATATCCACGGCGCGCGTATCCTGGCGATGCTGGGGGATTCGGTAACGACCGATCATATTTCTCCGGCCGGCAGTATCAAGCCGGACAGTCCCGCCGGACGTTATCTGCAAAACCACGGCGTTGAGCGGAAGGATTTTAACTCTTATGGATCACGGCGCGGCAACCATGAAGTGATGATGCGCGGTACGTTCGCCAATATTCGTATTCGCAACGAAATGCTGCCCGGCGTCGAAGGTGGCATGACGCGGCATTTGCCGGGTACGGAAGCGATGTCGATTTATGATGCCGCGATGCTCTACCAGCAGGAAAAAACGCCGCTGGCGGTAATTGCCGGGAAAGAGTATGGGTCGGGATCGAGCCGTGACTGGGCGGCAAAAGGTCCGCGGCTGTTAGGTATCCGCGTGGTGATCGCCGAGTCGTTCGAACGTATCCACCGCTCAAACCTGATTGGGATGGGGATCCTGCCGCTGGAGTTTCCACAGGGCGTAACGCGTAAAACGCTTGGACTGACCGGGGAAGAGGTGATTGATATCGCGGATCTGCAAAACCTGCGCCCTGGCGCGACCATTCCGATGACGTTAACGAGATCGGACGGCAGCAAAGAAACGGTGCCTTGCCGCTGTCGCATTGATACCGCCACCGAGCTGACTTACTACCAGAATGACGGCATCTTGCACTATGTCATTAGAAATATGCTGAACTAAAGCCGTTTATCGGGCCTGCCGTAAACAGGCAGGCCCGCGCTTTAATACCGGTGGCTTACTTGCTTAGCAGGTGGCCCATTTTGGCCGCTTTAGTATCGAGATAATGCTCATTATTTGGATTACGACCCACAATGAGCGGAACGCGTTCCACGATATTAATTCCCGCCTCGGTCAGTATTTCGACTTTCTTCGGATTATTGGTCAGCAGGCGAACTTCATCCACGCCGAGTAATTTGAACATATCCGCGCACAGGGTGAAATCACGCTCATCGGCGGCAAAGCCGAGCTGATGATTGGCCTCCACCGTGTCATAGCCTTGATCCTGTAACGCATAAGCGCGAATTTTATTAAGCAGGCCGATATTGCGGCCTTCCTGACGGTGGTAAATCAGAATACCGCGTCCTTCTTCCGCAATATGCGTCAGCGCGGCTTCCAGTTGAAAACCACAGTCACAGCGCAGACTAA
NZ_CP039489.1_gap53	2184085	2187557	3472	GCATTTGCCATATAACGCACGTTGGCTTCCAGAGAGGCTTTCGCCAGACCCATGACATTGTAGTTCGGGATGGCGCGCTCCGCTCCCAGATAAGACAAGGTCAACAGCGCAGAACCCGGATTCAGCATGGTGCGGCAGGCTTTCGCCATGGCAACAAAGCTGTAAGAGCTAATATCGTGAGCGATTTTAAAGCCTTCGCGGGTAACCGCATTAACATAATCGCCGTCCAGCTGATCGCCAGGCGCGAAACCGATCGAGTGTACAAAACCGTCAAATTTCGGCCAAACGTTACCCAGCTCCGCAAACATAGCGTCAATGCTGGCATCTTCAGCGACATCACACGGTAAAACGATGCTGGAACCCAGCTGGGCAGCAAATTCTTCTACGCGGCCTTTCAGTTTGTCGTTCTGGTAGGTGAACGCCAGTTCAGCTCCTTCGCGGTGCATCGCCTGTGCGATACCGTAGGCGATGGACAGTTTACTGGCCACGCCAGTGACCAGAATGCGCTTACCGGAAAGAAAACCCATAGCTTTAATCCTTATAGTCATTGCTTATTTTTTGCTTTTACGAACAATGGTTAACAGCAACTTTTCAACATTATTCGAAATTAGTCTGAAATTATATCCCACTCCTGGCCCCGTGTGTCACGCTATTTTTCCGCCGCTATCTCCGGCAGGTGACGTTCTAAAACCACACGGTAACGAAGTCCCTGAGGATTTTGAGCACTCCCCAGGGCCAAACTGGCAAATCAAAGAGTCTAATGGGACAGGCCCTACGGTGCAGTATACCAGCTGGTGTAAGGTTCGCCTCATCCAACCAGAGACACCGGGACGGATAGCAAGTACGATAGCGATGCGCTTTCCACCAGACAAATAAAGGTTCTGTAGGAAGCCTGAATATTCATCCGAATGGTTTACCTCACCTATTAGCGATGTTATATACCCTTCATACTTCAAGTTGCTTATGTGTTGGCTACGCTCGCTCACCCCAGTTACATAGTTATCTATGCTCCTGGGGACTCACTCCCTTGCCGCCTTTAAGCAACTCGAATTATTTTGGGTATAGACATGTAATTTTAACCAGCAAATGCTTAACAAAAATAATTTCTTTTTTAGGTGCTGAAGGTTTTCTCTATTTATTGATGCAGAGTAATACTGAATATGAAAAATTTTGGAAATCAGGTGATTACAGTAGTTACAACTCAGGTTTTTATATGTTTGCATGTATATTATAATAAATTTTCAGAGGATGAGACATATGCCGTTTACATTTCAGATCGGAAATCATAGTTGCCAGATATCAGAAAGACATTTAAGAGATATCATTGATCATAAAAGAGAGCATGTTTTTTCAACGTATGAGAAGTTCATAGATTTTTTCAGGAATATATTTACCAGTCGAAGTTTAATCTCTGATTATAGAGAAATCTATAATCTACTGAGCCAAAAAAACGAGCGTCCCGATATTACGAAGCCTTTCTCGCTACGACCATTTTCGAAGCGAGATGAAGACTGTACACGATGGCGCCCCCTTCTTGGATATATTAAACTTATTGATGCCTCCAGACCTGAAACAATAGATAAATACACTGTAGAGGTATTAGCACATCAAGAAAATATGTTACTACTACAGATGTTTTACGATGGAGTATTAGTGACCGAGACGGAGTGTTCTGAACGTTGCGTCGATTTTTTAAAAGAAACGATGTTTAATTATAATAACGGGGAAATTACGCTTGCCGCTTTGGGTAATGATAATCTACCGCCGAGCGAGGCAGGTAGTAATGGAATCTATGAGGCTTTTGAGCAACGTTTGATAGACTTCCTGACCACGCCCGCCACGGCGTCTGGTTATGAGAGCGGCGCTATTGATCAGACGGATGCATCACAACCAGCGGCAATAGAGGCGTTTATTAACTCGCCGGAGTTTCAGAAAAATATTCGCATGCGTGATATTGAAAAAAATAAAATAGGTAGCGGAAGTTATGGGACAGTCTATCGGTTACATGATGACTTTGTTGTTAAGATTCCAGTTAATGAGCGGGGAATAAAAGTGGATGTTAACTCTCAGGAACATCGTAATTGTCATCCTGAGCGTGTCAGTAAGTATTTGAATATGGCCAATGGCGACAAGAATTTTTCTCGTTCGGCCATCATGAATATTAATGGTAAAGACGTTACGGTTTTAGTTTCAAAATATATTCAAGGTCAGGAGTTCGATGTTGAAGATGAAGATAACTATCGAATGGCGGAGGCGCTTCTTAAATCCCGGGGGGTTTATATGCATGATATAAATATCTTAGGTAATATTCTGGTTAAAGAGGGGGTTCTTTTCTTTGTGGATGGCGATCAAATCGTGTTGTCACAAGAATCACGGCAACAGCGAAGCGTTTCTCTTGCAACAAGGCAACTGGAAGAGCAAATTAAGGCCCATCACATGATAAAATTAAAGCGGGCCGAGACCGAAGGAAATACTGAAGATGTTGAATATTATAAGTCACTTATTACGGATCTTGATGCGTTAATCGGAGAGGAAGAACAGACACCTGCGCCAGGAAGACGTTTTAAACTAGCCGCGCCTGAGGAGGGGACTCTTGTGGCTAAAGTATTAAAGAATGAATTAAAAAAATAGCATTTAGTTCCGTTCTTTTCTGCGAATCGCCGGGGCTCATTCGCTACAGATTTACCGATCAATTATTGAGAGTTGCTATTCGTTTAAAGGTCGTTCGGGGGATCTGGACAGCCTGCAGCGGAGATGCAACTCGCCATTAGGGTTGGCGATGCCGCGCTGCCATAGTGGGTGAAATGCCACGCGATGGTGCAACAACATTAACTCGCCTTGATTTTTCCCCTCTGCCTGACAAGAAAAACCTGGCTTTACGGATGGTCTCATGCCGTCGTATTAGCGTTGTTCGGCGTAGTATGTAAATTTCCTTATAGCAATAGAAGAACATTCTCAAAACATAAAATTAGCAAGTTATCATGAAGTTAACATATATTGTTTTTTTTGATCATTTTTTATATATTGATCGTTTTTATTGATTGATTTGCGTTAAAAGCGCATTATCAGGGAGTTAAGATCAAGTGGAGTGGTCACATGCGCTATTTTTTTATGGCAGAGCCGATAAGGGCAATGGAGGGGGATTTACTGGGCGTCGAAATTATTACCCATTTTGCATCGTCGCCCGCTCGTCCGCTACACCCTGAGTTTGTTATCTCGTCATGGGACAATTCGCAGAAGCGCCGTTTTCTGCTTGATCTGTTGCGGACAATCGCGGCCAAACATGGCTGGTTTCTACGCCACGGCCTATTCTGTATCGTAAATATTGATCGGGGTATGGCGCAGCTTGTCCTTCAGGATAAAGATATTCGCGCATTACTACACGCCATGCTATTTGTGGAGCTGCAGGTCGCTGAACATTTTTCATGTCAAGATAACGCCTTAATCGATCCTTTAATACACGCGCTTCATA
NZ_CP039489.1_gap54	2191477	2192182	705	AGCCGATAAAGGTCAGGAAGAATAGCGTCACCAGCAACAGCAATAACCGACGCAGGGTGAAGATAATCATGGTTTTTTCACCTCTTCGTGTTTTTCGCGGGAGACGCCGGCAAAAGACGCATTGCCGAACGGGCTTAACACCAGCCCTTTAATATCGTAGCGGTAAGCCTGCAGGCGTAGTGATGATGCCAGCGGCAGTATCGGCAGCTCTTTCTCCAGGATATTCTGCGCTTCCTCATATGCTTCTATGCGCGAAGCCAACTGCTGCGACGACAGTGCTTTACGCAGCACGCTGTCAAATTCAGGGTTACACCAGTGGGCGAAATTGGTTTGCGAATTGATGGCCGCACAGCTTAACAGCGGTCTGAAAAAGCTATCCGGATCGTTGCTGTCCGTGGCCCAGCCGGATAAGGTCAGATCGTGATTCATATCCATCAGGCGCGCCTCCTGAAAACGACCTTCAACCGGCACAATGACCACTTTTACGCCAACCTGCGCCATATCCGCCTGAATAAGCTCCGCCGTTTTTAGCGGACTTGGGTTCCAGGCCTGAGAACTGGTCGGCACCCAGAGATGCAGCGTAAGATTCTCAATGCCCAGCGCTTTTAGCTGTTCGCGCGATTTTTGCGGATTGTACTCCGTAATTTTGGCATCGTTATCGTAAGCCCATGAGGCTCTCGGTAAAATGGAGGCTGCGGTTTCCGC
NZ_CP039489.1_gap55	2277002	2279329	2327	GCGTTATGCCAGCCAGATATGGGCAATAAGCCACTGGCCCGGCGACATCATGGTGATCCTGGCGATGATTATTTGGGCACTCTTGACCCTGGCGTTCCTTAGCCGTCTGGTGCGCTTTCCCCATAGCGTGATGGCTGAGGTGCGACATCCGGTAATGAGCAGTTTTGTCAGCCTGTTTCCCGCCACCACGATGCTGGTCGCGATCGGTTTCGTTCCCTGGTATCGCCCGTTGGCCGTTGCGCTATTCAGCGTGGGGGTCGTCATACAACTGGCGTATGCCGCCTGGCAGACGGCGGGACTTTGGCGCGGAGCGCATCCGGAAGAAGCGACAACCCCAGGACTTTATCTGCCCACGGTAGCGAATAATTTTATCAGCGCTATGGCCTGTGGAGCGCTCGGTTACAATGATGCAGGACTGGTGTTTTTAGGCGCAGGCGTCTTTTCGTGGTTAAGTCTGGAGCCGGTTATTTTGCAGCGACTGCGTAGCTGCGGCGAATTACCGGCGGTGCTGCGTACGTCGCTGGGTATCCAACTGGCGCCCGCGCTGGTCGCCTGTAGCGCCTGGCTGAGCGTCAATGGCGGGGAGGGCGACACGCTGGCGAAAATGCTATTCGGCTACGGTCTGTTACAGCTTTTATTTATGCTGCGATTAATGCCCTGGTATTTATCACAACCGTTTAATGCTTCCTTCTGGAGTTTTTCGTTCGGCGTTTCCGCGCTGGCGACCACGGGGTTACATCTTGGTCACGGTAGTGAATCAGGGCTTTTCCATATTCTGGCCGTCCCGCTGTTTATTTTCACTAACGCTATTATCGCCTTATTGCTGGTTCGTACATTTCTATTGCTGGTGCAGGGGACGTTGCTTATTCGCACTGAGCGCGCTGCACTGTTGAAAACGGAGGAAAAAAATGACCGTTCGTGACGAAAATTATTTTACTGAGAAATACGGATTAACCCGCACGCATTCGGATGTGCTGGCGGCGGCAAAGGTTGTCGCGCCAGGCCGAACGCTGGATTTGGGATGTGGCAATGGCCGTAATAGTCTGTATCTGGCCGCGAACGGTTATGACGTTACCGCGTGGGATAAAAATCCGGCCAGTATGGCTAACCTTGAGCGTATTAAAGCGGCAGAGGGGCTGGATAATCTGCAAACCGACATTGTCGATCTGAATACACTGACCTTTGACGGCGAGTACGATTTTATTCTCTCGACAGTGGTTATGATGTTTCTTGAGGCGCAAACCATTCCCGGTTTAATTGCCAATATGCAACGCTGCACAAAAACCGGCGGGTATAATTTGATTGTTGCGGCAATGGATACGCCGGACTTTCCCTGTACGGTGGGATTCCCGTTCGCTTTTAAAGAAGGCGAATTACGCCGCTATTACGAAGGATGGGACATGCTGAAATACAACGAAGATGTCGGCGAGCTTCACCGCACGGACGAAAACGGCAACCGTATCAAACTGCGCTTTGCTACGATGCTGGCGAGAAAAACGGCCTGAGCGATGCAAGTTCTGTAAGTCTCGCAGCGTTCGGCATTTTTTTGTCGGGCGCCGCGTTCAAATTGTGCTGTCGTTACCATTTTTAGTGCATCCAGAATGATTTCGTTTTGCTATTATTTCCTTTGCATCATTGCGAAGACTAAAGGGATCGTTTCATGCGTACTCATACTTTATTTAAAGTTGCAGTGCTTACTGGCTTGCTGGCGTTATCCGGCTGTGCGTCTAAAGTCACACAGCCGGATAAGTATTCTGGATTCTTAAAAAATTATTCGGACCTGCAGGAAACTACCTCCGCCACGGGGAAACCGGTGTTGCGCTGGGTAGATCCACATTTCAATGACTCTAACTATGATAGTATTGTTTACAATCCGATAACATACTATCCCGTCCCCAAACCAACGACCCAGGTCGGGCAGCAAGTTCTTGATAAACTGCTGGCTTATACGAACACTAAAGTAAAATCAGCAATTGAACAGCGCAAACCGCTGGTCACGACGCCAGGGCCGCGCAGTTTGATTTTCCGCGGGGCGATTACGGGCGTGGATACCAGCAAAGAAGGGCTGCAATTCTATGAGGTGATCCCTGTAGCGCTGATTGTGGCGGGCACGCAAATGGCGACGGGCCACCGGACCATGGATACCCACCTCTATTTTGAAGGTGAGCTGATAGATGCCGCGACCAACAAGCCGGTCGTCAAGGTAGTACGCCAGGGTGAAGGTAAAGACCTGAGTAACTCCAGTACGCCAATGGCGTTTGAGACGTTGAAACAGGTCGTGGATGATATGGCGACGGATACCTCTATGTTTGACGTTAACAAAAAAT
NZ_CP039489.1_gap56	2310210	2314038	3828	CAGGTACTGTATCATTTCGGGCCTCCCGCGCTGACGTCGACGTACTGCGGCGCCGCGTCCTGGCTAAAGCGTCGTTGATAATGGTGTAACGGTGAACTGTCACAGGTCGTGGCGTTATCTTCGATAAACTTCACCTGTTCTTCTTCCCAGACGGCATCCAGTGCCTGACGGGTATCATCCCGCGATTCCTGAACAATCTGTTTGGTGACACTGTCACTTGTAAGCGTACTGCCCGCCAGCGTCAGCAGGGCGTCAAACAGTTGATACCACGGCGCTCCTCGCTGTTTCAGACGACCGCCCAGTAGCGCCAGAATAGGGGCAATATTCTGTAATCCCTCGCGCGCTTCCGCTTCCGGCAACACGCTTAAGTACTCCAGATAGAGCGGCAGGTGATCCGGCAGTTCGCGGCAGTTGAGCTGCAGGCCCACGGTTTCATACTGGCTTAACAAATCGACCATCGCCTGGCCGCGATCGCGGGACTCCGCATGAACATGCTCGAATAACAGCAATGAAGTGGCGCGCCCGCGGTCAAACACTTCACACCATTCTGCTTGTTTATCCAGTAACGGCGCATAAAGCAGCTCGCGAGTGAAGTCGGCCAGCATTGGCGCATCGTGTTGGATAAGGGCAAGCGCTTCATCCCGACATTCCCACAACTCGTCGTCCGGATACTCCATCAACAGGCCAATCGCTTTGAGGATTTGCATTATTCCCCCTCCGCTTTATCACGTACTTCGGTGATATTGATGGCATCAATACGGCTACTGTTGAACAGGTTGAATTTGGTATCCGACCCGTGGCAACCGTCGCCAAAAGTAAAGCCGCAGCCGTTGCGCTCCGGAAAGGCATCGCGCGCCATTTCCCGGTGGCTGGTGGGAATGACAAAACGATCTTCATAATTGGCAATCGCCAGGTAGCGATACATCTCTTCAACCTGTTGTATGCTCAGACCGACTTCCTCAATGGCGCGGGTATCCGTCACGCCTTCAACCGTCTGCGAGCGCATGTAGTGGCGCATCGCCATCATCCGCTTTAGCGCCCGAATGACCGGGCCGGTATCGCCCGCGCTGAGCATATTGGCCAGGTACTGGACTGGAATACGCAGCGTTTCCACCGCCGGCAGAATATTGCCATTGTGCGGCAACCCGCCCGCGTCAGCGTATGACTGGATGGGCGATAGCGGCGGTACGTACCAGACCATCGGCAGGGTACGGTATTCCGGGTGCAGCGGAAGCGCCAGCTTCCAGTCCATCGCCATTTTGTACACCGGCGACCGTTGGGCGGCGTCGATAACGTTTTGCGGGATGCCCTGTTTAAGCGCCTCTTCGATGACCGCCGGATCGTGCGGATTGAGAAACACATCGCACTGACGTTCATACAAATCTGTCTCGTGTTCGGTACTGGCCGCTTCTTCAATCCTGTCAGCGTCGTAGAGCAGAACGCCAAGATAACGGATGCGCCCGACGCAGGTTTCCGAGCAAACGGTCGGCTGGCCGGATTCAATACGCGGATAGCAAAATATGCATTTCTCAGACTTGCCGCTCTTCCAGTTAAAGTAGATTTTTTTGTACGGGCAGCCGCTGATACACAAACGCCAGCCCCGGCATTTATCCTGGTCGATTAGCACGATGCCGTCTTCTTCACGCTTATAAATAGCGCCACTTGGGCAGGTGGCGACACAACTGGGGTTCAGGCAGTGTTCGCACAGGCGCGGCAGGTACATCATGAAGGTGTTTTCGAACTGACCGTACATCTCCTTTTGTATGTTGTCGAAGTTACGGTCGCGGGCGCGTTTTTCAAATTCGCCGCCGAGCAGCTCTTCCCAGTTTGGCCCCCAGATCACCTTGTCCATCCGTTTTCCGTCGATCAGTGAACGAGGGCGGGCAGTGGGCTGATGCTTACTCTCCGGCGCATTATGTAAATGCTGATAATCGAAGGTAAAGGGTTCATAGTAATCATCGATTTGCGGAATCACCGGGTTGGCGAAAATTTTGCTAATTACCCCCATTTTGCCGCCCAGACGGGGCCTTATCTTGCCATTAACATCACGAACCCAACCGCCTTGCCACTCCTGCTGGTCTTCCCAGTTTTTGGGATAGCCGATACCCGGTTTTGTTTCGACGTTATTGAACCATGCGTATTCCATCCCTTCACGTCCGGTCCAGACGTTTTTACAGGTGACGGAGCAGGTGTGACAGCCAATACATTTATCGAGATTCAGTACCATCCCAACCTGTGAGCGTATTTTCATTTTTTCGCCTCCTGTACCTGATCCCGGCCCTCATCATCCAGCCAGTTAATGTTTTTCATCTTCCTGATCATGATGAATTCATCGCGATTCGAACCCACGGTTCCGTAATAGTTGAAGCCGTAAGCCAGTTGCGCATAGCCGCCGATCATATGCGTCGGTTTTGGACAGACCCTGGTCACGGAGTTATGGATCCCGCCGCGCATCCCGGTCACTTCCGAGCCCGGAATATTCATAATTCGCTCCTGGGCGTGGTACATCATGGTCATACCCGGCGGAACGCGCTGGCTGACCACCGCACGAGCGGTAAGGGCGCCATTAGCGTTGAAGGCTTCAATCCAGTCGTTATCTTCAATACCCAATTCACGGGCATCGGCTTCGCTAATCCAGACAATCGGCCCGCCGCGCGACAAGGTCAGCATCAGCAGGTTTTCGCTGTAGGTGGAGTGAATTCCCCATTTCTGGTGCGGCGTCAGGAAGTTAAGCGCTTTTTCCGGGAAACCGTTGGGCGGAATTTCTCGCATTTCGCTGACGTTGCGGGTATCAATCGGCGGGCGATATGCCACCAGGCTTTCGCCAAAAGCGCGCATCCACGCATGATCCTGATAGAGTTGTTGCCGCCCCGACAACGTGCGCCACGGGATCAGTTCATGTACGTTGGTATACCCGGCGTTATAAGAGACATGCTCGCTTTCCAGTCCTGACCAGGTCGGGCTGGAGATAATTTTGCGCGGTTGCGCCTGGATATCACGAAAGCGAATTTTCTCATCTTCTTTATTGATGGCCAGATGGGTGTGCTCGCGCCCGGTCATCTCGCCCAACGCCTGCCAGGCTTTCACCGCCACCTGGCCGTTAGTTTCCGGCGCTAAGGCAAGAATCACTTCCGAGGCATCCAGCGCGGTGTCGATGCGCGGACGTCCTTTCGCCGGGCCATCGTGTTTGGTGTAATTGAGCTTACCGAGGAAATCGACTTCATCTTGCGTATTCCAGGCAATACCCTTACCGCCGTTGCCTAATTTATCCAGCAGGGGACCCAGCGAGGTAAAACGTTCATAGGTGGCCGGATAATCGCGTTCAACCACGACGATATTGGGCGCGGTTTTGCCCGGAATAAGTTCGCACTCGCCTTTACGCCAGTCGAGAATATCAAATGGCTGCGCCAGTTCCGCCGGGGAATCATGCTGGAGGGGGTGTAACACCACATCGGTTTCCTGTCCGAGATGTCCGACACACACCTCAGAAAAGACGCTGGCGATACCTTTGTAGATCTCCCAGTCGCTTTTGGATTCCCAGGCAGGATCGACCGCGGCGGAAAGGGGGTGGATAAACGGATGCATATCCGAGGTATTCATATCGTCTTTTTCATACCAGGTGGCGGTCGGCAAGACGATATCGGAAAACAGACAGGTACTGGACATACGGAAATCAAGCGTGACCAACAGATCGAGCTTGCCCTCAATCGCGGCGGACTGCCATTCCACCTCTTCAGGCTTAATTCCTTCGCTGGAACCCAGCGCTTCGCCCTGGATACCGCTGTCGGTGCCCAGCAGATATTTGAGCATGTACTCATGACCTTTCCC
NZ_CP039489.1_gap57	2331913	2336711	4798	AAAAGGCTACTTATTGCGATTTTTATCCTTTATTACAACGAGATAAGACAAATCTTAATTTGAATTAAAATATACATGATGGAATACGCTTCCGGAAGAAAAAGTAAGGATAAAAGGAGGGATATATTCTTTAAAGAAAGGGAGGCCTGTTGGTTTAATATCCATCACTGAAAAAGCATACAACTATTCTCTATATCTGAAGTGCGGGTAATTGACAACATGCTATATCCATCGGCATGGACAACGCAGATTAGCAGTATGGTCTATACTTTATTTTTTGAGCCAACAGGAGAGCAAAAATGACAATCCATAAGAAAGGTCAGGCACACTGGGAAGGCGACATCAAACGAGGTAAAGGTACTGTATCAACAGAAAGCGGCGTGCTTAATCAACAACCGTATGGATTCAATACCCGGTTCGAAGGCGCGCAGGGAACCAACCCGGAAGAGTTAATTGGCGCCGCACATGCGGCCTGTTTCTCCATGGCGCTATCACTTATGCTGGGAGAGGCTGGATTTACGCCGACATCCATTGACACCACCGCTGACGTATCGCTTGATAAGGTGGAGGCGGGCTTCGCCATTACCAAAATTGCGCTGCAAAGCAAAGTCGCGGTAGCAGATATTGATGCTTCAACTTTCGATCAAATCATCCAGAAAGCAAAAGCCGGGTGCCCGGTATCGCAGGTTCTGAATGCGGAAATCACCCTCGACTACCAGCTTAACGCCTGATAACCTCGCCAGCCCGGTAACGACTCTTGTTTATCGGGCTGTTGAATATACCTTCAGGCGGAGGGCTCGCTCCCGGTCTATCTGAGACCCTGCCGTATTTTTATCACCTCAACGCGCCGTAGACCACGTCTGTGGCTATTGTCGTGGTCTACTTTTTCGCCTTAAAATCTGCTCGCCATGTTGCTTTATTCATCAAACATCAAAATCAGTCAACGTAAATATCAATAATAGCCATATCGCGGAGGGTGATCTTTATTCCTGAGAGAGGAGGGGTATTATTTTCTGTGTTCTACATTAACGGGTTAACGCGCAGATGTAGAGGTTATTTATATAATTATTGGAGCAACAACAATGAATAAATTCTCCCTTGCTACAGCAGGTATTATCGTGGCAGCGCTGGTAACCAGTGTTAGCGTGAATGCGGCAACAGATACTACTAAAACAAACGTTACGCCTAAAGGTATGAGCTGCCAGGAGTTTGTTGACCTCAATCCGCAGACGATGGCGCCAGTCGCTTTCTGGGTGCTGAATGAAGATGAAGATTTTAAAGGCGGGGACTACGTAGATTTCCAGGAAACTGAGACGACAGCAGTGCCGCTAGCCGTTGAGCTTTGTAAGAAAAACCCGCAGAGTGAATTAAGCAAAATAAAAGACGAAATCAAGAAAGAACTCTCAAAATAAGAGTAAACTGATATCAAAACCCGGCCTGTGTGTCGGGTTTTACTATTTGTGACACCGTCACAAATAACATCTTCCATTTCTTCTACCAATCACGTGGTATTGCACTATTTTCATTAGAGCCCTTTCACTATATGGAGACCTAATGAAAATTTTACCGCTGGCACTCTTTATCATTCCTTTTCTGGCCGGATGCGGCGCCAATAATACGCCGCCGCAAACGCCTATTCCCGGGGAAAAAACCTCTGCCAAATTACGTACCCTGGAAACAGGCGCGGCGGCTATTCAATCCAGACCACCTGTCGATGCCATCAGTACCTACCTTGACGGGTTCCATTTTTATAGCGGTGATAAAAACGGACAGATGGAAGCGCACCATTACGTTACCGTCCTGAACGAAGATGTTATGCAGGCGGTGATTTACGACGGCAATACGAAAAACGCGCGCCTGATGGGGGTGGAGTACATTATCAGCGAACGTTTATTTAAAACGCTTCCTCCCGAGGAGAAAAAACTGTGGCACAGCCACCAGTACGAGGTGAAATCCGGTAGCCTGGTGGCGCCTGGCTTACCGCAGGTCGCTGATAAAGCGTTGATGAGTAAGATTGTTAATACTTATGGCAAGACCTGGCACACCTGGCATACCGACCGGGATAAAACCCTGCCAATGGGTATCCCTGCGCTGATGATGGGCTTTACTGGCGACGGGCAGCTTGACCCCGCGCTGCTGGCCGATCGGGATCGCCGTCTGGGAATTGATACCCAGGCCATTAAACGCGAGCGGCAGGATCTGCCTGAACATCCCGTTGTTAAGGGGGCTAACGCCTGGGAGCAGGGAGAGGTTATCCAGCTACAGCGTGTTCAGGGATCTGGCGAACACGGGCGAGGCGATACCGCGCACTTCGGTACATCTGAGCAATCCCGACAATAATTCCACGATTTTACACGCAGATAGGAAAAAGAATGCCTGTTAAGTGACAGTGTCACGTAAAAATTAGCCCCATAGTCTATGCTTGTTTTTCGGATGCTGTAGAGGTTATGGGTTAAACGGAGCGACAAATGAGTTCAAAAATTTTTTGCAAAAGCTGGGGGGCTGAATATATCGCCGCTGATGTTGTCCGCTTTCGTCTTTGGGCCACCGGTCAGCAAAAGGTTATGCTCAGGCTTGCGGGTAAAGACCAGGAAATGCAGGCGAGCGGTGACGGCTGGTTTACGCTGGACGTCTCCGGGGTGACGCCAGGTACGGAGTATAACTTTGTACTCAACGATGGCATGGTGGTCCCCGATCCGGCTTCCCGCGCCCAAAAAACTGACGTCAACGGTCCGTCATATGTGGTTGATCCAGGCAGCTACGCGTGGCGCAACACCGGGTGGAAAGGTAGCCGTTGGGAGCAGGCCGTGGTGTACGAGATGCATACAGGCACGTTCACTCCGGAAGGCACTTTCCGCGCCGCAATAGCAAAGCTGCCTTATCTCGCTGAACTTGGCGTTACCGTTATTGAAGTGATGCCCGTTGCGCAATTTGGCGGCGAACGCGGCTGGGGCTATGACGGCGTACTGCTTTACGCGCCGCATTCTGCCTATGGGACGCCGGATGATTTCAAAGCGTTTATTGACGCCGCGCATGGGTATGGTCTTTCCGTCGTCCTGGATATTGTGCTGAACCATTTCGGCCCGGAGGGAAATTATTTACCACTATTGGCGCCGGCATTTTTCCACAAAGAGCGCATGACGCCGTGGGGAAATGGTATCGCCTATGATGTCGACGCCGTGCGGCGCTATATCATCGAGGCGCCGTTATACTGGCTGACAGAATACCATCTCGACGGCTTACGCTTTGACGCTATCGATCAGATTGAGGACAGTAGCGCCAGGCATGTGCTGGTTGAAATCGCACAACGTATTCGGGAAGACATTACCGACAGGCCCATTCATCTGACTACCGAAGATAGCCGCAATATTATTTCTCTGCATCCCCGAGATCAGGATGGCAATGCGCCGCTGTTTACCGCCGAATGGAATGACGATTTTCATAATGCCGTCCACGTTTTTGCGACCGGAGAGACCCAGGCCTACTACCACGATTTTGCTGATGCCCCGGAAAAACACCTCGCAAGAGCGCTGGCCGAAGGATTCGCTTATCAGGGGGAAATCTCACCGCAAACCGGCGAACCTCGCGGCGTAAAAAGTACCGGACAACCCCCGGTCGCCTTTGTGGATTTTATTCAGAACCACGATCAGGTCGGTAACCGCGCCCAGGGCGACAGACTGATAACCCTGGCGGGCGCTGAACGAACAAAAGTATTGCTCGCCACGTTGCTGCTTTCACCGCATATTCCGCTGCTTTTTATGGGCGAAGAGTATGGCGAAAGCCGTCCTTTTCTTTTTTTTACCGATTTCCATGGGGATTTAGCCCGCGCCGTTCGTGAAGGTCGCGCAAAAGAGTTTGCCGATCATGCAGGGGAAAATGTTCCGGACCCGAATGCGCCAGAGACCTTTCAACGCTCAAAACTTAACTGGAAGCAACAGCACAGTGAAGAGGGTAAAGCGTGGCTGGCATTTACCCGCGAACTACTGCTTTTGCGCCAGAAGCATATCGTGCCGCTGTTGTCCGCTGCCCGTGAGAGCTCAGGAACGGTATTGCAAACCGCGCCCGGGTTTATTGCCGTTAGCTGGCGTTTTCCGGAAGGAACACTGTCACTGGCGCTGAATATTAGCGCCACGACGGTATTACTGCCCGATTTACCGGGTAAGACCCTCTTCGCCTGGCCGAATGAATCCACCGGGTCGCTTTCCCAACATTCTCTTATTGTCCGCTTAGCCCAGGGAGAGTCTGCATCATGATCCCAACTGCAACGTATCGCCTTCAGTTTCGCAATGGCATGACCTTCGATCGCGCTGCGGCGCTGGTGCCTTACCTTAAAAATCTGGGTATCAGCCATCTTTATGCCTCACCCATCTTTACCGCCACCAAAGCGTCAACGCATGGTTATGATGTCACCGATGCGAATGAGATTGAGCCTTCTATTGGCGGGCGCGAAGGATTTGAAAGACTGGTGGCCGAACTTAAAGCGCAAGGTCTGGGATTGATCATCGATATTGTGCCTAATCACATGGCCAGCTCGCTGGAAAACGCCTGGTGGCGTGACGTGCTTGAATATGGCAAGGAGAGCCGTTACGCGCGCCATTTCGATATTGACTGGTCGCGCCGACTGACGCTGCCTTTTTTAGGCGACACGTTTGACGCCGTGCTGGAAAACGGAGAAATTGCGATCAAGCCCGATCCCGCTACGGGTAAACCCACGTTCGCCTATTATGATAACTATTATCCGCTTGCGCCGGCGACGTGGCAGGGGCGCGAGGCCGAAATACTGGCGCTTACCGATAAA
NZ_CP039489.1_gap58	2344535	2345673	1138	AAAAGGATCTGCCAGATTGCCGGTTAACAATCCGAGCATATCGCCGCTACGTTTCGCCAGCGCGATAGCGGCGGCATTCCGGCGATAATTGAGATCGCGCATGGCTTTCTCTACACGTTCGCGCGTGACGGGTTCAACCCACGCGGTCTGGTTAATGACACGTGATACCGTCGCGGTTGATACACCGGCCAAAGATGCAACATCCTTTATTGTCGCCATGTTAAGCTCATATTTGTTCGTTTAAAGGGTATCAAAGCCATTGATTATCATGTTACGTGGAAATCAGTGCAATCACTGCGGCGCAGCCTGAATTTATAAACATTTTTAAAATCATCCTAAATCCTGGTAACTGCAAATTTTAGTAGCTACCTCAATGAGTTATTGACCACTGAATTTTCTACGATAACATGACTAACAATATACACATGATAAGAACCACTACACTGGGAAATCGTTGCGTGGTGGTTCGGAGATAGATGATGAGTAGTATTACAAAAAGCATACAGAATGAATATGTTTTATTGATGGAAAACGCTTTTTCTGAAAAATATAAATATGCATTCAGAAATTTAGAACTGAAAGAATTACGTAGATTCATCCTGAAAGAGATCATTAGCTCTCCCGAGTTAGATAATCAACTTACAAACCTAATGGTGTTGCTAAATAAATTTTGGGATACTCACGCCGCGGCGCTTATAACTGAAGTGCGGGCGTCTAAAAGTTATCGGTTATTACTTCCGATTCAACGCTTTGGTTATAACATATCTAATCACCTTAGATCTCTGGGGATTTATTTTGATAGCATCATAATGGTTGATCCATTACATTTTCCTTCTCTTAGCTCTCTGCATTCATTTTTGTCATTGCCACCAGATAATAGTTATGTCCGCATGCGCAGATTGGTATTACTTGAACATATTTCCAATCTATTTCGCGCCATCCCATTTATGACTATTGATGATGATTATCCAATTTTTCTAATCGTTCCTGAATTACTGGATTTTGATAAAGAACGCAATCATGAACAATCTGCCGCTTTTCTAAGTCAGCTCTTTTTTAAAGATAGAAAAATGGATTACGCTACTTATTTAGCGTTTCTTGAGCACTTTGGGAGAAATGAAGAAACATTCCAGAAGAT
NZ_CP039489.1_gap59	2346774	2348007	1233	ATTGCCCGTCATCTGGAAAAAAGCCCGTCATTAAAACGGGAACTGTCGGAAATGGCTGTTGAGTCCTACGGCGATGCCGTGTTATCTGCAGCGCGTGAAAAGAGTTTTCCGTCTGAAATGCCGTGGGCGCTCGCTGATACGCTGCGCGACGATTTCATCCTGGACTGACACACTGACAATGACGAACCGAACACAATGGCCGGTTTTTTTATGCCTGCGCGGCGTGTGCTGCGTGAAATCGTGTGCAGGATAGCGGGTGCAAATCAACAGAATTCACGCAGCGTCACGGCAGGGAAGGGATCAAACTTATGGGCCAGAAGTTTTTTGACATGCAAGAATCCAGCCGCCTTAACATGTCTTTTAATTGTTCTGGTGCATTTAACATAATATACATTATGCGCACTATAATAGCGAAAGGCGAAAAGCAGCCCCCAAGCGAGAATCAGTCATACAACCAGCGACCAGCCTTGGCAGACGCAATGAGCATACCTATCGTGAACTCCGGCACCTGAGGAATATCGTTTTTGCGAAACGGATTAAGCAAATGCTTTAGCGGTGGTTCTGGCGGATAGTATGTTGTGATCGAGAAATTCCCTTTATCTACATTGAATGTCGTAAAAAAATCATCCATCAATGCCAGTGCTTCATCATCTTCCAACCGTAGATCTGAATCCAAATCTGTTGACGGTGTCAGTTCTTTTTTCTTAAAAAGGTAAATTCCATCATGGCTTCTTACCAGTTCATAAATCCGCTGTTCAAGAATATCACTTACCATATTTTATCGCTTCCTCTGGCAATGCGTTTGAAGGACGAGCGCCGAAATGCTGCCTGCTTGTTTTTATTGATGATGCTATCGGTCACCTGATGCACCTCCGCTTTGGTGAGGCTGAATCAGCCTTTGGTACATGATGAGGGCTATCGGGAAGTATATCGAGGTCTGGCACTACCCGGATGGTCTTAAAGAACTCCGCCTTAATGACGCTGTTCTTCCCTACTCCACCTGTGATCGGCTCCAGGAAATCGTTGAGCGAACAGCGGAGTTCGCATAGTTACCCCTTCCGGATGTGTTTCCGACACCGTGCCGATGCCGGCTATTTTCTGCAGCCAATACGTTTCCGCATAGGGTCAGTATATGCAGATTATATATGTAGCAGATGCAGGACATATGGATATGTGTTACCTATCCCTTCTTCTCTCTTTTTACGGCAGGACCAAAAAAGGCAAAAAAGGATC
NZ_CP039489.1_gap60	2356092	2360103	4011	AGTGAGTGATATACCTAACCAATATTTAACCTTTCAGGATGATAAAAAACCACTGAAAGAGGACGAAAGCGTTTCCCGAAGCTGGGCATTATTTATGGAAGCGCCGGAGCAACGTAAGTTAATGCCTTTAAATATTCCTATGGTCACTGCCCTATCGCAAGCGATGAGATTAGCAAAAAAGGAGTTAACGCAATGGAATATAAATTCCTTTATCATTACAGGTATTTCAAAGCGTGGGTGGACCACCTGGTTGTCAGCTATCGCCGATCCTGATGTTGAAGCAATTGTTCCCTTCGCCATTGATCTACTTGATATTGATGCTTCACTTGAGCATATTTATCAATCATACGGTGGAAATTGGCCCATTACATTCTACCCCTACTACCAGCAAGGCATAGATGAGAAAATAAAATCCCCCACATTTACCCAACTAAGGCAAATAATAGATCCGTTAAGATATCTCAATACTATTTATCAACCCCGCCTTGCAATACCGAAATATATTATTAATGCAAGTGGCGATGATTTTTTCGTACCAGACAACACTCGCTTTTATTATAGCAAACTTCCTGGCGTAAAATCATTACGTATAGTGCCTAATATGAACCACTACTCAATTAACCAGTTCGCTGAAAAAAGCCTCGTTCCTTTTATTAATAGGTTTCAAAGTAAAAAAACATTACCACAGTTGATCGGCCTTATTCACCACCATCTTCTTACGGTCTATTTCTCAGAAGCGCCGGTAAAAGTCGTTCGCTGGACAGCCAACAATCCAAATGCGCGTGATTTCCGTTATGCCTGTGGCATCCGCTATCAGCCGCTTACAATAGATATTCCCGCCAACAATAAGATCAGTATTACGTTAAATGAACCGAAGACAGGTTGGGAAGCTACCTATATCGAAGCCACTTTTAATGATGGCTATGTCGCCACGAGTCAGGTTTATATTACGCCCGATGAAAAATACCCACAGACAGCACCACCTTCCGTTAACGCCGCATGTCAAACGTTACCGGGGCGTGGATTAGGGGAAAACGATAGTCTCGATTGAATTTTCAATTAATTTTATGATTTTAAAGAACTTTATCCATCGCACTTGCGATGGATAAAAATCCTCTGCGATAAATTTTTGTTATATTGATCACGTTCTAACCACAAGAGAGGTGATTTGAAAATAACCTTAAAATATTGTGGTCAGGCCGCTAGACCACAATAAGAGGATTAATCATGAAAAGAAAAACAATGGGATGGCTTATCGTTTTTCTTCTATTTATAGTTTACATGCTCAACTATATGGATCGTTCAGCATTGTCGATAACTGCCCCCTTGATCGAAAAGGAGTTAGGATTTAACGCCGCGGAGATGGGGATGATCTTCAGCGCGTTTTTTATCGGATACGCCCTGTTTAATTTTATTGGTGGCTGGGCCAGCGATAAAGTTGGGCCAAAAACGGTTTTTCTCATCGCAGCGTTACTATGGTCTGTATTTTGTGGCTTAACTGGTTTGGTCACCGGATTGTGGACAATGCTTATCGTGCGCGTTCTTTTCGGTATGGCTGAAGGACCGGTCAGCGCTGCCGGAAATAAAATCATCAATAACTGGATTTCCCGAAAGGAGTCTGCCACGGCGATCGGAATTTTTAGCGCCGGTTCCCCGCTCGGCGGCGCGGTGTCCGGGCCGATAGTGGGCCTGCTGGCGTTATCCTTAGGCTGGCGCCCCGCATTTGGCATTATTTTCTTATTTGGCCTGGTCTGGGTACTACTGTGGTACTTTATCGTTAGCGATAAGCCAACAATGAGTAAACGCCTGGCGCCGGAAGAACGCATTGATTTTGAAAATCATGAGGACGTTATTTTATCTGATGATGGCCGGGCTACGCCTTCACTCGGCTATTACATGAAACAACCAATGGTATGGGCGACAACTCTGGCTTTTTTCAGCTACAACTATATTCTTTTTTTCTTCCTGACCTGGTTCCCAAGTTACCTGAACCATTCGTTACATCTCGATATTAAAGAAATTAGTATCGCCACGGTAATTCCCTGGGTCATCGGTGCCATTGGTATGGTGCTCGGCGGCGTCTGTTCTGATGTAATTTATCGGATTACCGGTAATGCTCTGCTCTCACGTCGACTTATTCTGGGCGTATGTCTGGCAGGCGCGGCGGTATGTGTTGCCGTTTCCGGTACCGTTAGCACTATTGGTAGCGCAATTACGCTCATGTCAGTTTCACTCTTCCTGCTCTATTTAACGGGCCCAATTTATTGGGCGGTTATTCAGGATGTTGTTCATAAAGATAAGGTAGGGAGCGTCGGCGGAGCCATGCATGGCCTGGCTAATATATCCGGCATTATCGGTCCGCTTGTCACCGGTTTTATCGTTCAATTTAGCGGTAAATATGACTATGCGTTCTATCTGGCTGGTGCTATCGCTATCGTTTCAAGCCTGTTGGTCTTCGTGTTTGTAAAAAGTAAAGGATTCAAAGCCGATGAAAGTCAAAGCTGTGTTCATTAATAAGCCTGGTGAAGTTGAAACCCTCTGGGTGGATTATCCCCATAAGAAAGAAAATGAAGTATTAATTAAGGTTGATGCCGCAGGCATTTGCGGATCGGATATCGGGGCTTTTCGTGGAACGAACCCACTGGTTACTTACCCAAGAATTATTGGGCATGAAGTGACCGGAATTGTTCTTCAGGAAGGTACCGGAATGCCGGACAATATTAAAAAAGGCGACCGCGTGATTGTTGACCCTTATATTTATTGTGGTCACTGCTACCCTTGCTCTGTCGGCAGAACTAACTGTTGTGAAAATTTAAACGTCATTGGCGTGCATGTCGATGGCGCAATGCAGGAGGTGGTTACTCATCCCGCACATTTAATTCATAAAATACCAGATAATGTGCCTTCTGAAATGGCGCCGCTGGCAGAACCGCTGACTATCGCTCTGCACGCGCTGCATCGGGCAAACGTTAAGGCTGGGGAATATGTTGCCATCATCGGCGCGGGGGCCATTGGTCTTATGGCGGCATTAAGCGCGCGTCATTACAAGGCAACGCCTATTCTGATCGATATTGTGGAAGAAAGGCTACGCTATGCGCAAAAGCTTGGCGTTCCCTATGTGCTGAACGCCGCTGACGATCAGGTTATCGACGCTATTAAAAATATCACCCACGGCACCATGGCGCAGGTCGTGATAGAAGCCTCCGGCGCAAATAGCGCTATTCGAAATACGCTTGATTTAGCATCGTTTGCTGGTCGTATTTCGTTTACCGGATGGCCAAAACAGGAAACGTCGCTGCCGACGAACCTGATCACCTACAAAGAACTGGATTTACGCGGTTCCCGCACCAGTGCCGGTGAATTTGATGAGGCATTACGCATGCTGTCAACGCTGGAGATTAATCCGCAAGATGTTGTCAGTAAGGTCGTCAATCTTGATGAGATCCCTGATGCAGTTAAAGAACTTGATCGCTATCCGGAGCGCTACTTAAAGATTAATGCTGTTTTCCATTGATTTACGGCAAGCTCCACCGCATGGCATATCCGCCATGCGGTGTTATTTACCGACAAACTTAGCCGCCGACAATCTTTCTCACATAGCGTAAATGTTCCAGAGATCCCTCATAGGCGCTGTCAGCATCAGACTGGCGCATCGCATCCACTATCGCTTTATGTTGTTTGTTGAGATTAAGTAAAACATTTCTGTCTCCAGACTGCTCATCAAGCCCGGCATAAGGGATATTAATCCGTTGTTCCCATAACATACGGGACATATCGAACAACACCCGGTTACGGCTGGCCTCAGAGATCGCAAGGTGAAACTCTTTATCCAGCGAGTAAAAGCCGTGGACGTTATTATCGTTAATGGCTTGATCCATACGATGATAAATCGCCTCTATTTGGTTGATGACGTCAACGTTATCGTTTTGTGCGGCTAAGCGCGCACAATGGCTATCGACCAGCTCGCGAGTAGAGAGAATTTCTTCGATGGTATAGTCGCTGGCAAGGTGT
NZ_CP039489.1_gap61	2362138	2363480	1342	CCTCAAATAGCTTATGCCCTGGAGAATAAACCGCGTACGCCAGTGATATGGCTGCATGGTCTTGAATGTACCTGCTGTACCGAATCTTTCATTCGCTCTGCGCACCCGTTGGCAAAAGATGCCATTTTGTCGCTCATTTCCCTGGATTATGACGACACCATTATGGCCGCCGCAGGGCAACAAGCCGAGCAGGCGTTGGCGGATGTGATGCGTGAGTACAAAGGAAATTATATCGTTGCCGTGGAAGGTAACGCGCCGCTGAATGAAGATGGGATGTTTTGCATACTGGCTGGCGAGCCGTTCCTGGAGAAGTTAAAACGCGTCAGCGCGGATGCTAAAGCGATTATCGCCTGGGGGTCCTGCGCATCATGGGGCTGCGTGCAGGCAGCCCGTCCCAACCCAACTAAAGCCACGCCGGTTCACAAATTAATTACCGATAAACCCATTATTAAAGTGCCTGGCTGCCCGCCTATACCTGAAGTGATGTCCGCCGTTATCACCTATATGCTGGCATTTGATCGCATCCCTCCCCTTGATCGTCTTGGACGACCAAAAATGTTTTATGGCCAGCGAATTCATGACAAATGCTACCGACGCGCGCATTTCGATGCCGGTCAGTTTGTGGAAGCGTGGGATGACGAAGGCGCCAGAAAAGGGTATTGCCTGTACAAGATGGGCTGTAAAGGCCCGACCACCTATAACGCCTGTTCAACCGTTCGCTGGAATGATGGCGTGTCTTTTCCTATCCAGTCAGGTCATGGATGCCTCGGATGTTCGGAAGATGGATTCTGGGATTACGGTTCTTTTTACAGCCGGGCAACGGGCATTCCGCAAACCGGCATTGAGGCTACCGCCGATAAAATCGGACTGGGCGTTGCCGGCGTCGCGGGCGCCGCCGCCATCGCTCACGCCACGGTTAGCGCCATAAAACACGCCCGCAATAAAAACAACACGTCATCAGAAAACGCTCCGGAAGAGAAAAAATAATTATGGCATATCCTTATCAGACTCAGGGTTTTACGCTGGACAATAGCGGACGGCGAATTGTGGTCGATCCGGTTACTCGCATCGAAGGGCATATGCGCTGCGAAGTGAATATCGACAGTAATAATGTCATTACTAACGCCGTGTCGACCGGCACCATGTGGCGCGGCCTGGAGGTTATCCTGAAAGGTCGCGATCCGCGAGACGCCTGGGCATTTGTTGAACGCATTTGCGGCGTCTGCACCGGTACACACGCTCTGACCTCAATCCGTGCCGTAGAAAATGCGCTGGGAATCGCGATTCCGGACAACGCAAACTGTATCCGTAATATGATGCAGGCTACGCTACACGTTCACGA
NZ_CP039489.1_gap62	2505581	2508390	2809	TTTTCTAACAGGCACACTGGCACAATTGCCGCCTGCACCGCTTTTTCGCGCAGCATATAGACTAAGGCATCGCCAGGAAATCCGGTAAAACGGAGATGAAAATCGCGCTCCGGGCGTAAGCCCGCGTCGCTGAGCGCTTTATAGCCTAATAAATAGCCGCCAAACGCCTGAGCATCAATCGCGCCGACGGTCTTACCGATGAGATCATGCGCCGTGGTGATGCCGCTATCGCGCCGGGTCAAAATCACGCTGCCAATAACATTACTCACCGCTTTCCCATCGCGCGTGGAGCGCAGGGAAGCTAACCAGCGCAGCGGCGCATGGCTGTTCAGTTGGACAAATTGCGCCGGGTTGGTTATCACAAACTGCACGGTTCCCTGGTTAACGGCCTCCTGCATTTGATGCAGATCCAGCGGCTGGATGTGAAAGGTTTCGCCTGGAAGCTGTTGGCTTAATGTCTTTGCCAACGGTTGCCAGTGGCTACGCGTAGACGCCTCGCCGCGCATGGCCAAAATACCGATATTCCACGTCCCTGCCCACGCGCCATGACAAAGTAGCCCTACTGCCGCCAACACCGCCAGGCGCCTTACGGTTTTACCTCTCACCCCAATATCCCTGTCAATTATGTTGTTTTAGATCAACAACAAGCCGGGTATGTGGTTAACCACAATAGAGCGCACCCCGCCTCGATTTTTACACTGTAAATCATCGACATTTTTTATTCATTACACATGAACCAACATCGTGACAAATGTTTCATTGTTGGCAATGTGGACGGGAGTCAATATGGACAGCAGTAAACGGCAATTTCTCCAGCAGCTTGGCGTCCTGACCGCTGGCGCCTCGCTGGTTCCGCTGGCTGAAGCGAAATTTCCTTTTTCGCCGGAGCGGCATGAAGGCTCTCCCCGACACCGTTACGCCATGCTTATCGACCTGCGGCGTTGTATCGGCTGTCAGTCCTGTACCGTAAGTTGCACTATTGAAAACCAAACGCCGCAGGGCGCGTTTCGTACGACGGTGAACCAATACCAGGTCCAGCGTGAAGGTAGTCAGGAAGTCACGAATGTGCTATTGCCGCGTCTGTGCAACCATTGCGATAACCCCCCCTGCGTGCCGGTCTGCCCGGTACAAGCCACCTTTCAGCGGGAAGACGGCATTGTGGTGGTGGATAACAAACGCTGCGTCGGCTGCGCCTATTGTGTCCAGGCGTGTCCTTACGACGCCCGATTTATCAATCATGAAACGCAAACTGCCGATAAATGCACGTTTTGCGTTCATCGTCTGGAAGCCGGACTGTTACCCGCTTGCGTAGAGTCCTGCGTCGGCGGTGCGCGTATTATTGGCGATATCAAAGATCCCCATAGCCGCATCTCCACCCTGCTTCATCAACATCGCGACACTATCAAGGTATTAAAGCCGGAAAACGGCACGTCGCCCCATGTTTTCTACCTGGGTCTGGACGACGCCTTTGTCACCCCATTAATGGGCCGTGCGCAGCCCGCGCTTTGGCAGGAGGTCTGAATGACGCATTCACTCATCATTGAAGAAGTGCTGGCTCACCCGCAGGACATTAGCTGGCTGCCGTGGGCGGTACAATATTTCTTTTTTATTGGCATTGCCGCCTGCGCCGCACTGTTTGCCTGTTATCTTCACTGGCGGAAAAAAGACGCCGCAACAGAAGAAAATCGGGCATTACTGATTGCCATTACCTGTGCGATTACCGCACCGCTGGCGTTGACGGCGGATCTGCACCAGACCGCCCGCGTCTGGCATTTCTATGCCTGGCCGACGCCCTGGTCGTGGATGCCCTGGGGAGCGTTGTTCCTGCCGCTGTTTACCGGATTTCTCGCTCTGTGGTTCCTGGCGCAGCAAATAAAACGATTACTCAATAAAAGTTACAACGTCACTAAATGGTTGGCGTTAGCCAGCGCGCTTTGCGCGGTGGGCCTGTTGATTTATACCGGCCGCGAAGTCTCCGTTGTGCTGGCGCGCCCAATCTGGTTTAGCTACGCCTTCCCCGTGGCAATGTTTCTTAGCGCCTTACAGGCGTTCTTCGCGCTGATGATTGTCGCCGCCCGACGCGACTCGGTAAGGCTGCCAAAAATATTGTGGGGACAAATCTGGACGCTGGCGGCGCTGGGTCTGGTGGTGGCTATGTGGGTTAGCGGCGATACGCTTTCCGGCACGGCAATCCGTCAGTGGATTACCGTCGCCCTGTCAGCCAAATATTACGCTGTCGGCTGGCTAGCGCTGTGGGTATTCACGCTGCTGTTCTGTAGCCTGGCGCTACGTCATCCGTTATCGCAGCTAAGACGCGTCCTGCTGGTTCTCAGCGCGCTGGCGCTATGTTGGCTGATGCGCTGGACATTGTTGATTCAGGTACAAACCGTACCCAAGTTCAACGCGCAATTTAACCCTTACTCGTTACCAGGCGGAACGGATGGCTGGCTGGCTATTCTCGGCACCTTCGGCCTGTGGATAGCGCTACTGATTATTATTCGTGAAACGCTGAACGGACTCACCAGGAGATTACAACATGGCTAATTTAACCCGTCGTCAGTGGCTAAAAGTCGGTCTCGCCGTCGGTGGGATGGTCACTTTTGGTCTGAGCTACCGTGATGTGGCGAAACGCGCAATTGATGGCCTGTTAAACGGGACATCCGGCAAGGTAACGCGCGACCGCATCTTTGGCAATGCGTTAATTCCGGAGGCGCAGGCGCAAACGCACTGGCAGCAAAATCCACAACAAACCATCGCCATGACGCAATGCTTCGGCTGTTGGACACAGTGCGGTATCCGCGCCAGGGTA
NZ_CP039489.1_gap63	2518990	2522593	3603	GTATAGCGCCTTATCGACCAGGCGACTATCCACCCCTTGCGCGTTTCTGAACGCGGTAAATTCCGCAGGCAACACATAGGGCATCGTCTGCACGTTTTGCTCTTCTTCCGGCGATAGCGGCCTGTGTACCTCTACATAACGAATGCCATTCGGCTCGACAGAGAATTTCACCGGCTGGTTAATCACTTTTACCGGCGTCCCCGTTCTGACCTGCGCAAATAACGCTTTGATGTCCGGCGCGTTCATGCGAATGCAACCGGAACTCACGCGCAGACCTACGCTATCCGGCGCGCTGGTGCCATGAATGAGATATTCCCCATTACCGTGCGCCAGACGCAGCGCATAGCGTCCCAGCGGGTTATTTGGCCCGGCAGGGATCACCGGCGGCAGCGTGATCCCTCGCTCAAGCGAACGTTGGCGTATGCCCGCCGTCGGCGTCCACGTCGGGTTGGGGATCTTTTGCCCTATCCGGGTGTCCATGACGGGAGTTTCCAGTCCCTGCAAACCGATGCCGATGGGATACACCTGAACGCGGTTTTCTCCCGGCGGGTAATAATACAGCCGTAGCTCCGCGAGGTTGACGATAACGCCTTCCCTGGGCGCATCCGGCAATAGCATCTGCGAGGGAATGGTAATTAGCGTACCGGGCTTAGGCACCGGCGCAATCGTATTGTTCGCTTCAAGAATGAGCATCGCCGCCGTATCAAAACGCCGGGCGATAGCCTGCAGGTTTTTATCACCTTCCTGTACGGTATAGGTTTGATTCTGACCAATAAGACGGCTGCCTTCTGGCGGTAATGGATAATCAACCGCCCAGGCTGCCTGTAACGCGCTATACGCGCCGATAATAGTTAGCGTAATGAAAGACGCACGTTTCATACCAAACCTCCTGTATTCCTGGTGATGCCCTCTGCGACGACTGGTAGCGCTTCGCTTATCAGAATAACAAAATACACGCTCTATCCACTCTGGATAAAGCGACGTCGCCGTCCGACAAAGGATTTGACATCAGGTAGAACGCTGTCTGTACAGTTTAGCTAAGAGTGGCGGCCTTAGCGCGAATTGCGCGAATCATTGCTTCCAGCCCCTGAGAACGAGAAGGTGTGAGGTGTTGCGTAAGCGCCATTTTTTCGAACCATGGCCGGACATCAAAATGCACAATATCCTGCGCCGTCATCTGGTGGTACAAAATAAATACCACCGCCATAAGGCCTTTAACGATCGCCGCGTCGCTGTCGCCCTGCAATTCGATAATGCCGTTGGCGTTTCGCCGCATCACGATCCACACCTGGCTCTGACAGCCATGAATCGTATTTTGCGGATTGCGATCCTGCGGATTTAACTCCGCCAGGCGCTGCCCCAACTCAATAATATATAAATATTTCTCTTCCCAATTAGCGCAACGCGTAAAGTTACGCAGCAATTTTTCTTTATCCGGTAGCGCAGCCATAAAACCTCACTGTTATCCCAATAAGCGGTGGATACGCGTTAATCCTGCCACCAGTCGGTCCACTTCTTCATGGGTGTTATACATCGCCAGCGAAGCCCGGCACATTGCCGGCACGCCATACCAGGCCATGAGCGGCATTGCGCAGTGATGCCCCGTTCGTACCGCGATACCGTAATTATCAAGAAAGCTGCCGACGTCGTAAGCGTGGTGTTTACCCAGATTAAACGCGATGACGCCCAACCGCTGCGCCGGGCCATATAGCGTGATATCAGGCACCTGCGCCAGTTGCTCCAGCGCATAGCGCATCAGCATCTGCTCATAATCGCCAATCTTATCCAGTCCCAGCGACGTCACATAATCAATCGCCGCGCCGAGACCGATGATGCCGCCAGTATTCGGCGTTCCCGCCTCAAAACGCCAGGGCGCTTTCGCCCATGTCGTTCCCTGCGTCAGGCTGACGGTCGAGATCATCGACCCGCCCCCTTCCCACGGCGGCATTTCTTGCAGCAACGCCTCTTTAACATACAGAATGCCGATGCCGGTCGGCCCGTAAAGTTTATGGCCGGAGAAAACGTAAAAATCGCAGTCCAGCGCCTGGACGTCAACAGCATGGTGCATCACGGCCTGGGCGCCATCCACCAGCACTTTCGCCCCATGCTGGCGCGCCAGCGCAATCATGTCCGGCAGTGGGTTTTCCGTCCCCAGCACATTGGAAACATGGGTAATGGCCAGCAGTCGGGTCCGGTCATCGAACAGCGCAGCTAAGGTCTCCAGCCGCAGCGTACCGTCAGGATGCAATGGGATCACGCGCAGTTCAGCGCCTTTGCGCTCGCACAGCATCTGCCAGGGAACGATGTTGGCGTGATGCTCCATCTCGCTGATGATAATGTTATCCCCGGCGCGAATATTTTCCGTTCCCCAACTGTTGGCGACAAGGTTAATGCCCTCCGTCGTACCGCGCACGAACACCAGTTCTTCTGCGGAGCGGGCGTTAATAAACCGCGACGCCTGCTTACGCACATTCTCCATGCTTTCGGTCGCCTGCGCGCTTAACGTATGGATACCCCGATGTACCGCAGCATAGCCGTGACGGTAGAAGGCAGATTCAGCATCAATCACCTGATTAGGTTTTTGAGCGCTGGCTGCGCTGTCCAGGTAAGCCAGCGGCAGGCCGTTAACTTCACGCTGCAGTATGGGAAAATCCGCCCGTACTTTTTCTACAGGAAATGTCATACCAGGCCTCCGGGCAGTCGCTGGCCGATTCGCGCCAGCACCTGCTGTTTAAGGGCGCTATCATGGATAGCTTCCGTTAACTCTGCGGCAAACGCGTAAAGAATCATGTGCCGCGCCTCCTGCTGCCTGATGCCGCGTGATTGCAGATAAAACATCTGCTCATCGTCAATACGCCCGATCGTCGCGCCGTGGCTGCACTTCACGTCATCGGCATAGATCTCTAATTGCGGTTTGGTATCGACTTCAGCCAGTTTTCCCAACAACAGGTTATTATTGGTCATCTGGCCGTCGGTTTTAATGGCGTGTTGCGCCACGTTAATCAGGCCATTAAAGACCGCGCGTCCTTTGTCGCTGACGATGGTCTTGTGCAACTGGCGGCTGTTACAGTAGCCTTTGTTATGTTCCAGCCATGTCCGCGTATCGCAGACTTCATTTTTCACCGGCATCGCCAGACTATTCAGTCGAAGCGTCGCGTTTTCACCATTCAGTTGTGAGCTGCTGTGGTGACGTAGTACTGCGGCGCCCAGCAGAAAACTGTGGCTAAACGCCGAGGCGTCTGTCGCCAGCAGAAGATCGTTATGCGCAAAGTGATAGCTGGACGCATTTTCAAACGCCAGTTTGATATGACGCAGTTGCGCATTGTCTGCAACGTTCATCGTCAGACGCGCGCCGGTAAAATGTTTTGCCGCTGTAAGGCTGACATAATGCTCAATAACCGTCGCTTCCGCGCCTTCCGCCAGCGCCAGATGGTGGCGATAATGCGCGGTGTTCAGCTCGTCGCCATCCACGCCCTGCGTGATATGCATTAACAGTAGCGGCCTGGTCGGACGCTGATTTCGCCGTACCTGTATATACGTGACACATTGCGCCAGGCTTTCCGTCAGATGCAGAAAAACCTCGGGATGTACCGGCGCGGCAAG
NZ_CP039489.1_gap64	2527125	2527707	582	CGCTGATTGTCCTGTCGACGTTGAATTTTCCCGTTGCGCTGGTCGGTATTTTTATTGCCATCGAACCTATCGTTGATATGGCCCGCACGGCACTGAACGTTAACGGATCGATGATGTCAGGTGTGCTGGCTAACCGTATTTTGAATAATCATACGGCTGACGACATGCCAGCGGTTATTGACAGACCTTAGTTTTTTACGCGCCCGGAAAAGAAAAACCCTTAAGTCTGTTCAATACAGGCTTAAGGGTTCCGGCCCCATCCGGCGCTTATCTCCGGCACTCTTAATGGCTTAGCTCTTGAAGGGGCATAAGAATAATCTCATAAAGAGCGCGCGCCTTTTTAGCACAAATGGCGATCTGTATTTTTTTTAAACAAAATCAAGGGGGTTATCTATTACCTGGGGACAGTGTCTGGTGAGATTGCCTGGTAACATAGCCGGATGGCAGCTAACGCCTTATCCGGCCTACACAGACTTTATTAATGCACTCCCAACCGCCAGGCGAAATAGATCTCTTCTTTCAGTTCGGTTGCAGAGAGGGTGAGGAGATCGGCAAACTCTAACTCCAGCTGTTTTAAACGCT
NZ_CP039489.1_gap65	2586269	2588137	1868	AAGCCACTAATGTCAGGTCAATATGAGATCATTGAACTGCACACCGACTGTCGCCAGTCATAAAGAAAACCGCCGATCCTGTCCACCTCAACGATTGTGTTGTCGACAAGACCGGCGGTCTTAAATTATGCGGAAAGTTATTCTGCCGCAGCAGGCATTTTACCTTCTTGCGCCGGGCGTTCTGTCAGACGCTTCTCAAAATTAGCGTTATATTGCTTTTTCTGCTCCGGCGTCAGAACGTTATAAATTTTATTCTGGGTTTCCATATGCGCCAGCATATTGGCCTTGCGCTGTGCTTCCATTTTCGTAATTTGCGCTTCGGCTTTGGCTTTATCGAAGGTATCGCTGGCAATAATATCATGCATGGCGCGACGCTCTTCCAGCAGCGGACGTTTCATTTGCTCGCGCTGCGCTTTTATAATGTCGCGAATTTGTTGCTTCTGTGCGTCCGTCAGGTTCAGGTTTTTAAACATCATATCGTGATGTGGGCCAAATTTACCTTTATGCTGCATCATTGGCTTCGCATCCGCTGGCGCGGCGGTGGTAGTCTCAGCGGCATGAGCGAGATTCGCAGCACCCATCGCCAGGGTAGAGGCAACAAATAGAGCAGTCAGTTTACGCATATTTCCATCCTTCCTTTCAGTTATTTTTACGGCATATTTAAAACAGCGCCGTGTTGTCGTGATTAACTTTAACCGTCTTAGCGTCAATTAGTCAGAACAACGGTAAAACAATGAAAGTATAAAAAACACTTTTTCGCCAATTGTGAAGAAAAAAAGAATAAATTGCGCAGAGTTGAAAGAGAAATATACAACAGCATGATATAGCAGAAATTATGCAGAACTATAACGCAGCAACGCTTATTAATAAAGCAATTCTCCAGGAATAATCCGTAATAGCATGAAACTGTATCCCAAATCATCCCTGTAATCCTAACGTGAGCTTACAGGGACATTTATCAGGGCAGTCTTTCCAGCATTAATCCAGCCCGCAATCCGCAGGCGACAGAGGGATTAGGAAAGAGAACATATTCAACGTCATGCGTCACCGTCACGCGCTTATCCCCCTCCTCGGCCAGCAACGTTCCCTTCGCAAAGGCAGTAAAATTCAGCGTTTGCGCATCCATATAAAGCGCGAACTTGTCGCTGTGACGCGTGATTTGCGACACCACCCGATAGCGTAGCGGCGGCGAAGACGAGGTTGACGTTTCGACACCGCTCAGCAGCGCCGACAACGCCTGCGAGGTTACATTGAACTGCGTCAGATCGTTTTGCCCAAACGGCAACGCCTTTCCCAACTCCAGCGTACAGGAAAGCGCGCCGAAATGTTCAGAGCTAAAGTGCGTAAACGTACCGCCGGGCGCCTGATGAAATACCAACGCCTCCAGTCCTGCCGCGCCCAGCCATGCCAGAAAATCCGCCTCCCACGGGTGGTCGCGCTGCGGCAATACGCCAAAACGCAAATGATGCGAGCCACGAATGGCGGTATGCAGATCCAGATGCCAGCGTACCCGCGCCTGACCAGAGGAAAAGAAGGTCTCCAGACTTAGCTCCAGCTCACGCGCCCGCCGCGTTTCATCGCTTTCGGCAAAGGACTGCCAACGCCCGCCAAACATACGGTTCATATCGCTGTGACAATAGCGTATTCCCGCCGTCAGCGCCTGCGGATTGCCGAGTACCACCAGCACTCGCCACGTTAACGTCAAGCTGCCTGAGAACAGCGCCGACAGCAGCCTATCCAGCATCTCTACCGGCGCGGTTTCATTACCGTGTATCCCCGCAGAAAGAATTAACGCGCGGTCGACCGGCGCATCGGGCGTGAGTTCAAGCAGACCATGGCCTAACCAGCGCCAGCGAAAACCCGCGCTC
NZ_CP039489.1_gap66	2650198	2652268	2070	AACAGTACCGTTTTCTTCGGTTTTTATGCCATAGTATTGAGCAGTGGTGACAATCATTTTCCATCGCGCCATAATGATTTGCAGCCTATAGTTTATGATTTTAAGATTTGTCTACTCATCACATATGTCAGTGATGGATAAATTATAATACGCTTTTCTGGCGCACTTTTCGTCAGTAAACAGGAATACTACAGCATTCATCGTATTGATGCCGCTTTATCTCCCGCTCTTCAGGGAATTAACGACAATTTTATGCACAAAGGATACTAATGATGAAACGTAAATTGATCCCATTTACCCTCTTTCTCGCTGCGCTTAGCGCCAGTACCACCTCTATAGCAGCTTCGCAGGAGATTTCTAAATCTATATACACCTGTAATGATAACCAGGTTATGGAGGTGATTTACGTCAACACCGAGGCTGGAAACGCCTATGCGATTATCAGTCAGGTAAACGAGATGATCCCGATGCGGTTAATGAAAATGGCCTCCGGAGCAAATTACGAAGCCATAGACAAAAATTATACTTATAAACTTTATACCAAAGGCAAAACGGCTGAACTGGTGGAAGGTGATGATAAACCTGTTCTCAGTAACTGTTCCTTAGCTAACTAACCTTCAGAAATGCCTGAAGGCTCATCAGGCATTTCCACTTCAACCTTCCTGTAACGTAACGTTAAAGAATATGTGAATCACTACCGTAGTATAATGGCTAATTAGTAACCACTTTTAAGCATGGTTAATCCTATTTTTAAAGAAAAGTTCGAACTGTCTGAATTGTCGTTGTTGAGCGTTTAAATGTTTTGCTTTATTAAGTGACCCAGGTAGAATTCGCAGCGGCTGGTAACCATTCATATTCGCACTATTGAACGATCACCGGCCAACCGCGCCAGGGTCTTGCATACGCTCTGGCGCGGTTAAATCCCCAGGCCATAAACGAAATCACTGGTTTCTGCTATTGATCATATCTTTCAAGTTAACCTGCATTATGCTTGCCCACCTGATGTAAAAAGACACCGCTCTGAACCATAGGGTGTGAATTTTATTTTATAAAAAATTGCGGTGCCGGGTGCCTCCCGGTGAACCATACCACAGTCAATATGGTTCGCGAGGAACATTAACTATTTGACTGGACGCCCCGCCGCAAAGGGGGATTCACCGCATAAGAAAAATCTACAACTCACAAGTAATAAAAGACAATAACATTTTTGTGCATTTTTTATAAATGACTATCTTGTCACGTAATAAATGAAATTATTCTGTAACAGGATTGCAAGACAATACTTATTCAAAACTGAAGTGGTCAGTGGGAGTCGAACCCACATCATCAGCCTGACACTGAGGTAATAACATTATACGATAACCACATTGGACCGCCACCGAGGCCTCGAACCTCGCACCATCAACTTAGGAGGTTGATGCTCTATCCAGCTGAGCTAGTGGCGGCTGGGGACTTCTGCCAGGCGCAAAAAAGGTGCTCTCCTGGATAAAATACATACCTTGCTACTTTTCAGTAGTCGTTCAACGGCAGGTACAATATGCGAAGGCGGTCACAAAATCTTGATGACATTGTGATTAATTCCAGGAAAATTTTTCAGAGTGAATCTTGTGAGATCTGGCGTTATTTACACCAGATTTTCCTTCCTGCTTATCACCTACCTGAGCAACCTTGATTGCTTACCACAACCCCTTATCTGTGCTTATACTGGTGAGATGTTATGTACAGCGTCACTATGACGAAGAGAGAAAAGACAGGCAGGTACGTGTTACTGGTAAAGAAGCCCTGTTTTGTGAATGGCGGTGCGGAAGGCGAACCTTCCGCATAGCTTATGCTTTTCAGAAACGGTATCCAACCCCGACGTTGAAGCCGTTTATTTTTGTAGAGGAGATGTTGCTTCCTTCATACCCAACATCGACGACGATATTCTCCAGCGGATTCATCTGTACACCCGCGCCCCAGGCAAATCCCGTTTTCCTTGAGGAAATTTTGTTAGAAAAAGAATCGCCATCCTGAGTGGAATGTTCTTTAAATGTCGCCTTTACCGTGCCGACACCCGCCAGCGCGTATAAC
NZ_CP039489.1_gap67	2657141	2660237	3096	TACTCATTTCGTGAAAAAATCATAAAAAAAATATTCAAATAAGTATTTAAAATTATTGTTTTGAGGTACAAATTCAGCGCAATAAAACAGAGCAACTAAAAAACAAAAAATTAGGCGTAGCGAAGCGGAAAAGAACTGTCATGTACTGGACCGTGAGCTGGTCGGGAGAGCAATGTACGGGAAAGAGCGAAATACTGTCATTGATATGAGCAGGAATATCGATAGCCAGTAAATCACTCCTGTGGTAATACAGGCCACTTGATGACTGTGAAGGTCGCTTCATCTGAAGCACCGGTGAAGTCCAGCATTTTAAGTGAAAAGCAGCCAGCAGGCGCTTCTGCTGGTCCATATTCCTCTATTTTGCCAGACCACACTAAAGTGCCACACAGGTATCTGCCAGAACGGTCCTGAGATAATAAATATAAAAGCAGTTACTGCCTACCTCAAGAAGTATGCGCTCATGATCATTTAAAGCTCTTTTAAAGAGACTGATAATAAGCTTGTCAATATAATATTATGCAGTCTCTATTAAGCGCCTGGTTTATTTGTTTTGCATAATCATATAGTTGACTTTTCGAGTAAGAGTTTTCTTGCAAAGACAAATAAACGTGTTTTATATCTCTGAATAAACATACATCACCATGAATATGAGCCTCTATATAATTTCCTTCATAGCCTTTACCATAATTAGAATGAGCTAAAAATTTTTCGCCCTTAGCCATTTTAACCAAACTCTTAAAGCAATTATAACCAAAAAAATCATTTTGACAGGATGCAATCAGGTTCTCCATATGCCAAAATGTAGATAATTTACTCGTATCCAGGCCAAATCTGTGGCCGTAGATATCAAAAGGTGATAATGTACAATTTGTTTTTACATTATCATTTAATTCAAAAAATGATTTCCCATAGGCGCTGGCACCTCCATTTTCACCGTTCAGAAAGTCCAGTGCAGCATAAATTGGTCTGCTTGTAGGGCTAAAAGTTCTACTGTTGGGAGTATATGCTACGGAAAAACCGCCTGTCTGACCATATGGGGCATAAGGTGAATCTGCAAGCCTCTCCAGTTCAAATGCTTTAGTTTCAACTGAATCACGTCCGACATTATAAGCAGGTAAATCTCCTGGTCTGCAACCTAATGCATAAGAGTTCAGATATTCTTTATTTTTTAAGAGAGAGACAAAGTCAATTTTTGCCGCATTAAAATTTATTGTCAGCCGGGCATTTTGTAAAATATCCACCATCTTATTTAGCAAGAGAGTGCAATCTATTTCGGTACCACACTCACGACTTATCCGCCTGAGCGCTTTTTCTCTTATTATGTCAGCGTCGCGCTGACACCTGGAATGAATATGCGCAAGTACTTGTTTTCCAAAAAGGCGACCATACACCTTTTTACGCTCTTCATTGCTGAGACCGCAAAACACTTCGTCAAAAGAAAGCCTGTACGCTGCGCTTACAGAACCTCTCGCCGTTCTGCTTTCTGGAAATGGCGGAACATCTTCAACAACATTTCTAACTTGCTGAATGTCTGAAGACAGTGGAGTACGTCCGGCATTTTTTTCCTTATCTGTTTCCAGATATTCCGGAACCTTTATACTTCCACTATGGCAGATAGGTTTGAGCATATGTCTCCTGAATTTTTATGACTAATATAGCATTCACTTTCGCTGACGTATTCTTTATCAGGCTGATATTTCAACACTTCTTAGCAGCCTTGTAGAAAAGCAAATAAAGCATGCTAATAATTTTATAAAATACTTAACCTACCCACTATTGTAGTCAATAAACCATCACTTTTTATTAAAAAATTATCCTGATAATAACAATAAATCTGGTAAGGCACTTTCAAAAAATAGCCAAACCACACATTATAAAGAAAACCACTACAATCAAAATCGGTAACTATCAGCTTTCAGGGGGGTCTCAGGTTATCATGACGATCGGGGTAAAGGATGAACTACTATTGCGGTCTGAATTGAGGGAGTTTTGATAAAGTTTTGATAACCGTTCGAATACTAATAATAAAAACGGGGACGTTAAGTCCCCGTTTTTGTTTTTAACAATTATCGTTATTACATATTCGCGATAATCGCGTCACCAAACTCACTACATTTCAGCAGCTTAGCGCCGTCCATCAGACGTTCGAAGTCATAGGTCACGGTCTTCGCGGCAATCGCGCCTTCCATACCTTTAACAATCAGGTCTGCGGCTTCGAACCACTGCATGTGGCGCAGCATCATCTCCGCAGACAGAATAATGGAGCCTGGGTTGACTTTATCCTGGCCCGCATATTTCGGCGCAGTCCCGTGAGTCGCTTCAAACAACGCGCATTCGTCGCCGATATTCGCACCCGGTGCAATACCGATACCGCCAACCTGAGCCGCCAGGGCATCGGAAATATAGTCACCGTTCAGGTTCATACAGGCGATAACGTCGTATTCCGCCGGACGCAACAGGATCTGTTGCAGGAACGCATCGGCGATAACGTCTTTAACCACGATCTCTTTACCCGTGTTCGGGTTCTTAATTTTCAGCCACGGACCGCCGTCAATAAGCTCACCGCCGAACTCGTCGCGCGCCAACTGGTAGCCCCAGTCTTTAAACGCGCCTTCGGTGAACTTCATGATATTGCCTTTATGTACCAGCGTAACGGAATCGCGATCGTTGGTAATAGCGTATTCAATCGCCGCGCGAACCAGACGTTTAGTGCCTTCTTCAGAACACGGTTTGATACCGATACCGCAGTGCTCCGGGAAGCGAATTTTCTTCACGCCCATCTCTTCGCGCAGGAACTTGATCACTTTCTCAGCGTCTGCAGAGTCAGCTTTCCATTCAATTCCGGCGTAGATGTCTTCAGAGTTTTCACGGAAGATGACCATATCGGTCAGCTCCGGATGTTTCACCGGACTTGGCGTGCCCTGATAGTAACGAACGGGACGCAGACAAACGTACAGGTCAAGCTCCTGACGCAGGGCAACGTTCAGAGAGCGGATACCGCCGCCAACCGGCGTGGTCAATGGACCTTTAATCGCTACTCGGTAGTCACGAATTAAATCAAGGGTTTCAGCGGGAAGCCAGACATCCTGGCCGTAA
NZ_CP039489.1_gap68	2670506	2672551	2045	TAGCAGTCCGGATGCAGCCCCTTACCGACTTTTTTGGCAATCTCCATCATTTTGCGTTTACGCGCTTCAAACTGCTTACGGTCGAAATCGCGAATGATGTAGTGCATTTCGGCCCGGTCAACGGTGCCTTTCATGCTGGCCAGATGATAAAACCCTTCGTAACCTTCGGTGGTTTCAGGCGCTTCATCCGCCGGCACTTCCGCGTGAATCCTCGCCGCCAACGACAGCGCATTGACCATGACGCCTTTCGCCGTACCAGGATGCACGTTATTGCCGACGATTTTGATATTCACCGAGGCGGCATTGAAGTTTTCAAACTCCAGTTCTCCCACGCCGCCGCCGTCGACCGTATAGGCCCACTGCGCGCCAAAGGCCTCAACATCGAAGTGCTTCGCGCCTTTCCCTACCTCTTCGTCAGGCGTAAACGCCACTTTAATGTCGCCGTGGGGAATAGGATTACCTTTCAGCACCGCCAGCGCGGTCATGATCTCCGCAACGCCGGCTTTATCGTCCGCGCCCAGCAATGTCTTACCATCGGTAGTAATCAGCGTCTGTCCCAGTAATTGATGCAGTACCGGGAACATCACGGGTGACAACACCTCATCGCCAATCCCTAATGCTATATCGCCGCCGCGATAATTCTCGACAATCTGCGGGTTAACGTTTTTACCGCTGAAATCCGGAGAGGTATCCACATGGGAGATAAAACCAATGGCGGGAATATCCCCCTCAACATTGGCCGGGAGCGTCGCCATCAACGTCCCTTTTTCACTTAATGTAATGTTAACCAGCCCCATCTCTTCGAGCTGCTGTTTGAGCAAACGTAGTAACTTCCACTGCCCCTCAGTGCTGGGAACCTGCCGAACACCCGACTTTGATTGGGTATCCAGCGATACGTAGTGTAAAAAACGCTCAAGTAGTTTATCCATGCAGTCACCCTCACTTTTCGTGACAACATTATTAATAAGCAAGAAAAGACAAATATTGCGTCAGGTCACTTTTATCCCTGCAAACAAGAATATTTCACTTTGACACGCTTTCTGACTATAAAGCTAAGTCAGTAATTCGCAACAAGGATTGGCGATCACAGTGGTTTGCCGTAGAATGACCGCCCTCATTAAGAGTGATTAAGGTGGTTAACCACAAACCCCGCAGCGGTCAGCCATCCGTTGCGTTTACATGGGACAGAGTAAGAAATTGAATAATCAACCGCGTTCGCTTTCACCGCTGGTGCTTTTGTCGGGAATTAGCAAAAGTTTCGATGGCAAAGAGGTCATTTCACAGCTGGATTTGACCATTAACAATGGCGAATTCCTCACGCTGCTTGGCCCTTCCGGCTGCGGTAAAACAACCGTTCTTCGCCTGATTGCCGGCCTGGAAACCGTTGATGCCGGGCATATCATGTTGGATAACCAGGATATCACCCACGTTCCCGCCGAAAATCGTTATGTAAATACCGTATTTCAAAGCTACGCTTTATTTCCGCATATGACGGTGTTTGAAAATGTCGCGTTTGGCTTACGAATGCAAAAAACGCCAGCCGCCGAGATAGCGCCTCGCGTGACCGATGCGCTGCGTATGGTGCAGCTTGAAGAGTTTGCACAACGTAAACCGCACCAGCTTTCCGGCGGACAGCAGCAGCGTGTGGCTATCGCTCGCGCGGTGGTGAATAAACCTCGCCTGTTATTACTGGATGAATCGCTTTCCGCGCTGGACTATAAATTGCGCAAACAAATGCAGAACGAGCTTAAAGCATTACAGCGTAAACTCGGTATCACGTTTGTTTTTGTCACTCACGATCAGGAAGAAGCGCTCACCATGTCCGATCGTATCGTGGTAATGCGTAATGGCGTGATTGAGCAAGACGGCACGCCGCGTGAAATCTATGAAGAGCCAAAAAACCTGTTTGTCGCCGGTTTTATCGGCGAAATTAACCGCTTTGACGCAACCGTCATTGAACGGCTTGATGAACAGCGCGTCCGCGCCAGCGTAGAAGGTCGGGAGTGCAATATATACGTCAATTTTGCTGTCGAACCGGGCCAAAA
NZ_CP039489.1_gap69	2673738	2678642	4904	GGCATAAAAAACGCATGAAAGAAGTTGCCGCCAGTATTGCAAACCTACAACATCATCCGCGGTAGGCCTTCTTTTATTTTTACCTGTAGCGACGCTATCACAGACAGTAATACGTTTATACGCGAAGCTCTCAGGTTTTATACTGATTGCCAGTCTCTTTTAAAAATTATATTACATCCGATGCGCCCGCAGTTGAGATAAAAAGGGTCGATTTAATCAATTATGTAGTCATTTTTATTCCAGTATAAGTGAGATTAATATGCCGATTACTATAGGGAATGGTTTTTTAAAAAGTGAAATCCTTACCAACTCCCCAAGGAATACGAAAGAAGCATGGTGGAAAGTTTTATGGGAAAAAATTAAAGACTTCTTTTTTTCTACTGGCAAAGCAAAAGCGGACCGTTGTCTACATGAGATGTTGTTTGCCGAACGCGCCCCCACACGAGAGCGGCTTACAGAGATTTTTTTTGAGTTGAAAGAGTTAGCCTGCGCATCGCAAAGAGATAGATTTCAGGTTCATAATCCTCATGAAAATGATGCCACCATTATTCTTCGCATCATGGATCAAAACGAAGAGAACGAATTGTTACGTATCACTCAAAATACCGATACCTTTAGCTGTGAAGTCATGGGGAATCTTTATTTTTTAATGAAAGATCGCCCGGATATTTTAAAATCGCATCCACAAATGACGGCCATGATTAAGAGAAGATATAGCGAAATCGTAGACTACCCCCTCCCTTCGACATTATGTCTCAATCCTGCTGGCGCGCCGATATTATCGGTTCCATTAGACAACATAGAGGGGTATTTATATACTGAATTGAGAAAAGGACATTTAGATGGGTGGAAAGCGCAAGAAAAGGCAACCTACCTGGCAGCGAAAATTCAGTCTGGGATTGAAAAGACAACGCGCATTTTACACCATGCGAATATATCCGAAAGTACTCAGCAAAACGCATTTTTAGAAACAATGGCGATGTGTGGATTAAAACAGCTTGAAATACCACCACCGCATACCCACATACCTATTGAAAAAATGGTAAAAGAGGTTTTACTGGCGGATAAGACGTTTCAGGCGTTCCTCGTAACGGATCCCAGCGCCAGCCAAAGTATGTTAGCTGAGATAGTCGAAGCCATCTCTGATCAGGTTTTTCACGCCATTTTTAGAATAGACCCCCAGGCTATACAAAAAATGGCGGAAGAACAGTTAACCACGCTACACGTTCGCTCAGAACAACAAAGCGGCTGTTTATGTTGTTTTTTATAAAATCAGACGACGCTTTCTCAGACGTCACGTTCAGGGTTTACTCACGTACTTCCTGTTTGCCACAGAGTAACCTCTTGCCAGGCGCAATAATGCCGCATATGACCGGATCGGATGAGAATAGTCATTTAAATGGCCTTTTTTTCCCGCTCGTCTGGCAATTTGTTGTAAAATTCGCGGCTTCAAGCGGCAGCTTGCTTCTTCCTGGCTGCTGATAACCGCGAGACGTTTTGGAGAGATTTTGGAGAAGAGAAAAAATTGATCATTTTCAATACTCTAAAAGCACCCCATCCTCTGAATAAGAAGGTGGAACTTGAATGATCGGTCGGCTGCTCCGTGGCGGTTTCATGACTGCCATCTATGCGTATCTGTATATTCCCATCATTATTCTGATTGTGAACTCCTTCAACAGTTCGCGGTTCGGCATTAACTGGCAGGGCTTTACCACTAAATGGTACGAACTACTGGTCAATAACGACAGTCTGTTGCAGGCCGCTCAACATTCACTGACGATGGCGATTTTCTCAGCGACCTTCGCCACGTTGATTGGCTCGTTAACCGCGGTGGCGCTTTATCGCTACCGCTTTCGCGGGAAGCCATTCGTCAGCGGGATGCTGTTTGTAGTAATGATGTCGCCGGATATCGTGATGGCGATCTCCCTGCTGGTGCTGTTTATGTTACTCGGCATTCAACTGGGCTTTTGGTCGTTGCTGTTCTCACACATCACCTTTAGCCTGCCGTTTGTGGTCGTCACGGTCTATTCGCGCCTGAAAGGCTTTGATGTCAGAATGCTGGAAGCCGCAAAAGACCTGGGGGCCAGTGAGGTAACGATTTTACGCAAAATCATTCTGCCGCTGGCGATGCCGGCGGTGGCGGCGGGCTGGTTGCTGAGCTTTACGTTGTCGATGGACGATGTAGTGGTCTCGTCGTTTGTCACCGGGCCGGGCTATGAAATTTTACCCTTAAAGATTTATTCCATGGTAAAAGTCGGCGTTTCACCAGAAGTGAACGCGCTGGCGACCGTTTTATTGGTGCTGTCTCTGGTAATGGTCATTGCCAGCCAGCTTATTGCTCGTGATAAAACCAAGGGCCGATAAGGCCCGTAATTCAGGGGACGTTAAATGAAAAAATGGTCACGCCACCTGCTCGCGGCGGGCGCCCTGGCGCTGGGTATGAGTGCCGCTCATGCCTCCGACAACGACACGCTCTATTTCTATAACTGGACTGAGTATGTACCGCCGGGCCTGCTGGAACAGTTCACTAAAGAGACAGGCATTAAGGTGATTTATTCGACCTACGAGTCGAACGAAACCATGTATGCCAAACTCAAAACCTATAAAGATGGCGCGTATGACCTGGTTGTTCCTTCTACATACTATGTCGACAAAATGCGCAAAGAAGGCATGATTCAGAAGATCGATAAGTCGAAATTAACCAATTTCCACAACCTCGATCCGGAAATGCTCAACAAACCGTTTGACCCCAACAACGATTATTCTGTTCCGTATATCTGGGGCGCAACGGCGATTGGCGTGAACAGCGATGCTATCGATCCAAAAACCATTACCAGCTGGGCTGATTTGTGGAAACCGGAATATAAAAACAGCCTGCTTTTAACCGACGATGCGCGAGAAGTCTTCCAGATGGCGCTGCGCAAGCTAGGTTATTCCGGTAACACTACCGATCCGAAAGAGATCGAAGCGGCATATGAAGAGTTGAAAAAACTGATGCCGAACGTAGCGGCCTTCAACTCCGATAATCCGGCGAATCCGTATATGGAAGGGGAAGTCAATCTGGGGATGGTGTGGAACGGTTCGGCCTTCGTTGCTCGTCAGGCTGGCACGCCGCTGGAGGTCGTCTGGCCGAAAGAAGGCGGTATTTTCTGGATGGATAGCCTGGCTATTCCGGCAAACGCGAAAAATAAAGAGGGCGCGCTGAAGCTAATCAACTTCCTGCTGCGTCCTGACGTCGCGAAAGAGGTGGCAGAAACCATCGGCTACCCTACCCCCAACCTGGCGGCGCGTAAGCTGTTAAGCCCGGAGGTCGCCAATGATAAGTCGCTCTATCCGGATGCGCAAACCATCAGCAAAGGCGAGTGGCAAAACGATGTCGGCGACGCCAGCGCCATTTATGAAGAGTATTATCAGAAGCTAAAAGCAGGACGCTAATTCAGCCAAAGCGCCTGTCGGGCCTACAGATGAACGTAACGTGAAATGTAGGCCGGATAAGGCGTTACCGGGCAAACAGCACTACAGCCCTTTCAGGAATTTATCAACAAATTCCGGCACAACCTGGCTTGCCGGGCCGTAGTGCTTCTCTTCAAACTCGCTGCCGACCTGGCTTGGCTCAAGATTCAGTTCCACCGTATGTGCGCCGTGCAGTTTTGCTTCATGCACAAAACCCGCAGCCGGATAGACATGACCGGATGTGCCAATGGCGATAAAAATATCCGCCATCGACAGCGCCATATAAATTTCATCCATGCCAAGCGGCATCTCGCCAAACCACACCACGTGCGGACGTAGCGGCGCCGGGAACTGGCAGCAGTGACATTTATCTTCCGGCATCACATCGCCGTTCCATTCCAGAATCTGGCCGCTTTGCGAACAGCGCACCTTCAACAGCTCGCCATGCATATGAATGATGTTGCGATTGCCCGCGCGTTCATGCAAATTGTCGATGTTTTGCGTCACCAGCAAAAAGCGATCGCCAAGCGCTTCTTCAAGCTTCGCTAACGCCAGATGCGCCGCATTGGGTTGTATTTCCGGCTGTTGAAGCTGCTGACGGCGGGCATTATAAAATGTCTGCACCAGCCCCGGATTACGGGCGAATCCTTCCGGCGTTGCCACGTCTTCAACCCGATGCTCTTCCCAAAGGCCATCCGCCGCGCGAAACGTACGAATACCAGACTCTGCAGAAATTCCTGCACCTGTAAGGACTAATACTCTTGGGTTTTCCATCATTTCCGGCACCACTCTGTCTCTGAAAAAGATCCGCTGGCGCAGACGTTCACGCAACAGACGTTTATTTTTACGAAAGCGGCTTAATCGATGAAACCGACGCGACTGCATAACAACCTCTTTTTTTGATTAGTCGGTAAGATGTAAAAAAGCAGCACCGCGCATCCCACCTGCATCCCCATGCCGCGCACGCTCAATGCGCGGCGCGCGGGCAACAGGGAGGAGATGGCGCGGCAGTCTTTCCGCCAGTTGCGTTGTTATTGCCGTAAAGTTCGATAGTCCGCCGCCGATCACCAATAAATCGGGATCGACAATCGTCAGTATATTCCCCAGACAAACTGCCAGTAAATCCAGATAGCGCTCAACATGCGCGTGCGCCTGCTCATCGCCCTGCTCCCACAACGCGATAATCTCCGGCGCCTGCAGCGATTGATCATAATAATGCTGATATAGCCACGCAAACCCGCGCCCGGACAGATAATTCTCAATGCAGCCCATCTGACCGCATCCACAACGGCGGAGAGGAAAATCAAACCCCATCAACGTTAGCGCGTCAACCGGCAAACGCATATGGCCAAACTCGCCGGTGATATAGCTCTGACCGGTAATCGGCTTCCCGTTTAGCACCAGGCCACCGCCGACGCCGGTGCCGAGGATAAGCCCCATAACCAAAGGAT
NZ_CP039489.1_gap70	2681172	2684291	3119	CGCCCAGCGCGGCGCCCAACAGCGCGCCGATAATCCCGGCGCTGGCGCCCTGCACCATAAAGACCATCATAATTTGTCGCGGCGTCAGCCCTTGAGTTTGTAAAATCGCCACTTCACCCTGCTTCTCCATGACCATCAGGCCCAACGAAGTAATTATGTTAAAAGCCGCGACCGCCACGATGAGGCTCAGCAACAATCCCATCATGTTCTTTTCCATGCGCACAGCCTGGAACAACTCGCCTTTGCGTTCGCGCCAGTCCTGCCACTTCGTGCCTTGCGGCAGCGTCTGTTGGCTGAGGGTATCGACTTGCAGCGGTTCATCCAGCCACAGACGCCAGCCGGTAATATTGCCTGCCGGATAGCGCATTAAACGGGACGCGTCCTGAATATTGACCAGCATTTCATAGCCATCGACCTCGCTATTGGCGGCAAATGTGCCAATCACCGTAAACAGACGCTGGCTGGGCAGGCGTCCCATTGGCGTAAACTGGCTGGCAGATGGCACCATTAGCCGAATCTGATCGCCACGGTTGACCCCTAACTGTCCGGCGAGCTGCTCGCCGAGGATGACATTATACTTACCCGGCTGTAATTCGCTTTGCTTCACATTGACCAGATACGGCGTTAATGGATCTTTTTGCGCCGGATCGATACCTAACATCACGCCAACCGCAACGCTACGCGCGCTTTGCAGTACGACATCGCCCGTCGTCAGCGGCGCAATACGGTTAACGCCTTGCAGATTCACCGCTTTTTCCGGCATCTGATTCGGGTTAAGAGAGCCATGTTCAGCAGAGAGGATGGCCTGAGGCATCAAACCAAGAATGTTATTTTGCAGTTCGCGCTCAAAACCGTTCATCACCGACAATACCGTGACCAGCGCCATCACCCCCAGGGTAATGCCGATAGTGGAAAGCCAGGAAACGAAGCGACCGAAGCGATCTGCTGCACGCCCGCGCATGTAACGCAGGCCGATGAATAGAGCGACAGGTTGATACATGTAATCCGTCTGGTTGCTGTTAGCAAAGTCCCGAGTATATAAGCGAAAGCGGAATGCGTAAATGTCTGAACCGTAAGAGTTCGTCAGCGTTATTCTGAAAAAGGCCGACAAATCAAGTCACTTACATGTTCATACTTTACCTGTTCGGCGTGTTATCCGGCGGATTCAATTTGCTAATAAACAACGATCGCGGATAATAAAGAACATTGCTTATCAGTCATATGCCCCTGAATACCTGAGTCCTTCATGCTGTCCTGGCGCGCAGCCAACCATGAAACAGCCTGAAGGGTGACGCGTAGAGTGCGGCGTAAAACAAAAAGAGATACTGACAACCGTTATGCCTGAAAAACAACGTTACACGCTGCCGACAAAAGCGGGCGATCAGCGCCAGTTGGGCGAACTTACCGGTGCCGCCTGCGCTACGCTGGTGGCGGAGATAGCCGAACGCCATGCCGGTCCGGTGGTACTCATAGCGCCTGACATGCAAAATGCTCTGCGATTGCATGATGAAATCCGCCAGTTTACCGATCAGATGGTGATGAACCTGGCGGACTGGGAAACGCTACCGTATGACAGCTTCTCCCCGCATCAGGAAATTATCTCTTCGCGCCTGTCCACGCTCTACCAGTTGCCGTCGATGCAGCGCGGCGTCTTGATTGTACCGGTAAACACCCTGATGCAGCGCGTTTGTCCGCATAGCTATCTGCATGGTCATGCGCTGGTGATGAAAAAAGGCCAGCGGCTGTCCCGCGACGCTCTGCGCGCGCAGCTTGACAGCGCCGGTTATCGGCATGTCGATCAGGTGATGGAGCATGGTGAATACGCGACGCGCGGCGCGCTGTTGGATCTCTTTCCGATGGGCAGCGAACAGCCTTATCGCCTCGACTTTTTTGATGATGAAATCGACAGCCTGCGTCTGTTTGACGCGGATACCCAGCGTACGCTGGAGGAGGTCGAGGCCATCAATTTGTTGCCCGCGCACGAATTTCCTACCGACAAAGCCGCTATTGAGCTTTTCCGTAGCCAGTGGCGCGATACCTTTGAGGTAAAACGCGACGCCGAGCACATCTATCAGCAGGTCAGCAAAGGCACTCTGCCCGCCGGGATCGAATACTGGCAGCCGCTCTTTTTCAGCGAACCGTTACCGCCATTATTTAGCTATTTCCCCGCCAATACTCTGGTGGTGAATACCGGCTCGCTGGAAACCAGCGCCGAACGCTTTCAGGCCGATACGCTGGCGCGTTTTGAAAATCGTGGCGTCGATCCTATGCGCCCGCTTTTGCCGCCGGAAGCCCTCTGGCTACGGGTGGATGAGCTCTTTTCCGAGCTTAAACGCTGGCCTCGCCTCCAGCTTAAAACCGACCATCTGCCGGAAAAAGCCGCCAATACCAATCTCGGTTTCCAGAAATTACCGGATTTGGCTATCCAGGCACAGCAGAAAGCGCCGCTGGACGCGCTGCGTAAGTTCCTCGAATCTTTCAGCGGTCCGGTGATTTTTTCTGTGGAAAGCGAAGGACGCCGCGAAGCTCTGGGAGAGCTCCTGGCTCGCATAAAAATCGCGCCGAAGCGGATATTACGCCTGGACGAGGCGCAGGATGCGGGACGCTATCTGATGATTGGCGCCGCAGAACATGGTTTTATCGACACCCAACGCAATCTGGCGCTGATTTGTGAAAGCGATCTCCTGGGTGAACGGGTCGCGCGTCGCCGCCTGGATTCCCGCCGCACGATCAACCCGGATACGTTGATTCGTAACCTGGCGGAGCTCCACGTCGGTCAGCCGGTAGTGCATCTGGAGCACGGCGTCGGACGCTATGCCGGCATGACCACTCTGGAGGCTGGCGGCATCAAGGGTGAGTATCTGATGCTCACCTACGCCAATGACGCCAAACTGTATGTGCCGGTCTCCTCATTGCATCTGATTAGCCGCTATGCCGGCGGCGCGGAAGAAAGTGCGCCGCTGCATAAACTGGGCGGCGACGCCTGGTCGCGCGCCCGGCAGAAAGCGGCGGAAAAAGTGCGCGATGTCGCAGCGGAACTGTTGGATATTTATGCGCAACGGGCGGCAAAAGAGGGGTTTGCCTTTAAGCATGAGCGTGAGCAGTATCAGTTATTCTGC
NZ_CP039489.1_gap71	2686559	2687120	561	CCAACCTGGACGCCGACCGCCAATATTCGCGCACGTTATAAAGCGCAAGGCATCGATCTCCCCGCCGTGGTGCCTGCCGGTCCCGATAACCCAATGGGGCATCACGCGATTCGTTTAGCGGCCTACGGCGGCGTCTATCTGTTACATGGCACGAATGCCGATTTTGGCATTGGTATGCGCGTCAGTTCCGGCTGTATCCGTCTGCGCGACGGTGATATAGAGACATTGTTCCGTCAGGTCACGCCGGGAACCAAAGTGAATATAATCAATACGCCGATTAAAGCCTCGGTGGAGCCAGGCGGCGTGCGACTGGTGGAAGTTCATCAGCCGCTGTCTAAAAATATAGGCGACGATCCACAGGTGCTGCCGATTGTGCTGAATGGCCCGATGCAGGCCTTTAAGGACGCGCCGCAGACCGATGCTGCGGTGATGGAACATGTTATGGAAGTGCGTTCCGGAATGCCGGTGGATGTAACCCGTCAATCAGAGGCGAAACCGCAGTCGCTGTAAGCGTGAATAGCTGACCGACAAAAAAGCCTCGCGATGCATCGCGAGGCTTTC
NZ_CP039489.1_gap72	2704062	2706393	2331	TTCTTCGATCAGACCGAGACCACCGATACCGGAGCCGATAGCGGCGCCAATACGGCTTGCGTTCTCTTCCGTCACTTCAAGGCCAGAATCCTGCATGGCCTGTACGCCAGCGACAATTCCATATTGAATGAAGGCATCCATCTTGCGCTGTTCTTTGCGCGAGATAATGTCATCACAGTTAAAATCCTTTACTAAGCCAGCAAATTTCGTTGCATAGGCGCTAGTATCGAAATGGTCGATCAGGCTGATGCCACTCTGACCGGCAAGGAGAGCTTTCCAGGTAGACTCTACGGTATTGCCGACAGGAGACAACATGCCCAGTCCGGTCACAACTACACGACGCTTAGACACGGTTGTCCTCCAGGGAGGGAAAATGATTCTAGTGGGACAAAAAGATAAAACTCAGGCGGTCGAACGACCGCCTGGAGATGTTCACTTACGCCTGGTGGCCGTTGATGTAATCAATGGCAGCCTGAACGGTGGTGATTTTCTCAGCTTCTTCGTCCGGAATCTCAGTATCAAACTCTTCTTCCAGAGCCATTACCAGCTCAACGGTGTCAAGAGAATCTGCGCCCAGGTCTTCAACGAAAGAAGCATTGTTGGTTACTTCTTCCTGCTTAACGCCCAGCTGTTCGCCGATAATTTTCTTAACGCGTTCTTCGATAGTGCTCATACTCTTAAATTTCCTATCAAAACTCGCTTTCGCGATGGTTTTCGTAGTGTATAAAATGTTGAAAAATTTGCAACTAAATCCCGGCAGGTCTTACCACGATTTTACGTTATTTTGCGGCCTTTCGCCCTAATAACGCAAATATTTTTCAATCGTGATTAAACCATGTACATTCCGCCGTTGACGTGCAGAGTCTCACCAGTGATGTAACTCGCTTCGTCAGAGGCTAAAAATGCAACCGCACTGGCGATTTCCTGAGCGCCGCCGAGGCGACCCGCAGGCACCTGCGCCAGGATACCCGCACGCTGATCGTCAGACAGCGCACGCGTCATGTCCGTTTCAATAAAACCCGGAGCCACAACATTGACAGTAATACCACGGGACGCAACTTCACGCGCCAGTGATTTACTGAAACCGATCAGGCCCGCTTTCGCCGCAGCGTAGTTTGCCTGACCTGCATTTCCCATGGTACCAACCACAGAACCAATAGTGATAATGCGACCACAACGCTTTTTCATCATAGCGCGCATTACCGCTTTTGACAGGCGGAAAACGGATGATAAGTTGGTTTCGATAATATCGTTCCACTCATCATCTTTCATTCGCATCAACAGATTATCACGAGTGATACCGGCATTATTAACCAGGATATCCACTTCACCAAATTCTGCGCGAATATTTTCCAGAACAGATTCAATAGATGCAGGATCGGTCACATTCAACATCAAACCTTTCCCGTTAGCACCTAAATAGTCGCTAATGTTCTTCGCACCATTTTCACTGGTCGCAGTCCCGATAACTTTCGCGCCGCGGGCAACGAGAGTCTCTGCAATTGCGCGGCCTATGCCACGGCTTGCACCAGTCACCAGCGCAATCTTTCCTTCAAAGCTCATGGTTTTCCTCTTTTATTGCGTAAGTGCCGCAGACAGCGCCGCCGGCTCGTTCAGCGCCGACGCTGTCAGGGTGTCGACAATACGTTTCGTCAGACCAGTGAGGACTTTACCTGGACCCACTTCATAAAGATGTTCAACGCCCTGCGCCGCGATAAATTCCACGCTCTTCGTCCACTGTACCGGATTGTACAACTGGCGAACCAGCGCATCGCGGATAGCGGCGGCATCGGTTTCACATTTCACGTCAACGTTGTTCACTACCGGCACCGTTGGCGCGCTAAAGGTAATTTTGGCTAATTCAACCGCCAGCTTATCTGCCGCTGGTTTCATCAGCGCGCAGTGCGACGGTACGCTCACCGGCAGCGGCAGCGCGCGTTTCGCGCCAGCGGCTTTACAGGCTGCGCCCGCGCGTTCTACCGCCTCTTTATGCCCGGCGATAACCACCTGTCCCGGCGAGTTAAAGTTAACCGGCGAAACAACCTGCCCTTCGGCAGATTCTTCACAGGCTTTAGCAATAGAGGCATCATCCAGCCCGATGATCGCAGACATGCCGCCAGTACCTTCCGGAACCGCTTCCTGCATGAATTTACCACGCATTTCCACCAGACGAACGGCATCAGCAAAGTTGATGACGCCAGCGCAAACCAGCGCGGAATATTCGCCCAGGCTGTGACCTGCCATTAACGCAGGCATTTTACCGCCCTGCTGCTGCCAAACGCGCCAAAGCGCGACGGAAGCGGTTAATAACGCCGGCTGCGTCTGCCAGGT
NZ_CP039489.1_gap73	2707770	2712252	4482	TTGGCCGCACCATGACTTTTTATCACCGTGCCGCGCAATCCTAACAGACAGGCGCCATTATACTGGTCGGGGTTGAGGTGACTGAATCGCCTCGTCAGGCTTTTTTGTAACCAACGTTTTAATAACAGCAGCCACCACGACCGTTTTTTCCCCTCGCCCTGTGATTTCAGCAGTGAAAGGAACATTCTGACAACCCCCTCCATCGTTTTAAGTGTGACATTGCCTGTAAAGCCGTCACACACCAGTACATCGGTTTTTCCCGTCAGTAACTCATTCGCCTCAAGGTAGCCGATGTAATTGATGGTTGGGACTGTTTTTAACATTAAAGAGGCTTCGCGAATACTGTCGAGGCCTTTGGTTTCTTCTTCCCCGATATTGAGTAGCGCCACGCGGGGATTTTTGATCCCGACGATCTCTTCCGCCAAAACGGCGCCCATCACGGCAAACTGCACCAGCATGGTACTGTCGCAGTCGACGTTGGCCCCCAAATCAAGCACTACCGTTTTGCCCTTTTGCTGGTGCGGTAATACCGTCACCAACGCCGGACGCTCAATCCCCTCAAGAGGCTTGAGTAATAATTTCGCCAGCCCCATCAGCGCCCCGGTATTACCGGCGCTAACGCAAGCTTCGGCTCGGCCTTCTTTCACAAGCTCCAGGGCCACACGCATGGATGTCCCGCGACTGGCGCGGATCGCCTGCGAAGGCCGGGCATCACTGGCAATAACTGACTGTGCAGGGATAATCTGCAGACGCGAACGTTGTTCAAAGTCAGCTTTGGCAAGTAATGGCGTGATAATATCGGGATTCCCGACTAAAAGAAGAGTGAGCTGCGAATTAGCGTTCAGTGCCTGCAATGCTGCAGGCACCGTCACGGAAGGACCAAAATCGCCCCCCATGACATCTAACGCCAGGGTTAGACGTGTCAAGGTATCGTCGCTGCCTGGTTCGGTGTTCTCCGCTTACGCGGAGAAATCCTCACTAAGCTTTATCACGCTTGTACTCTTCGGCTTTTACACCACAGGCACGCCTGTGATGCAAAAGGCATCGAGTATCGCGCGATTACTTAGCGATGACCTTACGGCCGCGGTAGTAACCATCGGCAGTGATGTGGTGACGCAGGTGTTTTTCACCAGAAGTTTTGTCTACAGACAGGCTGGTGACTGCGGTCAGAGCGTCATGGGAACGACGCATGCCACGTTTGGAACGGGTTGGTTTATTCTGTTGTACGGCCATGGACCTTACTCCTCAATTACGGTTTATCCCTGCGTCCGCGGGGAAGACCTATTACTTACGCTTTAAGCTGGCTAATACGGCAAATGGGTTTGGCTTTTGCGCTTCATCAGGCAGTTCGCCAAAGACCATGTCCGCCTCGGACACTTCACAGTGTTCAGAATCATGCACCGGAACTACCGGCAAGGCGAGGATGATTTCATCTTCAACCGTCGCCAGCAGATCGATTTCGCCGAATTCGTTTACCTCAATCGGCTCATACGCTTCCGGCAGTGCTTCAGCCTGCTCGTCGGAACGGACAGGGCTAAAACAATACGTTGTGTGAACCTGATGGGTAAACGGTTTCCCGCAACGCTGGCATTCGAGCGACACCGTAACGACCGCATCGCCGGTTAAAACGGCGAGACGCTGGTTATCGATAGCGAACGACATGGAGCATTCCACATCACTGTCCACACTGACTACAGATTCGGCAACGCGCTCAACCTGATCGGGGGTATAGATACCCTGGTAATCAAGGCGTTTTTGAGCGGTACGAACCGGATCAAGAGTCAGGGGTAATTTTACCTTTTGCATAGGGCGCGCATATTAACTTCGTAACGTCATATAGTCAAAGAAAAAGGCAGCCTGCGGTTGCCTTTTGCCAATAATTCGCACACATTGCGGGTTACAGACTTATTTTCGCTCAAGACGAGTCAGTATGACAGGCTTGAAGACCGAAGAGCATAGTTTAAGATGGCTCTCATCATTACGCTATATCTGAGGGAAAAAATATGCCCCGTCTCATCCTTGCGTCTACCTCTCCCTGGCGTCGCGCGCTGCTGGAAAAGCTGACGATTCCTTTCGAATGCGCCGCGCCGGATGTTGATGAAACCCCCATGCCGGGCGAAGCGCCGCGTCAGTTGGTGCTGCGGCTGGCGCAGGCGAAGGCGCAATCGCTCGCCGCGCGTTTCCCGAATCATTTGATTATTGGCTCCGACCAAATTTGTGTTCTGGACGGCGAAATCACCGGCAAACCGCTGACGGAAGAAAAAGCGCGTCAGCAATTAGCCAAAGCCAGCGGAAATATTGTGACGTTTTATACCGGACTGGCACTGTATAACTCCGCCTCCGGGCACTTACAAACCGAAGTGGAGCCTTTTGACGTTCATTTTCGCCATTTAAGCGAAGCGGAAATAGACGACTATGTCCGTAAAGAGCATCCGCTACACTGCGCGGGAAGTTTTAAAAGCGAAGGTTTAGGCATTGCATTATTTGAGCGCCTGGAGGGTCGCGATCCGAACACGCTGATCGGCTTGCCGCTTATTGCTCTGTGCCAGATGCTGCGACGGGAGGGCTTCAACCCGCTACAGCAATAAACGGCCTACTCTGTAGGCTTTTCAAATACCGCTAAAAGCCGTTTCTGCACGTGTTGGTAGTTATCTCCCGTTTATTGGGGAGCAGTTTCGACCGCTTCCAGTTCTAACCAACTGGAAAGCGCTTGTTGTGAACAATTTAGCGCCTGCCGATCTTCACTCTCTTCGTGCGGGCCCGTTTCCTGGTCAATCCATTCACCGACCAGAAAAAAAGCATTGGCATTACGAACCGATGTACGGTGCGTTTTATCCCATAGGGTATCAACAGCGGTATACGTGCGCGTTAATGAATTCCCCATCTCAGTTCAGTTTTGTAAAAACACATGTTCTCAATACTCGCCTGACGCGCTCTACGGCGTCAAAAACGGCTTACGAACTTATTCTCGCGAGCAACTCTCAGGACGTTTACTGTCCTGAAACCTTCCCCTTGCGACTCGTTAAATTCCATCTCGCGATGAGTTTACGCCCCCCTAACATTGCTTCACCTCACGACACATTCCTTTAATTAACGCCGCCAGCATCAGCCGCATCTTGTTGACTATTTATAAATTCAACCATCTGCTGCGTAAGATGGTTTATATCATTCTGCGTAATGAAAAAATTAAATTGTTGATCCTGAAAGTGTTCTTTTGCTGCCAGGTCGGCAAAAACCGCTTTCCCATTCGTTTCAAAGCGGACTTTATTTCCCTGTTTTTGCAGAAACTCTCCCATTGCGACCAGCTGGTCGAGCCGCTTTCCGCGCAGAAAATAATAGCGAGTCATCGTCTCATCCAGCGGTGTTACGGTTTTATTCCACGCAGCGTCAAAGACAGGCTTCACATCAGAGGGGAGCTTTAAAGCAGAATATTTTTTTCTGTTTTCACTACTCACATTTTTCAACCGAAGGATAAATCGATTGTTTACGTCACGAGCCACACGTAGCTCGTTCAGGAAAACCAGATTATCACGCTCAGACTGAATAACACCGGTGATCTTATCCTCCTGGCCGGTCTCATACACCACAGCAAAGATTTGCCCGTAGGCAGCTAATAGTACATCGTAGTCATCGGCGTAATGACCAAAAGCCTGACGTTGGGCTGGCGTCAACTCACAGACGCCCACCACGGGAGACGTAATGATTTGCGTATTCAAATACTCAACGAAAGCCCGTCGTGAACTATCGCCCTTTCCTTCGCAACCGGTCAGCATCGCGATCACGAGCGGCACGATAACGTATTTTCCCCAACGCTGAGTAAATGAGCGCATCCAGCTAGTATTGGCCATCTGTTCGTCCTTAAACACGCCGAAATCCGGATCGCAAGAATAAACAGTACACAACGGTAAAAATGCGTCGGATACAGCAAAACAAAAATATTATGAGAAAAGTGAGATTCGGGCAGATAACCTGCCCGAGAGAGGAACTATTTTGCGTTACGCAGCACCTGCAGACAGCGCTTCAGGGCGTTATCCATCGGCGCTTCAATGCGCATGACTTCGCCCGTTCCCGGATGCGTGAACTTCAGCGCCGCGGCGTGTAGAAAGAGACGTTTAAGACCGGTTCCCGCTTCGGTAAGCTGTTGATCAAACTCACGGTCGCCGTAGCGATCGTCGAACGCAATAGGGTGACCGGCATATTGGGTATGTACGCGAATCTGATGCGTACGGCCCGTGACCGGGCTACAGCGCACCAGCGTGGCGAAGGCATAGCGCTCTTCCACCTTGAAGCGCGTTTCTGACGGTTTGCCTTCCTGGCTCACGCGAACAATGCGTTCGCCGCTTTGCAGAATGTTCTTTAATAATGGCGCCTGTACGGTTTTAACGTGCGATTGCCACTGGCCGCGCACCAGCGCCAGATAATCTTTCTGCATTCCCTTTTCGCGCAGTTGCTCATGCAGCGAACGCAGCGCGGAGCGTTTTT
NZ_CP039489.1_gap74	2713787	2718045	4258	TCGTGCGTACCGCGGGCGTGGGTAAATCCGCCGAAGCGTTGCAGTGGGATTTAAGCTTCCGCCTGAAACACTGGGAGGCCATTCAGAAAGCCGCTGAAAGCCGTCCCGCGCCGTTCCTGATCCATCAGGAAAGCAACGTCATCGTACGCGCGTTTCGCGACTATCTGCGTCAGGATATCGGTGAAATCCTGATCGACAATCCAAAAGTGATGGAAATGGCGCGTCAGCATATCGCCGCGTTGGGCCGCCCGGATTTTAGCAGCAAAATTAAGCTGTACACCGGTGAAATCCCGTTGTTCAGCCATTACCAGATCGAATCGCAGATCGAGTCAGCGTTCCAGCGTGAAGTGCGCCTGCCCTCCGGCGGCTCCATCGTCATTGACAGTACCGAAGCGTTAACCGCCATCGATATCAACTCCGCCCGCGCGACTCGCGGCGGCGATATCGAAGAAACCGCGTTCAACACCAATCTCGAAGCGGCCGATGAGATTGCCCGTCAGTTGCGTCTGCGCGACCTGGGCGGCCTGATCGTTATCGACTTTATCGATATGACGCCGGTACGTCACCAGCGCGCGGTAGAAAACCGTCTGCGTGAAGCGGTACGTCAGGACCGGGCGCGTATTCAGATTAGCCATATTTCCCGCTTCGGCCTGCTCGAAATGTCTCGTCAGCGCCTGAGCCCGTCGCTGGGCGAATCCAGCCATCACGTGTGTCCGCGCTGTAGCGGTACCGGCACCGTGCGCGATAACGAATCTCTGTCGCTGTCCATTCTGCGCCTGATTGAAGAAGAAGCGCTGAAAGAGAATACGCAGGAAGTCCATGCCATTGTTCCGGTGCCGATCGCCTCTTATCTGCTTAACGAAAAACGGACGGCAGTGAACGCTATTGAGACGCGTCAGGATGGCGTCCGCTGTGTCATCGTCCCGAACGATCAGATGGAAACGCCGCACTATTCCGTGCTGCGCGTACGCAAAGGGGAAGAAACGCCGACCCTGAGCTACATGCTGCCGAAGCTGCACGAAGAAGCGATGGCGCTGCCTTCTGAAGAAGAGTACGCCGAGCGTAAACGCCCGGAACAGCCTGCGCTGGCGACATTCGCTATGCCAGATGTGCCTCCGGCGCCGACGCCTGTCGAACCGGCGGTTAGCGTCGCCACGGCGAAAAAGGATAATGTTGCCGCCGCGCAGCCTGCCCAGCCGGGTCTGTTTAGCCGCTTCCTTAACGCGCTGAAACAACTGTTCAGTGGTGAAGAAACGAAAGCCGTCGAAACAGCCGCGCCGAAAGCGGAAGAAAAAGCGGAGCGTCAGCAGGATCGTCGCAAGCCACGGCAGAACAACCGTCGCGATCGTAACGAACGCCGCGACACCCGTGATAACCGTGCCGGACGTGACGGCGGCGAGAGCCGCGACGATAATCGTCGTAACCGTCGCCAGGCGCAGCAGCAAAATGCGGAAGCGCGCGATACCCGCCAGCAGGAAACGGCGGAAAAAGTGAAAACCGGCGATGAACAGCAACAGACGCCGCGTCGCGAACGCAGCCGCCGCCGCAATGATGACAAGCGCCAGGCGCAGCAGGAAGTAAAAGCGCTTAACCGCGAAGAACAGCCTGTCCAGGAGACCGAGCAGGAAGAACGCGTTCAGCAGGTTCAGCCGCGCCGCAAGCAGCGTCAGCTTAATCAGAAAGTCCGCTTTACCAACAGCGCAGTGGTTGAAACGGTTGACACGCCGGTCGTCGTCGACGAACCACGCCCGGTTGAAAACGTTGAACAGCCCGTTCCAGCGCCGCGTACCGAGCTGGCGAAAGTTGATTTACCTGTCGTCGCCGATATCGCGCCGGAGCAGGATGATAGCGTAGAACCTCGCGATAATACCGGTATGCCGCGTCGCTCCCGCCGTTCTCCGCGCCACCTGCGCGTAAGCGGTCAGCGTCGCCGTCGCTATCGTGACGAGCGCTACCCGACACAATCGCCGATGCCGTTAACCGTCGCCTGCGCGTCGCCGGAAATGGCGTCCGGTAAAGTCTGGATCCGCTACCCGATTGTCCGTCCTCAGGAAACGCAGGTTGTTGAAGAGCAGCGTGAAGCAGATCTGGCGCTGCCACAACCGGTTGTCGCTGAACAGCAGGTTATCGCTGCGACCGTAGCGCTCGAACCACAAGCGTCGGTACAGGCGGTAGAAAACGTTGCCGTTGAGCCGCAAACCGTCGCCGAACCACAGACGTCGGAAGTCGTCGAGGTCGAGACAACGCATCCGGAAGTCATTGCCGCGCCAGTTGATGAACAGCCGCAACTGATTGCCGAAAGCGATACGCCGGAAGCGCAAGAGGTTATTGCTGACGCCGAACCGGTAGCAGAAACCGCCGACGCGTCCATTACGGTGGCTGAAAACGTAGCTGATGTTGTCGTTGTCGAGCCAGAAGAAGAGACAAAAGCGGAAGCGGCTGTTGTGGAGCACACGGCAGAAGAAACCGTTATCGCACCGGCCCAGGTGGTGGAAAAACCGCAGGACGTTGTCTGCGTTGACGATCATAACCACGCCAGCGCGCCGATGACGCGTGCGCCAGCGCCGGAATATGTGCCGGAAACCCCGCACCATAGCGACTGGCAGCGCCCTTCCTTCCACTTTGAAGGTAAAGGCGCAGCAGGCGGACACAGCGCCACACGTCACGCCAGCGCCCCGGCAACACGACCACAGCCGGTAGAATGATGTAAATGCTGATACAAAGCCGACCGCCAGGTCGGCTTTTTTATGCCCCTTACAGGGCGATGCCTCACCCCATGGCGTCTTTTAGTCACTCCAGGCGTTTATGAGATCGGGCGGGATAATACGTACGGATGGCGTCGCTACGGGCGCGACAATATGACCACTAACTCAATGACGACTAAAAAAATGCCCGCGCCGGGGTGGATGGCGCGGGCAGACAAAACATATCCAGTTTCGTGATATGTTTCAAAAAGAGGCGTTACCGGTTCAACTGGAAAAGCGACATTCCCTGCATGTCGGTAAACGTTTTATAGGACGCCTGTAATGCCGCCTGTTGCATGACGTAGGAGGAAATGACCGAGTTCCAGTCCACATCTACCAGGTTGCTCATCTGCAACTTCTGTCCCAGCGCACGGTCGCTTCCCAGTGAATCCAGCGTACTGAGTTCGCTCAGTTGCGTTCCCAGTTCCGCACGAACGGTCAGGACGTTATTAAGCGAATTTTTTAAGCCGCGATTGGTTTTATCAATGGCGGCAGCGGCCTTTTCTTTTTCCACGTCATTGCCTTCCACCGGGGTCTTGAGTGCGGCAATTGCCGTATCGAGCATGACAAACAGATTCTTTTCGGAGTCCGAGCCATCCGGTTCCGGCACCGCATTGCTGGTGATGCTATTAAAAATTTGCGCGCCCGTATGGCCAATTACCATCGTGCGTGCGGAATCCACCTGCTGGGTAACACTTTTCTCGCCGCCATGATAACCACCTGTCGCCTGGTCGAATGGCGCCGCTTCCGTTTTATACCCGGCAAAGATATAGCGACCATTGCCGTCAGTGCTGTTTGCCAGGTTCATCAGCTGATCGCGGATCCCCTGTAAATCCGTCGCCAGCGACGCGCGGTCATCGTCGCTTAACGTGCCGTTTCCGGCATAGACGATTTTTTCCTGCGCGGTTTGAATCGCCGTCGTCACCTGACTGAGTACGCTTTCTTCCAGCGACACTTTTTGGGTGGCAAACGTACGCGCCAGGGCATACTGGCTATTCTGCGCCTGCGCCTGAGAGAGTACTACCGCCTGCGACGCGGCGATCGGATCGTCAGATGGGTTGGTAACGCGCTTACCGGTAGACATCTGCTCGCCCAGCTTCATCCATTCGGCCTGAGAATTAGTGATGCCGCTCATATTTTGTTCGTACATCATCTGGGTACTGATACGCATGTCATCCTTCTCCTTTAGCGAATATTCAATAACGCATCAAACAGCGCATTCGCGGTCTGCAATACTTGCGCATTCGCCAGATAATACTGCTGATAACGCTGCAAATTGCCGTACTCTTCGTCGAGGTTAACGCCGGAAACCGACTGTTGCTGTTTATAAAGCTGTTTAACCACATTCGCCTGCGTGGTGCTGCTGGTTTTCAGCGTTGACGTTTTGTTACCCACATCGCTGACCAACGTGGCGTAAGCATCGTTAAAAGTTTTGTTGCCGCCCACTACATTGCTGTTTTGTAAGTCCAGCAATGCCTGACCATTGCGGTTATCGCTGTCGCCGGTATCCACGT
NZ_CP039489.1_gap75	2768279	2769976	1697	ACACAGGCCGGAGAAGCCACGGTTATTCGCTTTTGTCGCACCCTGGGCTATAAAGGTTTTCAGGATTTTAAAATGGACCTGGCCATTGAACTTGCCACTACCGAGTCTGATGACAGTAGTCCTCTACTGGATGCCGAAGTTAGCGAATCCGACGATGCCCACGCCATTGGTTTAAAATTGCAGAACACCATTAGTAATGTATTATCTGAAACGCTAAATCTGCTTGATATGCAACAGGTTCTCGGTGTCGTGGACGCCCTACGTCACTGTCACTCAGTTTATATCTTTGGTGTGGGCTCATCGGGGATCACGGCGCTGGATATGAAACACAAGCTAATGCGTATTGGTTTACGGGGCGATGCGGTAAGCAATAACCATTTTATGTACATGCAGGCTACGCTATTAAAAGCAGGCGATGTCGCGATGGGTGTCAGTCACTCGGGCACATCGCCAGAAACAGTGCATTCACTCCGATTGGCCCGACAGGCTGGCGCCACCACTGTCGCCATTACCCATAATCTGGGTTCTCCATTATGTGAAGAGGCCGATTTTTGCCTGATCAATGGTAATCGGCAAGGAATGTTGCAGGGTGACTCGATCGGTACGAAAGCCGCGCAGCTTTTCGTCTTTGACCTGCTCTATACCCTTCTTGTACAGTCCTCGCCGGAACAGGCCCGAGAAAGCAAATTACGGACAATGAATGCCCTGGACATGACAAAATAATTCCCTTCACGTACAGGCGTCATTTTCCTTTTTTGTCCATGAGTCTGCTGGACGCTTTATAGACAACAAAGCCCGGTCTCCCGGGCTCTGAAAGTCAATGCTATATTAGCTGTATGCGTGGAGCGTTCGCTGACAAAGCGCCGAGCGCACGCAGTCGTCTTTGTTGAAATGCACAATCCCTACCATTTCATCTTCTTCAAAGCGTTCCAACGCATCGCTCAATCCGGAACGCACGCCGCGCGGCAGGTCGCATTGCGTAATATCGCCATTGACAATGACCGTGACATTTTCGCCTAATCGCGTCAAAAACATTTTCATTTGCGCCGCAGTCACATTTTGCGCCTCGTCGAGGATCACGACCGCATTTTCAAAAGTACGCCCACGCATATAGGCGAACGGGGCAATTTCTACCTTACCGATTTCCGGGCGCAAACAATATTGCATAAAGGACGCGCCCAACCGTTTAAGCAGGACATCGTAGACGGGACGAAAATAAGGCGCGAATTTTTCAGCGATATCACCGGGCAAAAAACCAAGATCTTCATCAGCCTGCAATACCGGACGCGTCACAATGATCCTCTCGACGTCCTTATGAATCAATGCTTCTGCCGCCTTTGCCGCACTGATCCATGTTTTTCCACAGCCGGCTTCGCCGGTCGCAAAAATAAGCTGTTTACTGTCGATAGCGTTCAGATAATGCGCCTGTGCTTCATTTCGCGCCTTAACAGGCGAGGTATCGCGACTATCGCGCGCCATGCCAATGGCTTCTACTCCGCCCATCTGTACCAGTGACGTGACCGATTCTTCTTCACGTTGCTTATGACTACGCGAATCTCGTCTCAACACACGCTTTGCTTCACGACGAGCTTTGATCACTGCTTTTTGTCTTCCCATGGATAGCACCTTGAGTTGTAGGTATACATCACCCGCGTTCTCTTGAACGCGATTATGCGCACACACATCTGAGGGTTGGC
NZ_CP039489.1_gap76	2885590	2886597	1007	CGGCCTGTTCGTTCAGGTTGGTGCCATTATGCGAGGTGAATCTGAAATCACCTGGGGAGAACCTCTTTACCTCTCCGGCGTTGTTACCCGCAATTCTCCGCTATGGGTTTCAAACCCTAAACAGCAAATTGCCTATCTGGGCGTTAAATATTGGGCTCGCCTGTACTGCCCGGAAGTGATCCTCGGCGTGTACAGCCCTGATGAGGTTGAACAACGAGAAGAACGAGAGATTAACCCTGCTCCAGTCCAGCGCATGAGCGTACAGGAAATCACCAGCGAGGTTAGCACCAGGACCAGCGCGCAGGAGTCGGCAGCTAACGTTGATGCTGTTGCCGACGATCTTCGCGAACGCATTGATACAGCAAGTTCCGTTGATCAGGCAAAAGCAATCCGTGCGGATATCGAATCACAGAAAGCGTTGCTGGGTACTGCGCTGTTCACCGAATTAAAAAACAAAGCAGTGAAGCGCTATTACCAAGTCGATGCACAGAACAAAGTCGAGGCAGTGATCAACTCAATTCCAAACCCTGGCGAACCGGAAGCCGCAGAGATGTTTGCTAAAGCTGAAAGTATGCTTGGCGCTGCTAAACGTCATCTTGGCGACGAGCTGCACGATAAGTACCGCATCACCCTGGACGATATGAAACCGGAATACATCGGCTAATTGCATCGGGAGGGGTTACGCCCTCCCGCCTGAGGAGGCTTTATGCGCCTTATAAATCGCAGTAAGCAATCGCCATTGGGCCGTCGCGCATGTGATGTTGCACTGGCTGCGCATCATGAGAAGTTCGGCGATTACGGCAGACAAAAGCACGTTACCAATTACACCGTTGTAGTGGATGGCGTAAAGGTTCCTGTCGAAGTAGTTAACCGGGCCACCAGCTACGTAGCCACCGCAATGATCGGCGTCCGGAAACTTAGAAATCTGCCAGCACAGGCAAACTGAATATTAGCGATGGCCCGCTGCGGGGCCACTGGAGAAAACGATGAGCAACATTATCCAACTG
NZ_CP039489.1_gap77	2906504	2908773	2269	CGTACAACTCCTGCTGAGTAAAGATCCCTTCGTTGGCCAGACGTTCCGGGCTAAGATAGAGGTAGCAGAGAATTTTACCGACCATCATATCCAGTTCGGATAACACCGAGCGCGGGATAAGCGTGGTAGAACGCGGACGCAGGTAGAAGAACCCCTCCGGCGCGCGAATCAGCTCCACGTTATAACGCGCGTAAAACTCTTCCAGGTATTCCTGAAAATCCATCAGAAAGGCATGATTATCCAGTTCGTCCAGCCCGATGTGGCGGCCCGAACGTAATGCGCTATCCAGCGCCGGAAATAACGGATTCGCCAGCGCCTGCGCCAGCTTAACCGGCATCACTTGTTCAATATTTGTCAATGACATGCGCCTGTACCTTGGCTCCGTAATCATTAATCGGCTGCCATTTGGCTGGCAGTCCGGTGAAATCTGCTTGCGCTACGCCAAGACGTACCGCTTGATCGATAACAATACGCGCCACGTCGAAATGACGCGCGCGCGGGTATTGCGCCAGATACTCGCGCACCACCAGCCCAAGATCCAGTGGCGTTTGTCTGGTTTTGTAGATAGCCAGCTGTTCTTCAATGATGGCCGCTAACTGCTCGCGGATCTCGTTAAACTCTTCATATTCCAGATCCGGCGGCAACTCCCCGGTGACTTCATCGTCACGCAACGCCATCTCTTCATCGCGCATATCCAGCAGACGATCGGCATTCGCATAGGTTAGCGCCCATGGATCGTCAAAATAAGTCTGCACTGACTGGCGCAACCGCTGGGCGAAGACACGGTTTTTATCCATATCGATCGCGGTACGGATAAATTTATGCACGTGACGATCGTAGCCGATCCATAAATCAATAGACTGCTGACCCCAACTGATAATGCGGTCGAGTTTACTTTGTAAGTCAAATACCAGCCTGTCGACAAAATGCAGATCGTCGTGCGTCATCGTGGCATCCTGAATGCGCAGCAGGTTAGCCTGCAGCTTATCACCCGCCGCCTCCAGCGTATCCTGCAACTCGCGCAGCGTACCGGACGTTTCAGAAAGCAGCAGTTCACAGCTGGAAATCGCCGCCCGCCAGTCTTTATTCAGCAGTTGTGCGATATCGTCTTTCACCTGCTGCTGCTGTTCATCCATGATGCGCTGGGTGAGATCGATACTGTCGAAAATCTCCGCCACCGAATATTTCAATGGCGCGTAAACGTTGCGATGCCAGTGGAACTCATCGCCACCCTCCGCTGCCGCATCCGCCGCGCGCTTCAATTCGCCGGCCACAATCGACAACTGCATAGAAAGACGCAGCGTAGAGAATTCGCGTTGACGAATGTAGTAATCGGTGATGCCAATCCCGAGCGGGGTTAATCGGTAAATCGCATTGCCTTCAGCCTGCTCGCTGGTAAAGCGGTTCAGCAGACGTTGACGCACCATATCGTTAATCGCGTTGTTCGCGCGCACGCCGATGGTTTCGCTGGTTTGCTCAAACGCATCACTCACATGGCGGAATGCATCCACCAGCTCGCCTTCACTCATCTCGCCGTCAAGGCGTTCGCCGTTCAACGTGGCGACCGCCAGCAGAAAGGAAAGTCTGTCTACCGGCAGCGAGATGGAAAAGTCGTTTTTTCTGGCCCAGGCAACCAGTTCGGGGACTGTCTGGGAAAATTCACTCATAGGTTATCCTTGCATCTGCGGCTAGCGCCGGGCTTTTAATCGCGGTGACATGAATGTAGCGCCCAAGGCTAATATACGGCTCCTGGCGGCAATAACGCGTTTCCAGTTCGACAAGGGTCTCATAACAGTCACGCTGCTGGTGTTTTTCACGCAGATAATCATGAAACACACGCACGCCGGTTTTACCGGTAATCTGCCAGCCAATCGCCTCCAGCCACTGGTACACCTGCGCGGGGTCGCGCGGGTAGTCAGGCGACAGCGTGCGCTTCTTGCGTTTAGGCATCCCCGCCTGCACGTAGTCAAAATTACCCGCCACCATATTGTGCATCAGCAAACCGTTAGCGTTATAGAACATCAACGACAGCACGCCGCCAGGGCGCAATACTGACCAGAGCGTTTCTAATACGCCGACAGGATCGGCTACCCACTCCAGCACAGCATGAAACAATATCAGATCAACCGGGCTTTCCAAATGCGAAGCGACGTCCTGAGCCGGGCATTGTATAAAATGCATGTCTTTGCTCACACCTTTTGCCTCGGCCGCCTGCCGCGCGCGGGCGATCATTTCGCCAGACAGATCGCATAACGTCACCTGATGGCCG
NZ_CP039489.1_gap78	2924240	2925472	1232	CATGCGCCTTGCCTAACAGATCCTCCCGGACGATAACCAGCGTCAGTCCTGCCGGACCGATATTCTTCTGCGCGCCAGCATAAATTACGCCATAGCGAGAGACGTCCAGCGGCGCAGACAGGATGGTAGAAGAAAAGTCCGCCGTGACGACCACCTCCGGGCCAAAATCCGGCGTTTCATCGATGGCGATGCCGTCAATGGTCTCATTCGGGCAATAGTGCAAATAAGCGGCATTATCGGAAAGCTGCCACTCGCGCATCGGTTTTACGGCACGTTTGCCGTCCACGGTGATTTTGGCGTCGATAATCTGCGGCGCACAGTATTTTTTGGCTTCTTTGATGGCGCTCGCCGCCCAGTAACCGGCATCGACATAATCCGCCGTGGTTTTATCGCCCAGCAGATTGAGCGGCACGCCAGCAAACTGCCCGCGACCGCCGCCGTGACAAAATAAAACTTTATAGTTGGAGGGGATATTAAGGAGATCGCGAAAATCCTGCTCCGCCTCTTCAGCGACCTGGATAAACTCTTTGCCTCGATGGCTAATTTCCATTACCGACGTACCAAGACCGTGCCAGTCACACAGTTCCTGTTGCGCCAGTTTAAGTACTTCCGCCGGTAGCATCGCCGGACCTGAACTAAAATTAAAGACCTGAGCCATTTCCCCTCACCACGCTGCATTGTTTCCTGCCTGACAGACATCAGGCAAACGTTATTCATGTGAATATCGGTTTTATCATTCAGTGACACGCGCCGCAATGGGTAAAACAATGCGAGGAGAAAATGCGGCATGCGTCACACAACAGAATCTTCCGGATTAACCGTATAAATCCGATATTTTCGCTGTTAAACAACGCGTTTAGCCCGGCTTGCCTTCGTCCATTCTGGATTTGCGCAGCGCGGACATAATTGCTTTTCCCCGGCGTTCATGCGTATCACTTCACTGCAACGTACGCAGGCATAGTCGCCAGCCTCCGGCGCCACGATAAAGCGTGGCGTACAGTGCTCAGGAAGAATGCTTAACCCCGGCTTAACGTCTTTATTTTCAAAGAAATAGACGCTGATTTGTCCGTTTGTCTCCAGGATGGCCAGTCTGACCTGCCCCAGTTGCTCAACGCCATTCAAGCGAAGCTCCATAAAAAACTCAAACTCCGTCATGTTCGAGCGCTGCAGTTTTTCCCACGCCAGTTCGCCGTCTTCAACAATGACCACCGACTTGCCTTCCAGCAGATCTT
NZ_CP039489.1_gap79	3020005	3020982	977	TGAAGCGGCTGATCAAGCCCCAGCTGCTGACGAACCAGCGCGATCACCTGCGCGTCGGCTTCCGGTCCGGCTATCAGCCGCGCCGGGTCGCCGGGCAACAAATGAACAAATAAAAACACCAGCACTGCCACAATCAACAGCGTAGGAATTAATCCCAGCAGGCGCTTGAGAACATAGTTAAGCATCACACGAACCTTTTACCGGATGGCGGACAACGCGCGCGCCATCCAGCCCCATCGCATTACTTACTTCAAATCCGCATCGTCAAAGCTGAAACCGGTATCCGGCATAATCCAGAAACCGGTCAAATTTTTACTGTGCGCAGAAACCAATTTCTCCACCACCAACGGTATCCAGGGCGACTCTTTCCAGATAATATCCTGCGCCTCTTTGTACAATCGTGTTTTCTCCTGCGGATCGTTGGTCTTTAAGGCCGCCGCCAAATCGCTGTCGACCTGCTTGTTGCTGTAAAAAGCGGTATTAAACTGCGTCGGCGGCCAGTTTTGTGATGCGAAGAGCGGCGATAACGCCCAGTCAGCTTCGCCCGTCGACGCCGACCAGCCTGTATAGAACATTCGCACGCCGCTCTCTTTTTGCCCTTTGCCCTCGACTTCCGCGGCGCGCTGGCCGGCGTCCATCGCGGTTATCCGGGCTTTAACGCCAATCTGCGCCAGTTGCTGTTGGGTAAACTGCAACACTTTTTGCGCGGTGCTATGGTTATGCGATGACCACAGCGTGGTACTAAAACCGTCTGGATACCCCGCCTCTTTCAACAGTTCGCGCGCTTTAGCCGGATCATAGGGCCACGGCTGATAGCTTTGCGCATAGGCTATCGACGGCGGCACCACGCCCGTCGCCGGCGTGGCGTATCCGGCAAACGCCACTTTAACCAGCGCCTGACGATTGATAGCGTAATTCAACGCCTCACGCACCTTAGGATTATCAAACGGCTTCTGCGTCACATTCATACTGATATA
NZ_CP039489.1_gap80	3130132	3132893	2761	CCGCAAAGAAACTATCTCATTGCACACGCGCCATCATCCCACCGGGATTACCCTGTCCCAACTTCCCTTTCCCGACGACTAATGGCCAGGATCATCTTGCCAGGTTATCGTCTTAATTATCGCTAATAAGCTTTCCAGATAGCCAGAAACAAACATTTTATTCGCTAATTTTTCTTTATTTCAATAACACCGTATTTGCCTCTCTATAATTATTATAGTGAAGATTCTGTTATCACCTTCACAGATTTACCCTCAATTTCTACGTCACTCATAGTGATAATTCTGTTTATTCGCAGCCATAAATACCCTTTAAACATGATTAATCACGAACGAATAGTGCCAATAAGTTCTTAATAATTTTTAAAGTTAACCTCTTTTAACCAGCAAAAGTTCATATGATTTATTAAACGATATCTTTAATACTTCATGGAAATAATGTCGGTACTCTTATGATTAAAATAGCTGTTTTATTCTGCCATAAAACAAGCAGTCTGTGTAAGCGCGATACATCTGAGGAGACATGTAGTTCGCGCTCAGGCAAACATGCGCGGCCACAGAGTCAAGCGTCAATTTACTATAGAGGTTAGCGTCAACATAGTGTAATGCTGCAATGCGTTTTTTTCATGGCGGAAAGCGCATAATCCGTCTCCAATGAGGTCGGCAGGTCTTTCACTAAGACAGCATCTGTATTTGCTGCAAAAGAGTTAACCGGCAAACTGAGTAAATTTACTGCCGCTGCCAGACGGTTATTATCAATTATTTTCAGACTCCACCATGTTTTTTTAATGAGTCATCATTTTCCTATAGCTCAATATTTACAAAGCCAATAATTTTATATCCCGGATGCTTCACCCGTACTTTGCCACAAACAATAAAACCATAAAAAAGGCCACCGTAAAGGTGGCCAACCATGTCGAAAACGGACATTTATCTGTTCCCGCGGGAACAGCGAGTTTTATTTTATAATTGCTTTCAGCGCTTCGCCGATATCGGCCAGGCTGCGAACCGTCTTCACGCCCGCGGCTTCCAGCGCGGCGAATTTTTCATCCGCAGTGCCTTTACCACCGGCAATGATAGCGCCAGCGTGGCCCATACGCTTGCCTTTCGGCGCGGTAACACCCGCGATATAGCCAACAACCGGCTTGGTCACGTGGTCTTTAATGTAAGCCGCCGCTTCTTCTTCCGCGCTACCGCCGATCTCACCGATCATCACGATCGCTTCAGTCTGCGGATCTTCCTGGAACAGTTTCAGGATGTCGATGAAGTTAGAGCCCGGAATCGGGTCACCGCCGATACCCACGCAGGTGGACTGGCCGAAACCGTAGTCGGTGGTCTGCTTAACCGCTTCATAGGTCAGCGTGCCGGAACGGGAAACGATACCCACTTTACCCGGCTTATGAATGTGACCCGGCATGATGCCGATTTTGCATTCGCCCGGGGTGATCACACCTGGGCAGTTCGGGCCGATCATGCGTACGCCTGCTTCGTCCAGCTTCACTTTCACGGTCAGCATATCCAGCGTCGGAATACCTTCGGTGATGGTGATAATCAGTTTGATGCCTGCGTCGATCGCTTCCAGAATGGAGTCTTTGCAGAACGGCGCCGGGACGTAGATAACGGATGCGGTCGCACCGGTAGCTTCTACCGCTTCGCGCACGGTGTTGAACACCGGCAGACCCAGATGCGTGGTGCCGCCTTTGCCCGGCGTTACGCCGCCGACCATTTGCGTACCGTAAGCAATCGCCTGTTCGGAGTGGAAAGTCCCCTGGCTACCGGTGAAGCCCTGGCAGATAACCTTGGTATCTTTATTAATTAAAACGGACATTATTTCCCCTCCACTGCGGCAACAACCTGCTGAGCTGCATCCGTCAGACTTTTCGCTGCAATAATATTCAGGCCACTGTCAGCCAGTTTCTTCGCGCCGAGTTCGGCGTTGTTGCCTTCCAGACGCACCACCACCGGAACGTTCACGCCCACTTCTTCCACCGCGCCGATGATACCGTCGGCAATCAGGTCACAACGGACGATACCGCCGAAGATGTTAACCAGAACCGCTTTCACGTTGTCATCCGAGAGGATGATTTTAAACGCTTCGGTGACGCGCTCTTTGGTTGCGCCGCCGCCCACGTCAAGGAAGTTAGCCGGTTCGCCGCCATGCAGCTTAACGATGTCCATGGTGCCCATCGCCAGGCCCGCGCCGTTCACCATGCAACCGATGTTGCCGTCCAGCGCGACGTAGTTCAGTTCCCACTGTGCCGCCTGCGCTTCACGCGGGTCTTCCTGAGACTGGTCGCGCATTTCGCGCAGATCCGGCTGGCGGAACAGCGCGTTGCCGTCAGCGCCCAGCTTGCCGTCGAGGCAAATCAGATCGCCCTGCTTAGTAATCACCAGCGGGTTGATTTCGATCAGCGCCAGGTCGCGCTCAAGGAAAATGGTTGCCAGGCCCATAAAGATTTTGGTGAACTGCTGCACCAGTTTACCTTCCAGACCCAATTTGAACGCCAGTTCCCGTCCCTGATACGGCATCGGGCCGGTCAGCGGATCGAGCGCGACTTTATGGATCAGATGCGGGGTTTCCTCCGCGACTTTTTCGATCTCTACGCCGCCTTCGGTAGACGCCATAAAGACCACGCGACGAGAACTACGGTCAACTACCGCGCCGAGGTACAGTTCTTTGCCGATGTCGGTCGCCGCTTCAACCAGAATCTGGTTTACCGGTTGGCCATTAGCGTCTGTTTGATAGGTCACCAGACGTTTGCCC
NZ_CP039489.1_gap81	3157048	3158452	1404	GGGAATCGACGTTTTCACCACCGTGAACGTGCAACATCTGGAAAGTCTGAATGATGTGGTGAGCGGCGTCACGGGAATTCAGGTGCGCGAAACCGTCCCCGATCCCTTTTTTGATGCCGCTGATGAAGTCGTACTGGTCGATCTGCCGCCCGACGATCTGCGCCAACGGCTCAACGAAGGTAAAGTGTATATCGCCGGTCAGGCGGAACGCGCTATTGAACATTTTTTCCGCAAGGGCAATCTGATCGCCCTCCGCGAGCTGGCGCTACGCCGGACAGCCGATCGCGTGGACGATCAGATGCGCGCCTGGCGCGCGCATCCGGGCGAAGAAAAAGTATGGCATACCCGCGATGCTATTTTACTGTGTATCGGGCATAACACCGGCAGCGAAAAACTGGTGCGTACCGCGGCGCGTCTGGCCTCCCGGCTCGGCAGCGTCTGGCACGCCGTCTATGTCGAAACGCCAACGTTACACCGCTTACCGGAAAAGCAACGACGGGCTATTTTAAGCGCGCTGCGCCTGGCGCAGGAGCTTGGCGCGGAAACCGCCACCCTGTCCGATCCCGCCGAAGAGAAAGCGGTCGTGCGCTATGCCCGCGAGCATAATCTGGGGAAAATCGTCATGGGCCGCCCGGCGTCGCGACGCTGGTGGCGACGTGACGCTTTCGCCGACCGTCTTGCCAGGCGCGCGCCGGATCTCGATCAGGTGATCGTCGCGCTGGAAGAGCCGCCAGCCCGCGCATTGGCGCAAACGCCTGATAACCGACCTTTTAAAGAGAAATGGCGTGGGCAGATTCAGGGCTGTCTGGTCGCCGTGGCGCTTTGCGCCATCACCACGCTTATCGCTATGCAGTGGCTTGTCACCTTCGACGCCGCCAATCTGGTGATGCTCTATTTGCTGGGCGTAGTGGTGATTGCGCTGCTTTACGGACGCTGGCCGTCGGTGGTGGCGACGGTGATTAACGTGGCGAGTTTCGATCTCTTTTTTATCGCGCCACGCGGTACGCTCGCCGTTTCGGACGTGCAGTATTTGCTGACCTTTGCCGTGATGCTGACGGTTGGTCTGGTGATTGGCAATCTTACTGCCGGGGTGCGCTATCAGGCGCGCGTCGCCCGTTATCGGGAACAGCGTACCCGTCATTTATATGAAATGTCTAAAGCGCTGGCCGTCGGGCGTAGCGAACATGATATCGCCGCGACCAGCGAGCGGTTTATCGCCTCGACGTTTCAGGCGCGCAGCCAAATTTTATTACCTGATGCTAACGGTAAGTTGCTGCCTCTCACCCACCAGCAAGGCATGACGCCGTGGGACGACGCAATTGCGCGCTGGAGTTTTGATAAAGGCCAGCCTGCCGGCGCAGGCACCGATACCCTCCCTGGCGTGCCTTATCAAATCCTGCCGCT
NZ_CP039489.1_gap82	3160404	3162545	2141	ACTTCAGCATACAGGTCTTTCCGACCCTTATGTCATTCAGGTCTATTGCCTAAATAACTCGAATTGTTAAAAGCGACAGTACGGTAATTCCTTTACGTCCAGCCAGCTAACTATGTGGTTTGACAGAAGAAATTCCGACTCAGCGCAATTTTAGTTATCACGGTTTCTGCCTGTATATCGTAGTACTCAACTCCTTAAATCCTGAATTTCCTGCAACCGGACGGGGTGGGATTTATTACATCTAAAATAAAGCTAATTTACTGATTTTTTTATCAGCGGGATAGCTTTGATTTTTTCCGGAAGAATCAGTTTCTCATGCGAGAAATTGAGGGCCTGCTATTACCTGAAATAAAGAGATGAAAAATGTCAGAATTAAAAATTGCCGTTAGCCGTCATTGCCCGGATTGTTTTTCTACACACCGCAATATTGTAAATGTTGATGAGAGTCGTTTCATCGACGTGGCTGCCATCGTGTTATCCATTGACGACATTGAACACGGAAAACTCGATGAAATCGACGCAACGGGTTACGGTATTCCCGTGTTTGTCGCGACACATGACGAAGGGCGCGTACCGCCTGAGTATTTGCCGCGTATCTCTGGTGTATTCGAATATAATGAATCCCGTACTGCCTTCTATGGTCGCCAGTTGGAAACCGCAGCAAGCCACTACGAAACGCAGTTACGTCCGCCGTTTTTCCGCGCGCTGGTGGATTATGTCAACCAGGGCAACAGCGCATTTGACTGCCCGGGGCATCAGGGCGGCGAATTCTTCCGCCGTCATCCTGCCGGTAATCAGTTCGTGGAATACTTTGGCGAAACGCTCTTCCGCTCCGACCTATGCAACGCGGACGTGGCGATGGGCGATCTGCTGATTCACGAAGGCGCGCCTTGCATTGCGCAGCAACATGCGGCGAAAGTCTTTAACGCCGATAAGACCTACTTTGTGCTGAACGGGACCTCCTCCTCTAACAAAGTCGTCCTCAACGCGCTGTTAACGCCGGGCGATCTGGTACTGTTTGACCGTAACAACCACAAATCTAACCACCACGGCGCATTATTGCAGGCGGGCGCAACGCCAGTTTATCTGGAAACCGCGCGTAACCCGTATGGTTTTATCGGCGGGATCGACGCTCACTGCTTCGAAGAAGATTACCTGCGCGAGCTGATTAGCGAAGTCGCGCCGCAGCGTGCCCGCGAAGCACGTCCATTCCGTCTGGCCGTCATCCAGTTAGGCACCTACGACGGTACCATTTATAACGCCCGTCAGGTCGTCGATAAAATTGGTCATCTGTGCGACTACATCCTGTTTGACTCCGCCTGGGTCGGCTATGAACAATTTATTCCGATGATGGCCGATTGTTCGCCGCTGCTGCTGGAACTGAACGAAAACGATCCGGGTATTCTGGTGACGCAGTCCGTTCATAAACAACAAGCCGGTTTCTCCCAGACCTCGCAGATCCATAAAAAAGATAGCCATATCAAAGGGCAATCGCGCTACGTTCCGCATAAGCGCATGAACAACGCCTTTATGATGCACGCCTCCACCAGCCCGTTCTATCCGCTGTTCGCCGCGCTGGACGTTAACGCCAAAATGCACGAAGGCGTCAGCGGTCGCAATATGTGGATGGATTGCGTGGTTAACGGCATCGATGCCCGTAAATTGATCCTCGAAAACTGTCATCACATCCGTCCGTTCGTACCGGAACTGATTGATGGTAAGCCGTGGCAGTCATACCCGACGTCAGAGATCGCCAGCGATCTGCGCTTCTTCCACTTCGTTCCGGGAGAACACTGGCATGCGTTTGAAGGCTATGCCGAACATCAGTACTTTGTCGACCCTTGCAAACTGCTGCTCACCACACCGGGCATTAATGCAGCGAGCGGCGAATATGAAGACTTTGGCGTTCCTGCCACGATCCTCGCCAACTTCCTGCGCGAGAACGGCGTTGTGCCGGAAAAATGCGACCTCAACTCCATTCTGTTCCTGCTGACGCCGGCAGAAGACATGGCGAAGTTACAACAGCTTGTCGCCCTGCTGGCTCGTTTCGAAAAACTGCTGGAAGCTGATGCGCCGTTAGCGGAAGTATTACCGTCCATCTACAAACAGCATGAAGCGCGTTATGCCGGCTATACCCTGCG
NZ_CP039489.1_gap83	3163873	3168482	4609	TGACGAAGGCTATTTCCCGAAAGTCTTCTCTCGTGTAACGAAAGTCGACGCGCCGGTTCAGGGGATGTTGATTATTGTGATTATTCAGACTGGCCTGTCGCTGATGACCATTAGCCCGTCGCTGAATAGTCAGTTTAACGTCCTGGTTAACCTGGCGGTGGTGACGAACATTATTCCGTATATTCTGTCGATGGCCGCGCTGGTTATCATTCAGAAAATGGCGAATGTGCCGTCATCAAAAGCGAAAGTCGCTAACTTCGTGGCCTTCGTTGGCGCCATGTATAGCTTCTACGCGCTCTATTCCTCCGGTGAAGAAGCCATGCTGTACGGCTCAATTGTGACCTTCCTCGGCTGGACGTTATACGGCCTGGTCTCACCGCGTTTTGAATTGAAAAATAAACACGGCTGATGGCGCGCCCGGGCTGCGGTAACGGTAGTCCGGGCATTTTCACTCTTTGAATAAGATAATAGAAATGAGTAATCCAGAACGGGAAGTCACTGATATAGCAGAAATACTGGCTATTCTCAGTAAACACGAAGTGTGTCGGATAGGGTTTAATGACAATCTCTGTCCGTATGTTGTCCCCGTAAATTTTGGCTACGAGTATCAGAACGGACGCTGGATATTTTATTTTCACGGCGCACGCACCGGGAAAAAGATGCGTCTGTTACGTAAGAACCCGGCAGTATGCATTGAAATGGACGGCGACCATGCATTACTACGTGCCGATGACCCCTGTGATTATAGCTACGCCTACACCAGCGTTTTCGCCACCGGACTGGCATCGATATTGCAAACACGCGATGAGATGCGCTACGGCCTGGACGTCATTATGCGTCAGACCGATCCGGGAAAAACCTTCAGTTATCGGGAAGATATGATGAAAGCGGTTTGCGTGGTGCGTATCGAATGCGACGCCCTCACCTGCCGCCGACATCTGGCGACTCAGAGCGAATAAGTCAGATATCACAAGCGCCTTATCCAGCTGGAGGCGATTTACAGGCCTGATAAGCGCAGCGCCGTTAATACAAAAAAGGAGCCGTAAGGCTCCTTTTTCTTCCATATCGCCCATCAGGCGTTTTTCAATACTTCGCTAACGATTTCAACGGCTTCTTTCTCAATCTGCTTGCGATGTTCTTCCCCCAGGAAGCTTTCGCAATAGATCTTGTAAGCGTCTTCCGTACCGGATGGACGCGCGGCGAACCAGCCGTTGTCGGTCATTACCTTCAGGCCGCCAATCGATGCGCCATTACCCGGCGCTGCGGTAAGACGCGCGGTGATCGGGTCGCCTGCCAGAGTGCTGGCGCTGACCATTTCCGGAGACAGTTTAGACAATGCCGCTTTCTGGGCCGAGGTCGCGCTCGCCTGCAGACGGTTATAGCTCGGCGCGCCAAAACGCGCTGCCAGTTCATTGTAATGCTCTTGCGGGTTTTTCCCGGTAACGGCGGTGATTTCCGCCGCCAGCAGGCACATGATGATACCGTCTTTATCGGTAGACCACGGCGTACCATCGAAACGCAGGAACGAAGCGCCCGCGCTCTCTTCCCCGCCGAAACCAAAGCTGCCGTCGAACAAACCGTCAACAAACCATTTGAAGCCAACCGGCACTTCTACCAGCTTGCGTCCCAAGTCATTCACCACGCGGTCAATCATCGCGGAAGAGACCAGCGTTTTACCGACAGCCACGTCTTTACCCCACAGCGGACGATGCTGGAACAGATAGTTAATGGCGACCGCCAGATAATGGTTCGGGTTCATCAGCCCTGCAGGCGTCACGATGCCATGACGGTCGTAGTCCGGGTCGTTGGCGAAGGCCAGGTCAAACTTGTCACGCAGCGCCAGCAAACCCGCCATCGCACATTCGGAGGAGCAATCCATACGGATCGCGCCGTCTTTATCAAGGTGCATAAAGCGGAAGGTTTGATCAACCTGATCGTTAACTAACGTCAGGTTAAGTTTGTAATGCTCAGCGATACGTTTCCAGTATTCAATACCGGAGCCGCCCAGCGGATCGACACCCAGCGTCAGACCGGCTTTCTGAATCGCCGCCATATCAACGATATCCGCCAGCCCTTCGACAAACGGCTGTACCAGATCTACCGCTTTAACGTGGCCCGAGGCCATTGCCGCATCCAGAGAAATGCGCTTAACGCCTTGCAGGCCGCCCGCCAGCAGCGCATTGGCACGATCTTCTACCACTTTAGTGACGTTGGTATCCGCCGGGCCGCCATTGGGCGGATTATATTTAATACCGCCATCTTCCGGCGGGTTGTGCGACGGCGTAATGACAATACCATCAGCCAGCGGGCCGCCTTTTTTGTTATGGACCAGGATAGCATTTGACACGGCAGGCGTTGGCGTAAAGCCATTATTTTCCTGCACGATAACGTCTACGCCGTTTGCCGCCAGCACTTCCAGCACGGAAATGAAGGCCGGTTCCGAGAGCGCATGGGTGTCTTTCCCCACATAGCAGGGGCCGGTAATGCCATTTTTCGCCCGCTCTTCAGCAATCGCCTGGGCGATCGCCAGAATATGCGGTTCGTTGAAACTGTGACGACCTGCGCTACCGCGATGGCCGGAAGTGCCAAATTTCACGGCATGTTCTGCATTCCCTGCCTCCGGTTTCAGTACATAATACTGCGCCGTCAGTTGGGCGACGTTAATCAAATCACTCTGTTGCGCGGGTTGTCCTGCGCGGTTGTGGATTGCCATTGCCTGGTCCTTCTAATGCAAGGATTAAATTGTTCCGCAAACCTTTTCAATCAATTCCGCCGGGAATTGCATTGACTGCATGATGTGTTCGATCATGCTGCATTTACGGCCGGTGTTGGTGTTGGTGATCACCCAGTACGGCGTGCCGGGAACGTGCTTAGGTTTAGTTTGATTCCCATTTTTCAGCAGCGTTTGTTCATCCGCCGCAAAATAGACGCGCGTGCGGCCATGCAACGACTCCGTCGCCTCCGCAAACGCGTGGTGATCCAGTGAATAGAGTGTAGTCAGAATCAGCATAAAGCGGTTGACCGCTTTTTTCTGCTCGGCATATTCGTCAGACAACAACAGCTCACGCATCGCGCGAACTTTGTCTTTTACCGGGTTAACCGGTTTCGCTTCGGCAACGGGTTGCGCCGCAGGCGTCCCCTTCACCGCTGAAGCCGTTGGCTGTGTCGTGGCGGAAAACTTCAACATACGCCGTAAAATGTCGGATGCGCTCTCGCCGATATGCTTGGTGTGGCTGGCAATATAGCTATAGAGTTCATCATCAACTTCAATCGTTTTCATCTTAATCCAGTGCGATGTCTTTGCTGAATACAAGTCATTGGGATTATAGGAACAAATCCCAACAGCGGATAGCGTTAAGCCCGGCTGACAAAAAAACTCGGAGTAAACCTTAGAGGTTGCAGCCCAGTGGCAGAATGGTCAACATAATACCCTAACCCGACAGAGCGAAAAAAAGAACTTTGCCATGAAATTAAACATCCGAGCGCAATCTGCACAAAACCTGCACAATAATTCCCCCATCGTTCTCGTTCATGGTCTGTTTGGCAGCCTGGACAACCTCGGCGTACTGGCGCGCGATCTGGTGACCGATCACGACATTATTCAGGTCGATATGCGCAATCATGGTTTATCGCCGCGCGATCCGGTCATGGATTATCCGGCAATGGCCCAGGATCTTCTGGATACGCTTGACGCGCAGCAGATTGAAAAAGCGACGTTTATTGGTCATTCCATGGGCGGAAAAGCGGTAATGGCGCTGACGGCGCTGGCGCCCGATCGCATCGATCGTCTGGTCGCGATTGATATCGCCCCCGTGGATTATCACGTTCGCCGCCACGATCGTATTTTCGCGGCCATTAACGCCGTCAGCGAATCCGACGCGACATCCCGCCAACAGGCGGCAGGGATTATGCGCCAACACCTCAACGAAGAAGGCGTGATCCAGTTTCTGTTAAAATCCTGGGCTGAAGGCGAATGGCGTTTTAATGTTCCGGTATTATGGGAGCAGTATCCGCATATCGTCGGCTGGGAAACCATTCCGCCCTGGGAACATCCGGCGCTGTTTATTCCAGGCGGTAACTCGCCGTACGTGACCGAAGCGTACCGCGACGCGTTGTTGGCGCAATTCCCTTTGGCGCGCGCGCATGTGATCGCCGGCGCGGGCCACTGGGTACATGCCGAAAAACCAGAGGCGGTTCTGCGCGCCATCCGCCGTTATCTGCACGATAAACGCTAACTGATTAAAAACTCATCGCCTGTGCGCGATTACGCGCGCGGGCGTTGGCGTCGCTTCCTCGCTGATGTATGATGGCGCGCTATCCATCCGGGCATAAGCCTGGCTGATTGTTTCCCCCGAAGTCACCAAAATCATGGCCAAAGAACAAACGGACCGTACGACATTAGATCTGTTCGCGCACGAGCGTCGCCCGGGACGACCTAAAACGAATCCGCTTTCGCGCGATGAACAGTTACGCATCAACAAGCGCAACCAGTTAAAACGCGACAAAGTTCGTGGCCTCAAGCGTGTCGAATTAAAACTCAACGCACAAGCGGTTGACGCGCTGAATGAGCTGGCCGAAGCGCGCAACATTAGCCGCAGCGAGCTCATTG
NZ_CP039489.1_gap84	3199781	3203583	3802	CACCCATAAGGCGCAGATTCACGCCGCCGATATCGAGCGTTTCCGCGACATCGGCAATCCAATTTCGACGATCGTGGCTGAACTACTCGACTTCTTCTTTGAATATCACAAAGACGAAAAATGGGGATTTATCGGCGCGCCGCTGCACGACCCGTGCACTATCGCCTGGCTGCTGAAACCCGAGATTTTCACCACCGTTGAGCGTTGGGTTGGCGTGGAAACCCAGGGGAAATACACCCAGGGGATGACGGTGGTGGATTATTATTTCCTGACGGGGAATAAGCCGAATGCGACGGTGATGGTGGATGTAGACCGCCAGGGATTTGTCGATTTGCTGGCGGAACGGCTGCAATACTACGCATAAAGCGCAAAGTAGAATCCAGGGATGAACAGCGATGTTTTGGCGTAACAATAGACCTGAAATCAGCCTGCTACAGCACGATGTAGCCCATATAACGTTTTCAGTACGTAACGGAAAAGCATTGCTTCGTCCCTGCGTTATCCACGCTCCCGACTCTTACGCCGGTATTCATACGCTCTCCTGGCATGGCTCGCCGCTGATTCGTTTTTACACTGAAGCCTGGTGCCCAACCTGCGCAGAATTTGTTTATGCCGGTTTTAACAATGATGATGAAGGCGCCGCGCAGTTTTTATCCTCACTTGCCGAGTGGAATCGGCCAGGAGTCGGGTTGAACGAAGCATTTACCTCCCTGACGCCGCTATTTTCACTCTTTGCCGATGGCTATTACCGGCTGGAAGAACGCGAACTTTATCCCACAGATGGCAACGGACATTTTTTCTGGGCGGTGGGTAACGAAAAACAACCGAATCCCGCGACTACAGGGCAGTGGATTGCTGACGTGGACTATCACTACCAGTCCGGCGAACCCTGTTTTTTACTGCCAGGCCAGCCCCCATCGCGATTTAACCCACAACGCGCCGGGTATTACCGCGATAAGCCAGAGAGCCACGCGCTGGCCTGGCATATGAATGACACCTGGCTTTGCGTCCTGCTTGATGGTCACCATAAAGCTACCGCCGCGGCGCTGGAAGGCCGGCCCGTGAAGACCTGGGTCATCAGCCAGCCGGTGGCGATGACATGCTACGAGACGCGGCAGCAATACCTGCGATTTTATGACGGCGCGCGCCTGGAAGAAGCCCAGTTTCAGCGCCGCATCCCCCTGAAAATACAGTACGAAAAACTACCGTCATCCCTTTGGGAGGATTACTTTACTCGCCATGACGGACGTTATACCCGCGTCAACTGGCCGAACGCATTGGCTAACTGCGCAACGCATTATCCCGATCTTGCGGCCTGCGCAGATATTATTGCCGCAGGCGATCTGAGCGAGGCCGGCCTCAACAAAATCATGGCGCAAGGGATCACCGAAGAGGGATTTCCCGCCGTACTGTTACGCGCGCTGTTTTATACCCATTCTCCCTTGTTGATTGATTTTGTCCGTTTTCTGACTCGCGCACCCGGTTATGCTTGCCACTACCCGCTGGCGTTTCGTTTACTGGCCCAAAAACGCACGCCACAGGCCGATGCTTTTTTCCTCGATTTCGCCATCAATGATGACGGCGAGCGCCCGGAGTTAACGAATATTATGGATGAATACTTTCGCCAGGCGTGACATTGATAAAGATCACCACGCCAGAGGGTGGTGTTCTTTATTCTATAAACTCTCTTTCCCGATAAATTAAACGCAATGGATAATGCAACGTTAGCGATTGGTATCGATCTCGGTACCACCAATAGTTTAATCGCCGTCTGGCAAGACGGAGCCGCACAATTAATACCTAATAAATTTGGTGAATATTTAACACCATCCATAATTAGTATGGATGAAAATAAGCAAATCCTGGTGGGAAAACCTGCCGCAGCTCGTAAAACATCTCATCCAGATAAAACCGCTGCCTTATTTAAACGTGCAATGGGCAGTAATACTCACTGGCATTTGGGTGAAGAGTCGTTTAATGCGCCGGAATTATCTTCGCTGGTTTTACGCTCGCTGAAAGAAGATGCAGAAGACTACCTTCAGCAGCCAATCAAGGACGTCGTGATCTCGGTTCCGGCTTATTTCAGCGATGAGCAGCGTAAGCATACACGCCTTGCCGCTGAGCTTGCGGGGTTAAACGCCGTGCGCTTGATCAATGAACCCACGGCGGCGGCAATGGCTTATGGCCTGCATACGCAGCAAAACAGCCGTTCGCTGGTTTTCGATCTGGGGGGCGGAACCTTTGATGTGACCGTTCTGGAATACGCTACGCCGATTATCGAAGTTCACGCCTCCGCTGGCGATAACTACCTCGGCGGCGAAGATTTCACGCATTTGTTGCTTGATGAAGTGCTGAAACGCTGGAATCTCGATAAATCAGCGCTGACGGATAGCGATCTGGCTGCGCTGTATGCCTGTGTTGAAGCCGCAAAATGCGCCAGCGACTCCCCGCTGCGCATGAGCTGGCTTTATCAGGAGCGCGCGCTGGAAAGCACGTTTTATGACGATGAGCTGGAAGCCCTGTGGCTACCGTTGCTCAACCGGCTGCGCACGCCCATTGAGCAGGCGCTGCGCGACTCCCGACTCAAACCGGAGCAAATTGACAGCCTGGTGCTGGTCGGCGGCGCGTCACAGATGCCGCTGGTGCAACGCATCGCGGTGCGCTTATTCGGTAAATTGCCCTATCAAAGTTACGATCCCAGCACCATCGTGGCGCTTGGCGCCGCAACTCAGGCCGCCTGTCGCCTGCGCCATGAAGACGTTGAAGAAGTGATCCTCACGGATATCTGCCCCTACTCGCTGGGCGTAGAGGTCAACCGACAGGGCGTGCCTGGCATCTTCTCGCCCATCATTGAACGCAATACCACCGTTCCGGTGTCAAAAGTGGAAACGTACTCCACCATGCACCCTGAGCAGGACTCTATTTGCGTCAGGGTATACCAGGGCGAAAGCCATAAGGTGAAAAATAATATCCTGATCGATTCTTTTGACGTCATGCTGAAGCCGAACGGGCACATTCAGGCCATTGATATTCGTTTTAGCTACGATATTAATGGCCTGCTGGAAGTTGACGTGCTGCTGGAAGACGGCAAGAGTGAATCCAGAATCATCAGTCACAATGCCACCTCACTGACGACGCAGCAAATCGACGCCAGCCGCGAGCGCCTGCAGGCGCTGAAAATTTATCCCCGCGATATGCTGATTAACCGGACGTTTAAAGCACAGTTAGAGGAGCAGTGGTCACGCGCGTTAGGCGATGAGCGCGAAATGCTGGGGGAGATTATTACCGATTTCGACGCGGCCCTGCTGTCTAATGATATGCAGCGTGTCGATGACGTACGCCGTCGCGCCTGTGAATATCTGGGTATTGACGAGCCGAAAGCGCCGTAACGGCGCTTTCACTGCCCCAGTTCAGAAAAAATGGAAGAATCGATTTAACGCGCAGACAATCAACGCGATCAAACCGACAATCTTCATGATTTTCATCACCCCGCCAGATTCCGCCTGACGGGGTGCTTCGGTTTTCGCTTCAGAAGACAATTTTTTCTCAGCCGCCAGCCTGAGCTCTTCCGCCAGCTCCTTTTTGTCGCGAATATCGCCTGGCTTCATGGCAATTTTAGATGACAATGCCTGCGTTATCAGCGCCTCCAGCGGACAGGCTTGCCCCTCCTCCAGCCGGATCAGCAGGCGAAAAAAGGGCTTTTCTTTGGGAAACGCTTCCAGCACCACCTGCTCCGCCGTCCGGTACAGATCCAACAGCGGCGTTTCGGGTTCCCCCTGGGTACTCAGCCGTGAATTTGCCC
NZ_CP039489.1_gap85	3323287	3325014	1727	GTTCCCGGTATTGCTGTCCCCCATGACCAGTTCGCTTTTTAGCGGAATGATGGCGCGCTGTACCCAGGTGCCAATGTTGTTCCAGCGTTGCGAATGATAGCCATCCCCTTTCGAATAGTTCCAGGCTCCGTTATTACGCAGCCGCCAGGGGCCATAGTTCAACCCGCTCAGCAGACTCAAAAAATAGCTATCGCTGTCTGTTCCGCGGCTACCGGTAAAACTGTAATTAATGAGTGCGGCGGGTATCCCTTCATCCCACTCTTCCGGCGGGATATAGCCACGCGCGCTGTTGAGCAATGACGCCTGCGGCAAGCTAATATTTAAGCGCATCGACGCGAAATCGAACGCGACCTCCGCGCCCGGGATTTTCTCAGGAAGGTGAATACACGTGGTATCGACGCCTTTATCTGAGACAGGGAACGTCGCGGTATTCACGCCCAGCCGTTTAATCCACTCCGGTGTAAAACAAGGCATCAGGCCGCCGGATTTATCGCCGGCGCCCACGGCGCCCGCCTCAAAACGAATATCCTGCGTCGCTACGAATTCGTCGTTACGCCAGATATCCACCCGGTAAATACCGGGAGGCTGATGATTACCTTTTTCAAAGCGAGATAAATCCGCCACGGACGCGGTATCCGCCGACAAAAACGCAGGGTTGAAATAACTTTCGCCGCGGCTCGTCAGCGGACACAGAGCTGCCAACACCGACAGCGCCACGCCGCTTAACGGTGATACATAGCCGGGAAATCGCCCTGCAAACCAGGTTGTCTTCTTCATCGTGTTCTCGTGTGGCTTCACGCTCTCTGCTTAACCGAGACTGGCCGTTGTCGCCGACGTCAATGCGCCGTAATCATTGACGGTCTGAAATGTCACGCTGCCCTGCGCGCCAGTCGGTAAGGGAATTTGCATGTCGCTTTTTGGCGCGATCATCACGTTATCAATCTTTTTCGCGCCCACGCTGATATTGACCAGCGTGAGGTAATAAGCAGATGGGTTGGTTATCTTGAGATGGTTGCCGACACGGGAAAATTTCAGCAAGGTCGGCGCGTCTTCCGGCGTCTGCGGCAAATTCGCCGGACGCACGAACAGTTTGATGCGCGACAGAATCGCCAGTTGCAGAACGTTTTTTCCTTCAATATGACTTTTATCGACCGACGGGATGGCTTTCACGTTCATCCAGAATAACGACTCCCGATCCCCGGGTAGCGGTTGCCCGGCGTAGATAATACGCAGCGTGTTTTCACTTTTGGGCTCGCTGACGAATAAAGGCGGCGTAACGATAAACGTTTTTTCTTTCTGCCCGGCGCTATTTTCGATCCATGAATTGACGAGGTAACGTTCTTGAGTATCGCTATTACTGATTGCCAGAGAAGTCTGTTTCGCCGCCGAGGGATAAATAACGCGCGTGGCGCCTAATGCAATCCCCCCCGCCGCCTGTACGTTCAGCGAAGTAAATAACGTGAGAAGAACAATAAAGCCTAATTTTATACTATTCAGCATGGTAAAAAATACCTTTTGCATTGAGTCACGTCGGCAAGAAAATTCATGGGTAAACCAGCGTAAACCACACTTCTGAATGAATTCGTCCCGGCGTCATATTTTCTGAAATTGCCCGATAGCGGGCAGTAAAATGCAAAGTCATTTCTGACGTTAAAATGGGCGTGTAATGAAGCGGTAACGTGTTAGGTATGATTTGCCGCTGCTGGTCATCAAATAATGCCAGGCCG
NZ_CP039489.1_gap86	3335408	3339646	4238	GAGGCTGAGCTGCGGCGACGGTTAACGGCCCAAACAGTCCCGTCTCCTCACTACGCTGCATGTACGTCGCGTTAAGACGCGGCGACGCAAGATAGCGTGGAACCCGCAGCGAACAGCGCCTCTCCGGCTCGCATAAAAGAAACTCGCCAATCTGAATACCGGCAGCGGTTGACTGCGGTTTTTCGCCATCGGTGAGCACATCGCGCAAGGCGTCAAAATCGCCGCCGCGCAGTATCCACCCTCCCGGACTGAAGCCGCTCCCCCGACGGTGAAGCGTTAATAACTCACCGCTTTTCGCCACAAAATTAATAGAGCGACGCCATACCCCTGACATCTGCCAGGGTTGCCGATAATCCGCCGATTGTCGGCTTGCCATAAGAGGATGGATACGTTTCATGAGACGCTCTCTTAACTTACGCCCATGCTTTCCGCCAGCGCTTCCAGCGCCTGCTCGAAACAGGCCAGCGGCGCACGGACGGTTCCCGCGCCAATCTGTCCAATCCCCGCCTCTTTATGCGCAATACCCGTGTTAATCAGCGGCGTAATTCCGGTCTCGACCACGCGGCGGATATCCAGTCCCAGACAGGCCCCCTGAAAATCCCAGCCGGGGATTTGTAGCTGCATGTTGCGTTCGAGATAAATTTCAGCCATCTCTTCAGAAACAGATTTCGCCGCTTCCATTCCCCCGGCACCGACAAAACGCGTTACGCCAGGCGCGGCAATCATCGCTGCGCCGCCAATACCAAACGTTTCAGTAATGGCACTGTCGCCCATGTCCGGGTTGGCCTGATCCTGCGAAAAACCGGTAAAAAATAGCCCCTGTGGCGTATTAACAGGCGCGGTGAACCAACGGTCGCCCAGACCGCTAACCCGAATGCCAAACATATCGCCATTGCGGGTCATCGCCGTCACAATACTGCCGGCGCGAATCTGCGCGCCCGCGTCCATGGCGGCTTTACAGTAGGCCATCGCCAGATTAAGGAAGAATTGATCGGTGACGCTCAGAAAATCCATCACTTCCGCTATCTGCTGCTTATCGTGTTCCAGACGGGCGATATGCGGCGCCAACGTGCGCATCAGCAATGCGGAAGAGGCGATATTGCGCTGGTGGAATTCATCTCCCATCGTAATGCCCTGCGCCATCATTGCGGTCAGGTCGAGCCCCCGCTCCAGACGTCCCAGCGCCGCGCTTAATACCGGCATCAGCACATCACGCATCCATCGCAAACGTTGCTGAACATCCTCGCCATAGGCGCCGAAACGCATCACTTTGCCGATCCCTTCGTTGAGATTGCAGTACGCGCGATTGCCATCGGTGATATTTTCCACGACCAGCATCGGCATACTGGCTGAGGTAATACCGCCCATCGGCCCCACGGCGTTAACGTGATGGCAGGGAATAAAGTTGACCTTTCCCTGCTCTAACAGCGCGAGCGCGCTCATTTCATCTTTGGCCCATCCTTCAAACAAGCATGCGCCGATACAGGCGCCTTTCATCGGGCCGGTCATCTCTTGCCAGCGCATCGGCGGGCCGGCATGAAGAAGCGTTTTCCCCTGATTGAGCACGCTAATTAATGAAGACGCTGGCTTCACATCCAGCCAGTGCGGACGTGCGCGACGAATTTGTTCGATGACTGCAGCGTTGGCTTGCGCCACTGATGTAAACATGGGAACCCCTTATTGCAAACGTTCTAACAGACGAGCCAGTTTTTTATTACCGCCAGCGACAGGCGCCCACTGGTAGTGCACCACGGGCATACCGGCAGCCTGTAAATCCAGCGCGAAGCTACGTAACCCGGCATTAATCACCGCTACCGCTTCCAGTAACCGGGGAGCTGATGGATGAGTGGAAGAGAGGGTTGGTCGAATCAGTTCCGCGGCCAACAGAGTGGCTTCGGGAAGAGAATCCACTACCGTGATGCCGGCATCTTCGAGCGCGGCGATTTGTTGCGAGCGGCACTGAGGATCGCGTTCCGTTCCGGTGACGGTTGCGATGGCGAACAGCGGCTGGTCGCCGGCGCGTGCGGCACATGCCTTCTGCCAGGCCTGAATCAGCGATGCGGCGGGATCGGCGGTCGCGCCAAAACCAATAACGACGTCCACTAATAACACGCGTACCTGCGGCTGTGCGCCAAGCCCGGCGATAAGCTGATTACGTAACGCCGGGTCAATCATCGGATGTGGTCGCCCAACGGTATAAAAGTCATCGCCCAGATCGATAATCTGGTGGCCGTCAGCGTCAAGCATCATGCCATGGTGATGTTCCGTATCCGTCGCGACGCCCAGATAGCCGGCCAGCAGCCCCGCCGCTTCCGCCGCCAGCGTTCCGCCGGTATAGAGACCACGAATCACGCCGCCTGTTGAAACCATTTCTTTACGCTGCGACGTCACGCGAGACAATAAACATGCCAGTCGGGCGGCTTCATCCAGCGTCGAGGCAAACCAGACGTTATCCTCACGCGCAACGGGGGAGGAAAACCCTAAGAACAGCGCTACAACAGGTTTGCCGGTGGCTTTCATCGCCGCGATAATATGCTGGCGAACCGCATCGGCAGGCGGTTTGGAGACAAAGGCCAGCACCTGGCTCTTTTCATCCGCGCTGAGTATGTCCAGTGCCGTTAGCGCGCTGATCCCGCCGACCTCGGCGCTCAAATCGCGTCCGCCAAGCCCGATGGCATGGGTAATCCCTTCCCCCGCCAGCGCAATCTGTGAACAGAGCTCCTGAATACCGGTGCCGGAAGCGCCAATCACCCCGATGTTGCCCTCTGGCATGACGTTAGCGAAAGCCAGCGGCGTATTGGCGATCATAGCGGTGCCGCAATCCGGCCCCATGACCAGCAGTCCTTTATCACGCGCCCGGCGTTTTAGTCTGATTTCATCGTCCAGCGTGACATTATCGGAGAAGATCATCACGTTCAACGAACGATCCAGCGCCTGCTCTGCCAGTTCCGCCGCATATTCGCCGGCCACCGATACCAGCGCCAGATTCGCCTCTGGCAGTTTCTGACAGGCGCTTTCCCAGCGTCTGACCTGGATTAACGACTGGCTGCCGCTGCTTCCCTGCGCCAACTGCTGCAATGCTTCTTCGAGCTGTTGCACAATCACCTGCGTAATGCCGTCATCTACCGCTTCGGTACGAATCGCCACGCAAATGTCATTGGGCGTAGCGCCATGAAAATCGTCATGCCAGAAACCGGTAGTTTCCAGCAGCGACTTATTCGCAGGCGTTCCCATCATTACCGATACATCATCAACATTTTCGGACTCACTCAGCTTTCGAGAAATAATCATTAAGCTGACAGAGTCCTGAAAACACCCTTTTTTAATAAAGGCGTGGATCATAACAACTCCTTAATAATTGCACCCATTGCAATTGCACGAGCAGTGTTAATGTGCGCTTCACGGTATATATCCGGGTGGGTAAATAGAGTGATTAACGTCACATCAAATTTATTAACAAAAGAATTCAAACAACGGCTAAAGGATTAGTTATGATTTTCTAAAAAAGCTTTTTATTTAAGCAAAAAGATAAAACCCGCCTGATTATCAAATAAATTCTAATTATATTTTTTTGCCTGTCTGGATCACATAATCATTTTATTTTCCCGGTATGTTAATCGCAGTCATGCTTCACACCGTCGTTAAAAAGGAAGACAGATGAAAATCAGTCGGGAAACACTCCATCAGCTTATCGAAAATAAGCTTTATAAAGCCGGACTAAAACGTGAGCACGCCGCCATCGTCGCCGACGTACTGGTTTATGCAGATGCCAGAGGTATTCACTCACATGGCGCCGTACGTGTTGAATATTATGCCGAACGAATTTCAAAAGGCGGCACCAACCGGGAGCCTACGTTCCGCATTGAGAATACCGGTCCCTGTACGGCGATACTGCATGCCGATAATGCTGCCGGACAGGTCGCAGCCAAAATGGGAATGGAGCATGCTATTGAAATAGCCAAAAAAAATGGCGTCGCGGTTGTCGGCATTAGCAGAATGGGCCATAGCGGCGCCATCTCTTATTTCGTCCGCCAGGCTGCTCGCGAAGGCCTGATCGGTCTGTCTATCTGTCAGTCCGATCCTATGGTCGTGCCGTTTGGCGGGGCGGATATTTACTATGGCACTAATCCGCTGGCCTTTGCCGCGCCGGGCGAAGGCGATGACATCATTACCTTTGATATGGCCACCACCGTGCAGGCCTGGGGAAAAGTCCTCGATGCACGGTCCCGCAATGAGTC
NZ_CP039489.1_gap87	3358985	3360211	1226	TTCTCCATTTTAAATAGTGTGATGCTGTGCCGGATGCCGTTCATGCGGCATCGTCTGTTTTGGCCCAAACGAAAGGCTATTTCTTAACATGACACAGATCACAGCCTGCTGTCCTTGAAATTATTTCATGATGTTTCCTGGTGTGTCGTTAAATGTACGAGGCAGGCGCTCAGGCGTGTGTCAGGCGGGAATGGCGTAAAGGGAAATGCCGGATAAGAGGTCTTAACGCCAACATCCGGCACAGGAAAACGCTTTAGAAATCGTAACGCAGACGCACCAGGTTCATATCGCCCAGATTGTCAGTGCTGGAGGTGAAAACATGTTCATAATCAACGCGGAAACCATAATCCAGTTGGAAGGTGATCCCCACGCCGTTATCGGTACGCAGATAGTCGCGGCCATTCACATATTCAATGCGGTCGCCCATAAAGTACGGTTGAATAGCTTTCACGGCATACTGACCAATCGGGAAAGCGTAACCGACAAAATATTCCAGACCCCACGCATCGCCGGCAAAGTAATCATTCACAGATACTTTTTTGGTCGTCATAAAGTTCTGATACCAACCGCCGCCTGCGGCGATAGTCCAGTTTTCCGGCGTCCAGCTTAACGCGGTACCGACAATATTTTGATCGTAAGTTTTATTGCCGTTGCCGCGCATCTCCGCACGGGTATAGTTCCATGCCGTCCCCCAGGTCAGATCGTCGGTGAGATGGTAATCCGCGCCTAAAGAACCGCCGCCTTTACGTTTGTAATTCAGGCCGTTATTGGCATTATAATCGTCGCTGAACAGATAAGACGCGTAGAGATCGACATTGCCAATGCTTTTCTTATACTTCAATGACTTACGCGTGCGGTAAGAACCATCGTAGTCGCCGTTAATCCCGTTGCCCGGCGCCTGACCTATCATGTCGTAATCCCAGATATCGGTTTTTACGCCCACCACATCGTAATAAATGCTGTTCTGTTGACCGAAGGTCAGCGTTCCCCACGTCGCGCTCTTGAAGCCGGTATACAGCATACGGCGAGTGGTATCAGTCGCGCCCTTCGCATAATGGTTATCCCAGTCAAATACCGCAGGGATATTGACGCCCAGCTCGTAATAGCTAATCCAACTGATATCATCAAACAGATAATAATCCGCGGCGAAGCGGAAACGCGTCCCGCCATCAAAACCATTACGTTTATAACCGTTCGCGCCGTCATTGCCGGTCATATTCTGGAAC
NZ_CP039489.1_gap88	3364406	3366006	1600	GGTCTTAATAACAGGATGTTCCAGCGGAATCGGTCTGGACAGCGCGCTTGAGCTTAAACGCCAGGGCTTTCAAATCCTGGCGGGCTGCCGCAAACCTGATGATGTCGCCCGGATGAACAGTATGGGATTTACCGGCGTGTTGATCGATCTCGACTCCCCTGAAAGCGTGGATCGTGCCGCCGATGAAGTGATCGCCCTGACCGATAATCGTCTGTATGGGATCTTTAACAATGCCGGCTACGGCGTGTATGGCCCCCTTTCCACCATCAGCCGTGAGCAGATGGAGCAACAGTTTTCCAGTAATTTCTTCGGCGCGCATCAGCTTACTATGCGCTTACTTCCCGCCATGTTGCCGCATGGCGAAGGACGCATTGTGATGACCTCATCGGTGATGGGGCTGATTTCCACCCCAGGGCGCGGCGCTTACGCCGCCAGCAAATATGCGCTCGAAGCCTGGTCTGACGCGCTACGTATGGAGCTACGGCACACAGGCATTAAAGTGAGCCTGATAGAACCGGGGCCGATTCGTACCCGTTTTACCGATAACGTTAACCAGACGCAGCGTGATAAACCGGTAGAAAATCCCGGCATCGCCGCACGTTTCACCCGCGATCCTGACGCGGTAGTAGCGAAAGTACGTCATGCTTTTGCAAGCGATAAACCCAGGCTGCGCTATCCTGTTACGCTGGTCACCTGGGCGGTGATGGCGCTGAAACGCCTATTGCCGGGCCGGATGCTGGATAAAATTTTACAAAGCTGAGTTGAAGCGCGCCAGTCAGCCCCCATGTAAACGTGACACAGACAAAAGAGAGCGACGCCATGTCCGTACAGAACATTGTCAATATTAATGAATCCAACCTGCAGCAGACCTTAGAGCAGTCCATGACCACGCCGGTACTGTTCTATTTCTGGTCTGAACGCAGCCAACACTGTCTGCAATTAACGCCAGTGCTGGAAAGTCTGGCTGCCCAGTACCACGGTCAGTTTATTCTGGCAAAGCTGGACTGCGACGCCGAACAGATGATCGCCGCTCAGTTTGGTCTGCGCGCCATCCCGACTGTCTATCTGTTCCAGAATGGCCAACCGGTCGATGGTTTCCAGGGGCCGCAGCCGGAAGAGGCGATCCGCGCTCTGCTGGATAAAGTACTGCCGCGCGAAGAAGAGCTAAAAGCGCAACAAGCGATGCAGTTAATGCAGGAGGGCAACTACATTGACGCGCTGCCGTTGCTCAAAGACGCCTGGCAGCTCTCTTCGCAGAACAGTGAGATTGGCCTGTTACTGGCGGAAGCGCAAATTGCGCTGAACCGCTCTGAAGAGGCCGAAGCGGTGTTAAAAACTATCCCGCTACAGGATCAGGATACCCGTTATCAGGGGCTGGTTGCGCAGATCGAACTGCTTAAACAGGCGGCGGATACGCCGGAAATTCAGCAACTTCAGCAGCAAGTCGCGGACAATCCGCAGGATGCGGCTTTGGCAACGCAACTGGCATTGCAGTTGCACCAGGTCGGACGTAATGAAGAAGCACTGGAATTGCTGTTCAGCCATCTGAGAAAAGATCTTACCGCCGCCGAGGGACAGACGCGCAAAACCTTCCAGGAGA
NZ_CP039489.1_gap89	3400271	3403487	3216	ACTGGACCGGGATGTCCTACCAGGAGCGGTTGTCCGGCAACCAGGCCCCTGCCCTGTATGCTATCTCGCTGATCGTCGTCTTCCTGTGTCTGGCGGCATTGTATGAGAGCTGGTCTATCCCGTTCTCCGTAATGCTGGTTGTTCCGCTTGGGGTTATCGGCGCGCTGCTGGCCGCGACCTTCCGCGGACTGACTAACGACGTTTACTTCCAGGTGGGCCTGCTCACAACCATTGGGTTGTCGGCGAAGAACGCGATACTTATCGTCGAATTCGCCAAAGACTTAATGGATAAAGAAGGGAAAGGTCTGGTAGAAGCGACGCTGGAGGCCGTCCGGATGCGTTTGCGTCCGATTCTGATGACCTCGTTAGCATTCATGCTGGGGGTTATGCCGCTGGTTATCAGTTCCGGCGCGGGTTCCGGCGCGCAGAATGCGGTAGGTACTGGCGTACTGGGCGGGATGGTAACGGCAACCGTACTGGCTATTTTCTTCGTACCGGTCTTCTTCGTGGTGGTACGCCGCCGCTTTAGCCGTAAAAGCGAAGATATTGAGCATAGTCATTCGACAGAACATCGCTGATTTGCTCACTGTTGATAAGGCCGCGCAAGCGGCCTTTTTTACGCAAAAATCATAAAATACGCTTATTGTTAGATTGATTATTTCCTGCCATATTAATAAAAGGTATAATCCTTACTGCGTTAAAGGCTTTTCTTAGGAAAGTTGGCCATTTCTTAATTCAGCCATTAATTAAGAAATATTAAGAATATTCCTGGCTATTTTCTCCTGTCAGAGTCTATTGTTTTAGCCTGAAAAGCTAAAAAACGTTAACCCAATGATTACACAAACAATAAAACTGGTTCCTTTTTAGGCGACCGACGATCACTGTTAAAATTCGAAAAAGTATGGCAACACGCGGCTTTCACGCAATTGTAATTTTTCGTAATATGACGATGAAAAGTTTTTTAGAGTAGATTATAGTTAAATCATAAGGTGACGTGGGAAGTACCAGGTTAGTTAGTTGTATCCATCCCGAAGGTGTTCGGTTAGTTTAAGCCACTAAAAAGGGGATGCATTATGGACGAATACTCACCCAAAAGACATGATATAGCACAGCTTAAATTTCTTTGCGAAACTCTGTATCATGACTGTCTTGCAAACCTTGAAGAAAGCAACCATGGCTGGGTTAATGACCCGACCTCAGCAGTCAACCTGCAGCTCAATGAGCTGATAGAGCATATTGCAACTTTCGCGCTTAATTATAAAATTAAGTACAATGAAGACAATAAATTGATTGCGCAGATAGATGAATACCTGGACGACACCTTTATGTTGTTCAGCAGCTATGGTATTAATACGCAGGATTTGCAAAAATGGCGTAAATCGGGCAACCGCCTGTTCCGTTGTTTCGTCAACGCCACCAGGGCTAATCCTGTTAGTTTGTCTTGTTAAAAATTATTACAATCATAGGTAGAATTTATGTCTGATAAACCATTAACTAAAACTGATTATTTGATGCGTTTACGGCGCTGTCAGACAATTGACACTCTGGAGCGCGTCATTGAGAAAAATAAATATGAATTGTCCGACAATGAGCTGGCTGTATTTTACTCAGCTGCGGATCACCGTCTTGCAGAATTGACGATGAACAAACTCTACGACAAGATCCCCTCTTCAGTATGGAAATTCATTCGTTAATCACGCTACATTACTTTTTAGAGAACACGCAGGTGTTATCTGCCTCCTCGTTCAGGCTAATAACACAACGGGCTATTATAGAACAGTGATATAGATCACATACCAATAGCAGGGAACGTTCCCTCTAATACTTTATTATTGCTTCTATTGCGATAATATCCACCAAGGGGAGCGCGCGATGAGTGACGAAAAACAAAAAATGATCGCTGGGGCACTGTATTGCCCGACCGATGAAACTTTATGCCAGGATCGACTGCGGGCGCGTCAACTCATCCATCAATACAATTATACTACGCCTGATGAAATAAATAAGCGTCAGGCGATTTTACGCGACCTGTTGGGTCGATGCGAAGACGCCTATATTGAACCTTCCTTTCGTTGCGACTACGGCTATAATATTTTTCTTGGTCACTCCTTTTACGCTAACTTCGACTGCGTCATGCTTGATGTTTGCCCAATTCATATTGGCGATAATTGTATGCTCGCGCCAGGAGTACATATCTATACCGCCACGCACCCGCTGGACGCCGTCGAACGCAACAGCGGCAGAGAATTAGGTAAACCCGTCACTATCGGAAATAACGTCTGGATAGGCGGACGAGCCGTCGTTAATCCGGGCGTAACCATCGGCGATAACGTCGTCGTCGCTTCAGGCGCTGTGGTGACAAAAAACGTACCGCCAGACGTTGTGGTAGGCGGAAATCCGGCGCGAATCATTAAAAAATTGTAGTCAAAATGATAACTGTTATGCTAATTCGTGGTTAATCTGTTACTTTTTTCACGTTACACCTCCCTTTAAAATGGGCTGTTACTACCCCTATGTCGCAGAAATCATGAAGGCAAAAGATGACAGAGATACAGCGCCTGCTTAGCGAAACTATTGATGACTTAAACATCCGTGAAAAACGCGATAACAGGCCGCGTTTTAGTATCAGTTTTATCCGCAAGCATCCTGGGTTATTTATCGCGATGTATGCAGCCTGGTTTGCGACGCTGGCGGTCATGCTGCAATCAGAAACGCTGGTGGGGTCAGTGTGGCTGTTAGTGGTGTTATTTATCGCATTTAATGGCTTCTTCTTTTTCGACATCGCCCCGCGTTATCACTATAACGACATCGATGTGCTGGACCTCCGGGTCTGTTACAACGGCGAATGGTACAACACCCGCTTTGTTCCCCCCACGCTCATTGAGACGATTCTTCAATCTCCACAGGTGGATAATGAACATAAAGTCCAGCTGCAAAAAATGGTTGCCCGTAAGGGCGAACTTTCCTTCTACGATATTTTTACGCTGGCCCGCGCAGAAGCCAGCCGGTAATAAAAAAGTGCGCACCCTCCCTGGTACGCACTGCTTTCCCTGAACTGTTGGTTTTTTAACGTCTTTTTTTACGCCCCTGAACCGCCTTAAAACGCGGATTTGTTTTACAAATCAAGTATAAGCGTCCTTTGCGTTTGACTATCTGGCAATCCGGATGCCGTTGTTTTGCATTGCGAAGTGAGTTTAACACCTGCATTTCATTTAC
NZ_CP039489.1_gap90	3410285	3412429	2144	CATCACTACCGGGTCCTGTTGAACCATCGCCACGCCCTGGCGTAAAACGCGATGATTAAGAGAGGCGATTTCTCGCCCATCCAGCCGAATTTCGCCTTGTGTCAGGGGGTAATACCCCATTAATAAGCTGGCGAGCGTGCTCTTCCCGCTGCCGGTGTGCCCCACCAGCGCCACAAAGCTACGGGACGGTACTGAGAGCGTAATGTCCTGTAAAACAAGATTATCGTCGCGGTAAGCAAACGACAGATGATCAATATCAATCGCCCCGCTTTGTAACGGCCTGTCGTCGCTGCCATAGCGCTGGCGCGGGCGATCCATCAGTTCAAAAACACGTTCTCCCGCCACAACCGCCTGCTGTAGCATGGATTGCTGGGTGGTCAGTTCAATGAGCGGCTCGTTCAGACGTGATAAATAGCTAATGAACGCATACAGCACCCCGACCTCAATCGTGCCGGCAGACGTAAAGCTGAAAAGCATCAACAAACCGCATAAAATGAGCGCGGAAAAGAGGCTAAGCAGCGGACGCAATAAAAAGCCGTCCAAGCGCAGCGTCTGCATCCGCGCCATGTAGTGCGAGCGGCTGGCCTCGCCCATGCGTTCGCCGAAGCGCGCCTGCTGGCGAAACTGCTGGATTACGCTCATCCCATTGATGATTTCGTTAAAGCCGTCGTTAATATCCGCCAGGTATGCCCGCACGCGGCGTACAATCGGCGTGCTGTAGCGCTGATAAATGATCATCACGGTCAATACCGCCGGAAAAATCAAAATCGCCACCAGCGCCATCCGCCAGTCAAGGCTGAACATAGCGACCAGCATGGCGCCGATCAACGCCGCGCTACGTAATACCGTTGCGACGACCGTGACGTACAGATCGCGGATGACTTCCGTATCGTTGGTCACACGTGAAATTAATTGTCCGACAGGCTGCGTGTCGAAGGCGCTTAGCGGCTGGCGCAAGGCGGCATCCATGACGTCCGTGCGCAAGGACTGAACCACACCAACGGCCGCCCGGTTAAATAATAAAGACTGGGCGTAATGCAGACCCGCCGCCAGAAATTGTAGCCCTACATAGGCGGCCGCCAGCCCCGCGACCTTGCCCAACGGTAAATGGTGGCGGGCCACCATGTTATCAATGAAATAGCTGATCAGCAGCGGACCGCTAACCTCCGCCGCTGCCGCAATCCACAGCATCATCACCGCGACAGAGAGCGGTTTTCGCCATGGCGAGCCATACGCCAGCAACCGTTTCAGCGTCGGCCATAGCTGTCCAAAACTACGCATTCGCCGCCTCCTCGCCGCGTTCCGGCGCGTCATCCAGAGCGGCCTCCAGTTGCTGATAGCGATACATATCGCGATACCAGCCAATCTGCTGCGCCAGTTGATTGTGATCGCCGCGCTGAACAACATGACCATGTTGCATAACGATAATTTCATTGGCGTCGGTCAGCGCGGATAAACGATGCGCGCTGATGATGACCGTACGCCCTTCGCCCCACTGGCGCAAATTATGCAAAATCTGATGCTCCGTGCGGCCATCTACTGCAGAAAGCGCATCATCGAGAAGCAGAATTTCCGCATTTAACAGTAGCGCTCTGGCAATCGAGATACGCTGTTTTTGCCCTCCCGATAACATGACGCCACGTTCACCTACCTGCGTGTCATAGCCCTGAGGCAAACGGAGAATATCCTCATGTACGCTGGCTAAACGCGCCACCCGTTCAATCTCCTCTTGAGTCGCCTCCGGGCGTCCGAGCGCAATATTATTGGCAATAGAGTCCGAGAACAAAAACGGCGTCTGGCTGACGACCGCCAGTCGGCTACGCCAGCTATCCAGTTGCAGATGCGTCAACGGCATGTCATGGAATCGGATTTCTCCCTGCGTCACATCAAAATGGCGCTGGATAAGCGACAATATTGTGCTTTTCCCCGCGCCGGTCGGACCGCATATCCCCAGCATCTGACCCGGTTTAAGACGAAAGTTCACATTCTCCAGCGCCGGATGCGTCGTTTGCGGATAGCAAAACTCACGAATGGCCGCCGTCAGTTCGCCACGCCCCGCCGGGACCGGCTCTTCGCCATCCTTAACTACCGGCGCTTCCGCCAGCATGGCGCGGATGCGGCTGTAAGCGGCGCTACCCCGCTCC
NZ_CP039489.1_gap91	3467854	3470342	2488	ACTCGACCGACCAGACCGCCATTCGTCAGAACTTCATCACCTTTCGCAATGGAGTCCATCAGCTTTTTGTGCTCTTTGGTGCGCTTCTGCTGCGGGCGCAGGATCATGAAATAGAAAATCAGACCAAACACCACCAGCATTAAAATCAGAGACATCGGGCTGCCCTGCGCTGGAGCACCTGTTGCCGCTACCGCATCAGAAATAAAAAAGCTCATTCAAATTCCCTCATTATTAAAATTAATCAACGTTCAAAGGTGGAACGGGTCGCCCCTGACGTTGGTAAAACTCGGTTACGAAGCTCTCTAATTTACCCTCTTCAATAGCCTTGCGTAAACCCGCCATCAAACGCTGGTAGTAACGCAAGTTATGAATGGTATTGAGACGCGCACCTAATATTTCGTTGCAACGGTCGAGATGATGCAAGTAAGCGCGTGAATAATTGCGACAGGTGTAGCAATCGCACTCGGCGTCAAGCGGGCTGGTGTCGCTTTTATGCTTTGCATTACGAATCTTCACCACGCCGTCGGTCACAAACAGATGACCATTACGGGCATTTCGCGTTGGCATGACACAGTCAAACATATCAATACCGCGACGCACCCCTTCCACCAGATCTTCCGGTTTACCCACGCCCATCAGGTAACGCGGTTTGTCAGCCGGGATCTGCGGGCAAACGTGCTCCAGAATGCGGTGCATATCTGCTTTCGGCTCACCGACAGCCAAACCGCCGACAGCGTAGCCATCAAAGCCAATCTCTACCAGACCTTTCACCGAGATATCGCGTAAATCTTCGTAAACGCTGCCCTGAATGATGCCAAAAAGCGCATTCTTATTGCCAAGGCTATCAAAACGGTCGCGGCTACGCTTCGCCCAACGCAACGACATCTCCATCGAGCGTTTAGCATAGTCCCAGTCTGCCGGGTACGGCGTACATTCATCAAAGATCATCACGATATCGGAACCGAGATCGTACTGGATCTCCATCGACTTTTCCGGATCGAGGAAAATCGGATCACCGTTGATCGGGTTACGGAAGTGCACGCCTTGCTCGGTAATCTTACGAATATCGCCGAGGCTGAAGACCTGGAAGCCGCCGGAATCGGTAAGAATCGGCCCTTTCCACTGCATAAAATCGTGCAGGTCACCATGCAGCTTCATGATTTCCTGACCCGGGCGCAGCCACAGGTGGAAAGTGTTGCCGAGAATAATCTGCGCGCCGGTCGCTTCCACTTCTTCCGGCGTCATGCCTTTCACGGTACCGTAAGTACCCACAGGCATAAAAGCAGGCGTTTCCACTACGCCACGATCAAACACCAGACGACCGCGACGCGCGCGACCATCGGTGGTATCTAACTCAAATTTCATTATCACTCCTGCGTCAGAAAAACAGTCCGACGTTTAACGATTCGCTACGGAATGATTCCATAGCTAATAAATTCCCGAAGGCGTCATCGGCGCAGCCAGTTTGGGGTCGGCCAGCGCACAGCCACCGGAGCGTACACGCAGTACGTGAGGATGGCGAGCACTGCCCGGCGTCAAAATGGCAAGTGAGATAGCCTTCTTACGGACGCTCAGAAATAGCCTGCGGATTGTACGTGATAAACATCGCGTCCCCGTAGCTAAAAAAGCGATATTTTTGTTCTACCGCAGTCTTATAGGCATTCATGGTGTGTTGATAACCGGCAAATGCGGAAACCAGCATAATCAACGTCGATTCCGGCAGATGGAAGTTGGTGATCAGCGCATCAATCACTTTGTATTGATAACCTGGATAAATAAAGATTTGCGTATCGCCGAAGAACGGCTCTATCAAATCGCTTTTTGCCGCCTGCGCCGCGCTTTCCAGCGAGCGTACCGAGGTGGTGCCGACGGCGATAACCCGGTTGCCGCGCGCTTTCGCCGCCAGCACCGCGTCGACCACCTCTTGCGGCACCTCAGCATATTCGGAGTGCATGATGTGATCTTCAATGGTATCGACACGCACTGGCTGGAAAGTGCCCGCGCCGACGTGTAGCGTAACAAACGCCATTTCGACACCTTTCTCACGAAGCGCCGCCAGCAGCGGCTCATCAAAGTGCAGCCCGGCGGTCGGCGCGGCGACGGCGCCCGGTTTTTCACTGTAGACCGTCTGGTACAGTTCGCGGTCGGCGTCTTCGTCCGGACGGTCGATGTACGGCGGTAACGGCATATGGCCGATGGCGTTGAGAATATCCAGCACCGGACGCGGGTCATTAAACTCAACTTCAAACAGAGCGCCGTGACGCGCGGTCATGGTCGCGTGAATACTTTCGTCGTCGCCCAGTAGCAGTTCCGTGCCCGGTTTTGGCGCTTTAGAAGCGCGAATATGCGCCAGGATGCGTTTATCATCGAGCATACGTTCGACCAGCACTTCTATCTTGCCGCCGCTGGCTTTACGGCCAAAGAGCCGCGCCGGGATCACGCGGGTATTATTGAAGACCAGCAAATCGCCAGGGTTGAGCTTATCGAG
NZ_CP039489.1_gap92	3473507	3477978	4471	GGCCGCTATCCGGCACATCAACCGCAAATTGTTCCAGACGCGCAGGCGGAAAACGGCTAAATCCCTGTGGCGTAAACCAAAGCTGGCGGTCATGCCAAAGCAATTTAAAGCTGTAACGGCGACGGGGTTGCCCTAACGCGATATTGAGCGTCGCTCGCCACGCCGTCACGCCCGGCTGCGGCTGGCGGCGCTGTTTGCGCATCGCCAGTGAGATTTCTTCATTATCGAATTCTGAGCGCAACGTCACGCGAGACGGCGGATTTTCTCCGCTCAGCCACAGCGTAATGGTTAATTTATCGTTATGTTGCTTCACAAATGGGGCAACCGGTAAGTGCCAGGCATTCAACATCTCGTATCCCCTCTACTGAAAATGGGGCCACCTTGCCACAGAGATTTAAAGGATAACTCATCATCCAGGGGTTTATTAGGGGAGGAGGCTCCAGGAGGAGAAGCGGCTCCGCTTATCCGGTCTACCGTTGCCTGCAGACCGGATAAGGCAGAGAAAAACGACTACGCCTGCGCCAATTGACGGTCGCGACGGCGTTTAAATATCCAGCCAATCAACAGCAGAACTATCCAGGCGAAGCCCACGTACAGTGAGATGCGGGTATCCGGATGGTAGCCGATAAGCGCAATAATGAAGACCAGGAAAATCAGACCCGCTATCGTCGTGACGACACCGCCCGGCACCTTAAACTTCAGCGCTTTTACCTCTTCCGGCGGTAAACGACGGCGGAAGGCGATTTGCGACAGCAGGATCATAATCCATACCCATACCGTGGCAAACGTCGCCAGCGAAGCAATCACCAGGAAAACGTTTTCCGGCATGATGTAGTTCAGGTAAACCGCAAACAGCAGCGCAATCGTCATCACCAGCACAGTGACCCACGGAATACCACGGCGTGACGTTTTGGCAAAGATTTTCGGCGCGCTCCCCTGCTCCGCCATACCATGCAGCATACGGCCTACGCCAAACACATCGGAGTTGATAGCGGAAAGCGAGGCGGTCAATACCACAAAGTTCAGAATGCTGGCGGCAAAGGTAATCCCCATATGCTGGAACGTCAGCACAAATGGACTGCCGTTTGTGCCGACCTGATTCCACGGATAGATAGACATAATGACGAACAGCGTGCCGACATAAAATACCAGGATACGCATCGGTACTGAGTTAATGGCGCGCGGAATGGATTTCTCCGGGTCTTTCGCTTCCCCGGCGGTGATACCGATAATCTCAATCCCGCCGTAAGCGAACATCACCATTTGCAGCGACATGATCATTCCCAGCCAGCCATTGCTGAAGAAGCCGCCGTTGCTCCACAGGTTATGAATGCCGGTCGGCTGCCCGCCGTTGCCAATTCCCCACACAATGATGCCGATACCCGCGACAATCATGATAATAATGGTGGCGACTTTGAAGAAGGAGAACCAAAACTCCAGCTCGCCGAACACCTTGACGCTCATCAGGTTGATGGCGCAAATGATCAGCACCACGCTAAGTACCCAAATCCAGTGCGGCACGGCGGGGAACCAGACTCCCATGTAAATGCCGAACGCGGTCACGTCGGCAATGGCGACGATCAGGATCTCAAAACAGTAGGTCCAGCCGGTAATGTAGCCCGCAAGCGGGCCGAGGTTTTCCTGCGCATAGCGCGAAAATGAGCTGGCGGCAGGGTTGTGAACGGACATTTCCCCCAATGCGCGCATAATGATATATGCCGCGACCCCGCCAATAATATAGGCCAACAGCACGCTCGGCCCCGCCATTTTGATGGCGTCCGCCGAGCCGTAAAACAGGCCGGTGCCGATTGCCGAACCTAATGCCATAAAGCGAATGTGCCGGGTGCTCAGCCCACGCTTTAGCTTATTATTGCTTTCCATCAATTTCTGACCTATCAACACAATAAAAAACCACGGGGCGTTAAGCCCCGTGGTGTACACATATGTCAGCGATTTTAGTGAGCGCTGGAGGTCACCTGCCGACCCGCCGCGCGATCCCAGATAATCGCCAGGATCACCATCACCACCGTTGGCATCAACCACGCCAGTCCCTGTTCCGCCAGCGGCAAACGCTGACTCCAGGCTGGCAGCATATCGCCAAAGGCAGATGCTTTGATGCCGTCAAGGATACCAAAAAGCAGACTGATAAACATGGCCGGCGCGATGATACGGGTGGAATTATGCCACCATGAGCGGGTAAAACTTAATACAACCAGTGCGATACACGGCGGATAGATAGCCGTCAGCACCGGAATGGAGATTTGAATCAGATGGCTCAGTCCGAGGTTTGATACCACCATAGAGAAGCCGCCGAGAATAAAGACCAGCGTGCGGTAAGACAGCGAAATATACTGCGCGAAAAACTCAGCGCAGGCGCAGGTCAGCCCCACCGCCGTCACCAGACACGCGATAAAGATCAGCGCCGCCAGCAGGAAGCTTCCCGCGCCGCCAAAGGTATGCTGAACGTAGGCATGAAGAATCGCCGCGCCGTTCGCTGACTGATCGACCAGCGTCGCGCTGTCAGAACCTAAGCGGAACAAGGCAAGGTAAAGCAGCGTCAGCCCCACGCCCGCCATCAGGCCGGCCCAGACCGTGTAACGCGTCAACAGGCGCGCTTCGGTCACGCCGCGAGAACGCGCCGCGTTCACAATAACGATACCAAACACCATCGCGCCCAGCGTATCCATCGTCAGATAGCCGTTCACAAATCCGTTAGAAAAGGCCGCATTCTGATAAGCGTCCAGGGCGTTGCTGATTGGACCGGCAGGCCAAACGATAGCCGCGACGGAAAGGATGACCAGCGCAATAATTTTCAACGGCGCCAGGAAATTCCCTACCGTATCCAGCAGCTTACCCGGATAGAGGGAAACCAGAATAACAATAGCGAAATAGACCACGCTGTAAATCAGCAACGGCATTGCAGAATCGCCGGTCAACGGAGCGATACCGACCTCAAACGACACCGTCGCGGTACGCGGCGTCGCAAATAACGGCCCGACGGCCAGATAGCAAACGGTCGCCAGCAGGAGTCCCGCCACTTTACCAATCGGCGTACTGAGGCTGTCTACGCCGCCGCCGACTTTCGCCAGCGCCACAACAGTAAGAACCGGTAGCCCTACGGCGGTAATCAGAAAGCCAATAGCGGCTGTCCAGACGTGTTCACCCGCCTGCAAACCGACCATAGGAGGAAAGATAATATTGCCTGCGCCAACGAACAGCGCAAATGTCATAAAGCCCAGGGCGATGATATCGCGCGATTTTAACTGATGGGTCATAAAGTCTTACTGCCTGTGGATGGTGATGTTGTAAACATTAAAATTTTTGCCTTTCCCGGAGGATTATAAAGCGGCGTTTTTTATCAATTTCAGCGGGAAAAGCTCCCGGACCGATGCGGCGAAGAATTGTTTTTCGATTTACCGCGCAAATGCAGTCGTAATGACAGCACCTGAAGCGCAATTTAAACGCTTATAACGTTTTAAAGCAAGGTGGGATCTAAAAACCAGATGAATATAGCGATATGAAATTTACAACCAGAATAAAACACCATTCTCATGAAAAAGTTATGGCTAATCATGCGAACAAAAAATCACCAAACGTTGAATGTTTCAACGAGCCCGTCTTAACTGCAAAGAAAATAAGCCAGCATCCGCTGGCTTATGGAAAGTTATACTTACGAAAGGCAATTAATCGCTATTTTTGGCAATTAAACGTTCCGGCAGCACAAAGCTAAATCGCGTTCCTTTGCCAGGCGAACTGTCGATTTCAAGGCGGCTTTCATGGTGATTCAACGCATGTTTCACAATCGCCAATCCCAGGCCGCTGCCGCCCGTTTGCCGCGAACGCGCTTTATCGACGCGGTAGAAGCGTTCGGTCAGACGAGGAATATGCTCGGCAGCAATCCCCGGACCGTTATCTTGAATGCAAAACTCAGCGCCATGCGCGACACGTCGCCAGCTCACCGTAATATGCGTTCCCGCCGGCGTATGGTTTACCGCGTTATACACCAGGTTTGAGATCGCGCTACGTAGCTGCTCTTCATTACCCAGAACGCTAAGACTATCGTCGACCTCAAACGTAAAGGTATGTTTCTGCTGGCTGAGCGTCTGCGCTTCACGCTCCACGACCCGCAGCATCATCGGTACATCCACTTTTTCATTTAATAACAGCGCCGGAGCCGCCTCAATTTTAGACAGCGTAAGCAGTTGTTTTACCAGCCCTTCCATACGATACGTTTGCTCGCGCATCGTATGCAGCGCTTTCTCTCGCGTCGCCCCTTCCAGCGCCTGTTCCTGCATCATTTCCAGATAGCCTTGCAATACCGTCAAGGGCGTACGCAACTCATGGCTAACGTTGGCGAAAAAGTTACGTCTGGCGCCTTCAAGCTGATGCATTTGCGTCACATCGCGCGCCACCATCAGGAGTTGTTTATCGGTATAAGGCATGACGCGGATCTCCAGATGCCGCCCGGTAT
NZ_CP039489.1_gap93	3481610	3484807	3197	CTCGCTTACAAAGCGCATATCGCCTGCGCCAGCGTATCCGCGCCTGCGCGCATCGACAATTCACGCAACTGAACGCCACAGGGCAGCGGTTGAAGACATGGCTGGCGGAACACGACGGCATCCGCGTCTGGCGCAGCGAACTGGCGGGGTGGCGAGCATTATTAACACAACAATCCCACGATCGGGCGCAACTGAGCCAATGGCAACAGCAGTTGCTGAGCGATACGCGTCAGCGTGATGCGCTACCGCCGCTCACGCTCGACCTCACGCCACAGGCGCTGGCGGAAGCCAGGGCATTGCATACCCGGCAGCGTCCGCTACGCCATCGTCTCGCCGCGCTTCAGGGGCAAATTCTCCCGAAACAAAAGCGTCAGGCGCAGCTACAGGCAGCTATCGCGCGTCATCATCAGGAGCAGGCGCAATACACCCAACGTCTGGCGGATAAGCGTTTGAGTTATAAGACTAAAGCGCAGGAGCTTGCGGACGTTCGCACTATTTGCGAGCAGGAGGCGCGCATCAAAGATCTGGAAAGCCAGCGGGCGCACTTACAGTCCGGCCAGCCGTGTCCGCTTTGCGGCTCGACGACGCACCCCGCCATCGCCGCCTATCAGGCGCTGGAACTGAGCGCGAATCAAACCCGCCGCGACGCGCTGGAAAAAGAGGTCAAAACGCTGGCGGAAGAAGGCGCGGCGCTGCGAGGACAGTTAGATGCCTTAACGCAACAATTACAGCGGGATGAAAGCGAGGCGCAGTCGTTGTTGCAGGAGGAGCAAGCGCTTACTGAGGAATGGCAAACGCTGTGCGCTACGCTGGGCGTTCAGCTCCAGCCGCAAGAAGACCTCGCGGGCTGGCTGACCGCCGCGGAAGAGCATGAGCAACAGTTGGATCAGCTCAGCCAGCGTCATGCTCTACAAACGCAAATCGCGGCGCATACTGAACAGGTAGCGCGCTTTACCGCGCAGATTGCGCAGCGTCAGGCGTCGCTGACGGCTGATTTGGCGCAGTATACGCTTTCCCTTCCTGCGCCAGAAGACGAGGCTTCGTGGCTGAATGAGCGCGCCGACGAAGCGAAAATATGGCAACAGCGTCAGACAGAGTTCGCGGATTTGCAAACGCAGATCGACAGGCTTGCCCCGTTGCTGGAGACGCTACCGCAAACGGATACCGCGGATTCCGACGACGACGTGCCGCTGGATAACTGGCGGCAGGCGCATGATGAGTGCGTGTCATTACAAAGCCAGTTGCAAACCCTGCAGGAACAGACGACGCAGGAACAGCAGCGCGCCGCCGAGGCGATAGCGCACTTTGATGCGGCGTTAAAAAATAGCCCGTTTGACAGCCAGGCAACGTTCCTGGCGGCGTTGCTGGATGAAGAGACCGTGACCCGTCTGGAAAAACAACAACAAACGCTGGAAAGTCAGCTACAACAAGCGAAGGCGTTAAGCGCGCAGTCCGCGCAGGCGCTGGCTGACCATCAGCAACAGCCGCCCGCCGGTCTGGACCCAACGTGTACGGCGGAGCAGCTCGCGCAGCGGCTGGCGCAGTTGGCGCAACAACTGCGTGAAAACACGACACGCCAGGGGGAAATCCGCCAGCAAATTAAACAGGATGCAGATAATCGGCAGCGCCAACGGGCGCTGATGGCGGAAATGAAACAAGCCTCTCAGCAAGTGGAAGACTGGGGCTATCTCAATGCGCTGATCGGCTCTAAAGAAGGTGATAAGTTCCGCAAATTCGCCCAGGGACTGACGCTGGATAATCTGGTCTGGCTGGCGAATCATCAGCTCACCCGCCTGCATGGCCGCTATTTATTGCAGCGCAAAGCCAGCGACGCGCTGGAACTGGAGGTTGTCGATACCTGGCAGGCCGACGCCGTGCGCGATACGCGAACGTTATCAGGCGGCGAAAGTTTCCTGGTCAGCCTGGCGCTGGCGCTGGCGTTATCAGATTTGGTCAGCCATAAAACGCGCATTGATTCTTTGTTCCTCGACGAAGGCTTCGGCACGCTTGATAGCGAAACGCTGGACGCCGCGCTGGATGCGCTCGACGCGCTGAATGCCAGCGGGAAGACCATCGGTGTGATTAGCCACGTGGAAGCCATGAAAGAACGTATTCCTGTGCAGATAAAAGTGAAAAAAATCAATGGGCTTGGTTATAGCAAACTGGACAAAGCGTTTGCCGTGGAGTAACACGAGTGTCATCCTGCGCACAGCATACTGTCATGACATAGCATAATAATGAATACACAAAGACGGATAAGGAATGGTATTACCTCGCGCTTATCCGCAAGCTATACGTTGATTGGCTGTGACAATTCACAGCCACAGCGCGCAACATGCGCCTTTATTTTCGGCAGGTGGTATGAAAAAAGTTATTTTTTCTTTGGCGCTGGGTACGTTCGGACTGGGGATGGCCGAGTTTGGCATTATGGGCGTGCTGACGGAGCTGGCACGCGATGTCGGGATAACGATTCCCGCCGCCGGGCATATGATCTCGTTTTACGCCTTCGGCGTCGTGCTGGGCGCGCCTGTTATGGCGCTCTTTTCCAGCCGCTTTTCGCTTAAACATATACTGCTGTTTCTGGTCACGCTGTGCGTGATGGGCAATGCCATATTTACCTTTTCCTCGTCATATCTGATGCTCGCCGTCGGCAGACTGGTTTCCGGCTTTCCGCACGGCGCCTTTTTTGGCGTCGGCGCCATTGTCCTGTCAAAGATTATCCGCCCCGGGAAAGTCACCGCCGCCGTCGCGGGTATGGTTTCAGGGATGACGGTGGCGAATCTGGTGGGCATTCCGGTCGGCACTTACCTGAGCCAGGAATTTAGCTGGCGCTACACCTTTTTATTGATCGCGGTTTTCAACATCGCCGTGCTCACCGCGATTTTCTTCTGGGTGCCGGATATCCGTGACAAAGCCCAAGGCAGCCTGCGCGAGCAGTTCCACTTCTTGCGTAGTCCTACGCCGTGGCTCATTTTCGCCGCCACGATGTTCGGCAATGCGGGCGTTTTTGCCTGGTTCAGCTATATCAAGCCATTTATGATGTACATCTCCGGTTTTTCGGAGACGAGCATGACGTTTATTATGATGCTGGTCGGGCTGGGGATGGTGTTAGGCAATCTGTTAAGCGGCAAACTCTCCGGCAGATATACGCCGCTGCGCATCGCGGTAGTGACTGACCTCGTTATCGTGCTCTCTCT
NZ_CP039489.1_gap94	3506048	3509726	3678	TGAATCCGATGAACCGCCGTGAAGCGATTCGTGAATCACTGCTCGACGAAGCCCAGGGCGCGGATTGCTTAATGGTGAAACCGGCCGGCGCGTATCTGGACGTGCTGCGTGAAATCCGCGAACGCACAGAGTTGCCGCTTGGCGCTTACCAGGTGAGCGGTGAATACGCCATGATTAAATTTGCTGCTATGGCTGGCGCCATTGATGAAGAAAAGGTCGTGCTGGAAAGTCTGGGCTCGATTAAACGCGCCGGCGCCGATTTGATTTTCAGTTACTTCGCGCTGGATCTGGCTGAGAAAAATATTCTGCGTTAATTCTGTTACAGGGCGGCGCGCTGCCGCCCTTTCCCGACTTTACACCCCACTATTCAGTCGCAAACGCTAACCCGTTGCCGGACGCGGCTTATACGGCTTACGGCTATTCCTCGATCGCCTGGCGAATTTGCTGCAACGACGCGGGATCGTCAATGGTTGTCAGATCGCCCGGATCGCGGCCTTCGCAGATCGCCTGGATCGTGCGGCGAAGCATCTTTCCGGAACGCGTTTTGGGGAGCTGCGAGACAAACCAGACATGCGCCGGACGACCAAAGTGACCGATCTGGTTGTCCACCAGCGCCATAATCGCGTTTTCCTCGTCGCGCGCCGCCTCGCGATCCGCCAGCGTATCGCTCTGCTTCGGAATGACAAACGCCACCGCTACCTGCCCTTTCAGAGCGTCTTTTATCCCCACTACCGCCACTTCCGCTACGTTCGGGTAGCTGGAGATACTTTCTTCTATTTCTCGCGTCCCCAGCCGATGACCCGCAATATTAATCACATCATCGGTACGGCCCAGAATAAAGTAATACCCCTCGGCGTCGCGGATTCCCCAGTCGAAAGTGGCATAAACCTGACGGTTAAACAGCGACCAGTAAGTCTTCACAAAACGCGCATCGTCGCCCCAAATAGTCTGAATACAGCCCGGCGGCAGCGGCCCTTCGATCACCAGCATCCCCTTTTCATTTATGCCGCAAGGTTCGCCGGTGACTTCATTGAGTAGCTGGACGTTATAACCGTACATCGGCACGCCGGGACTTCCCAGACGCGACGGCCTGTCGTCCAGCGCGCGGGCCAGCGCCATGATCGGCCAGCCGGACTCCGTCTGCCAATAATTGTCGATGACCGGTACGCCCAGCGTCTCCGTCACCCAACTGGCCGTCGGCTCGTCCAGCGGCTCACCGGCCAGATAAAGCGCCTCCAGCGAGGAGAGATCGTGATTGCGGATTTGCGCCGTCGGGAATTTTTTCAGCACGCGAATCGCGGTCGGGGCGGAAAACATCCGGTTAACCTGGTATTTCTCGACAATTTTCCACCAGACCCCGCAGTCCGGGTACGTCGGCAGTCCTTCGTAAACAATAGTCGCCATGCCTGCCAGCAACGGCGCGTAAACGATATAGGAGTGGCCGACGACCCAGCCGATATCCGATGCGCAAAAGAATACGCCGCCCGCCTTGCCGCCAAAAATGGTGTCCATCGAGGTTGCCAGCGCCACCGCATAACCGCCGACGTCGCGCTGGACGCCTTTCGGTTTGCCGGTAGTGCCGGAGGTGTAAAGAATGCACGAGGTTTCATTGGATTCCAGCCACGCCACCGGCACGCTCGCGCCGAGATGCTGCTGGCGCAACGTGGCAAAATCCAGATCGCGCCCATCCACCCACGCCATTTTCGCCAGCCCTCTGTCCACCAGCAGAACGTGTTTCGGCTGATGCTGCGCCTGCGCAATAGCGTCATCAAGCAGCTTTTTATACGGCAGGATTTTACCGCCCCGCGCTCCAGCATCCGCCGACACAATCAGCGCCGGTCTGGCATCGTCAATGCGCGCCGCCACGCTGTGCGAGGCAAAACCGCCAAAGACCACCGAATGGATCGCGCCAATGCGCGCACAGGCCAGCAGGGTTATCTGCGCTTCGGCAATCATCGGCATATAGACCAATACGCGATCGCCACGCTGCACGCCCAGCGACAGCAGCATGGCGGCCACAGCGTTGACTTCATCATGCAACTGGCTGAAGGTAAATGTGCGCTCTTCATCGGTCTCTGATGAGACGGCAATCAGCGCCAGCGCCTCCGGCTGTTTATCCAGCCAGCGGTCAACGGCGTTATGACATAAGTTAGTGGTGCCGCCGCAAAACCAGCGGGCAAACGGTGGACGGCTATGATCCAGCGTCTGCGTAAACGGCTGTCGCCAGTCGATACGTCGGGCCTGCTCGGCCCAGAACGCCTCCGGTTCGTTAATGGAACGCTGATAAAATTCGCTAAAAGACATCACGCTCTCCTGTTGAACTTACGCCTTACTGCTGGCTGGTTCAGATGACATATAAATCGAGGTATTCGTTAACCGGCATCTGCTCCAGGCGGGCTCTGTCCAGGGAGACATCCAGAATGCGTTGCTGCTGGCGAGTCGGGAACTGACGCGCCAGGTTAATTTTAAATTTTTCGATAAGCTTCGGAATACCGTCGGCGCGGCGACGCGCATGACCAATCGGATACTCCACGACAACCTCGCCAAAGCGTGAGCCATCAGTAAACTCCACGCTGATCGCATTGCCGATAGCACGTTTTTCCGGGTCGTGATAGTCGGCGGTAAAAGCCGGGTCCTCATAACACACGATTTTCTCGCGCAGGGCGTCAATACGCTTGTCCTGCGCCACCTCGTCTTCATAATCCGCCGCGGTTAACCGTCCGAACAGCAACGGCACGGCGACCATATACTGGATACAGTGATCGCGGTCCGCCGGGTTATTGAGCGGGCCTTTTTTATCGATAATGCGAAGACAGGCTTCGTGGGTACGGATGGTCACTTTCTCGATATCCGCTGCCGTTTTACCCGCGGCCTGCATCTGCTCATACAGCGTCATCGCCGCTTCGACGGCGGTTTGCGAGTGGAATTCTGCCGGGAAAGAAATTTTGAACAGCACGTTTTCCATCACGTAGGAGCCGTAAGGGCGCTGGAAACGGAACGTTTCACCTTTGAATGAAACGTCGTAGAAGCCCCAGGTTTTGGCGGTGAGCGCCGAGGGATAGCCCATCTCGCCGGTTTTCGCCATCAGCGCCAGACGTACCGCGCGTGAGGTAGCGTCGCCCGCCGCCCAGGATTTGCGCGTACCGGTATTCGGCGCATGACGATAGGTACGCAGCGACTGGCCGTCGACCCACGCCAGCGATACCGCGTTGAGGATCTCATCGCGCGTCAGCCCCAGCATTTCAGCGACCACCGCAGTCGAGGCCACTTTCACCAGCAACACATGGTCAAGTCCGACACGGTTGAAGGCGTTTTCCAGCGCGATGCAGCCCTGAATTTCATGGGCTTTGATCATCCCGCTCAATACCTGTTTCATGGTCAGCGGCGCTTTGCCGGCGGCGACGGCGTTGCGTGACAACCAATCCGCAATCGCCAGAATACCGCCGAGGTTATCGGAAGGATGGCCCCACTCGGCGGCAAGCCAGGTATCGTTAAAATCGAGCCAGCGGATCATCGCGCCAATGTTAAAGGCTGCCTGTACCGGATCGAGCTGGAACTGAGTGCCCGGCACGCGTGCGCCGTTGGGCACCACCGTGCCTGGCACGATCGGCCCAAGCAATTTTTTACAGGCCGGGTATTCCAGCGCTTCCAGACCACAGCCGAGCGTGTCGAGCAGGC
NZ_CP039489.1_gap95	3518184	3520418	2234	TGCGAGCAAAACGCCATCCCCGCGCTCAACAAAAAGGTCTGCTCATTGACAGCCAGCGCGACGTTACCTTCCAACACCACCAGCATATACAGCGGACTGCTATGGCGAGAGGTGGTTTCATAAGGTTGTAACACGTGAACATCCGAGCGTGTAATGCAAATCCCGCCGGGAAGCGCTATCTCTTCGATATCGCCATGAAGTACGGGACTACTCTGCGTATACTGCGGTAACGCAGGGAAGCGGTAATCAATGCCATAACGCTCGCCAAACGCGATGAAGTCGCTGACGGAAAAGATCTTTTTCATCGCCGGGGCGGCGGAAGAGTGACAGGAGATCGGAGACATTATCAATACCGTTTATCTGCGTTATACCAGAGCGTTAGCCACTGTGTAACCATATCACTGCGGCCCGGGAACGACAATAAAGATGAGAATAATTATCAACCGCTATTGAGGGGAGAGATAAGGCGAGCAAAGGTGATCGATAAACGCCGATCTGTCGATAAAAACGCGCTTTCGCCAGCGACGAAAGCGCGTCCGGGGGATATCAGTCAGGAGCGAAATCCTGCGGAGGTCATGAGCAGTCTGAACAACATTCCGACGCCCGCCAGCAGAAGCACGCTGGCGCACCATATCGCGACCATCCATACGACTCGCCGCGACCATTTTTTCACTTTAACCATCAGTGATATCCCTCACCATGTCGCACTTTTCCACGGAAGACGTAGTAGCTCCAGAAGGTATAAGCCAGAATAATCGGGATGATTATCAGCGCCCCAACCAGCATGAAGCTTTGACTTTGCGGCGGCGCGGCGGCGGCATACAGCGAAATATCCGGTGGAATAATATTCGGCCAAATACTGATGCCTAACCCGCTGAACCCCAGAAAAATCAACCCTAGCGTGAGAATAAATGGGCGCGCATGGGATTCTGGTTTTTTCACGCTGCGCCATAGCCAGATGCTAAAAGCCAACACCAGCACAGGCACCGGCAGGAAGTAGTATAAATTGGGCAGCGTGAACCAGCGCTCGGCGATGTCGTCGTGGGTGAGCGGCGTCCACACGCTGACGCCTCCCATCACCAGCAACAAGACGATCAACAACGGGCGCGACAGCGCGCACATCCGGCTATGCAGTGGATCTTCGCTTTTCATAATCAGCCAGGCAGCGCCCAGCAGCGCATAGGTGACGACCAGACCGACGCCGCAGAACAGGTTAAACGGCGTCAGCCAGTCAAGCTGCGAACCGCTAAAGGTTCGCCCTTCCACCTGAAAACCGCTCACCACCGCGCCCACCACAACCCCCTGGGCAAAGGTCGCCAGGATTGACCCGACGATAAAGGATTTATCCCAGAACGCGCGATGCGACTCGGTGGCTTTAAAACGGAATTCAAAAGCGACGCCGCGAAAGATAAGACCAAGCAGCATAACCACCAGCGGGATAGTCAGCGCGTCGGTGATGACGGCATAAGCCAACGGGAACGCGCCAAAAAGCCCGGCCCCGCCCAGCACCAGCCAGGTTTCGTTCCCGTCCCATACCGGCGCGACCGAGTTCACCATAACATCGCGATCGTGTTTATCGCGAATAAACGGAAACAGGATACCGACGCCCAGATCGAACCCATCCATTACGATATACATCAGCGTGGCGAACACGATAATAGCAAACCAGATAACCGGAAGATCGATGGTCATTCGCGTTTCTCCTGCTCAAGCGATTCTCCCACGGCAGAGATAGGACGCGCGGGTCTGCCATCGGTTTCAGCGGTCGGTGTCTCCGCCGGCTGCGGCCCTTTCTGGATAAGGCGAATCATATAAATATAGCCAACCCCAAAGACCAGGGAATAAACCACAAAGAAGGCCAGCAAACTGATGCTCATCTGCAAGGTGCTGTGCGCGGAAACCGCATCACGCGTTCGCAGCAGGCCATAGACCACCCACGGCTGACGTCCTACTTCAGTCGTCACCCATCCGGCAAGGATGGCGATAAGCCCGGACGGCCCCATCCACAGCGCAAAGTGCATAAAGGGCCGCGAATGATACAGTCGGCGTCGGTAGCGTAGCCACAGGCTGGCCAGCCCCAGGAAGATCATCAGTACGCCCATGCCCACCATCAGACGGAAAGACCAGAACACCACGGTAGAGTTGGGGCGATCCTCTTTGGGATAATCTTTTAGCGCAGGCACCTGTTTGTCCAGGCTATGCGTCAGGATCAGACTGCCCAACGCCGGGATCTC
NZ_CP039489.1_gap96	3555548	3560494	4946	GCTACCTATCAGCCCCCGTACTCCCAGTTGTTTTAATCCCCATACGGCGTGTTCACGACTCGATCCACAGCCAAAATTGGGGCCAACCAGCAGGAATGTCGCGCTCTGCCAGCCCGGCATGTTCAGAATAAAATCAGGATTTGGTTGGCCGCCAGCCATAAAGCGACGATCGAAAAACACCCCTTTATCCAGCCCCTGGCGATCGATCCCTTTCAGGAACTGTTTTGGCATAATCACATCAGTGTCGATATTCGGTTCCAGCATCGGCGCAATTCGCCCGCTGATTTGCTTAAACGTATCCATCTTATTCCCCTGCCTGAAGTAATGACCGAACATCGACCAGATGCCCCGCTACCGCCGCCGCCGCAACCATCGCCGGGCTCATCAAATGCGTTCTTGCTCCAGCGCCCTGTCGTCCAGGGAAGTTACGGTTCGTACCTGATGCACAGCGATCGCCGGGCGACAATACATCTTCATTCATCGCAAGGCACATTGAGCAACCCGACTGCCGCCATTCAAAACCGGCAGCAATAAAGATTTTCGCCAGTCCTTCTTCTTCCGCCTGGCGTCTTACCATTGTTGAACCAGGCACAATGATCCCGCGAACATGGCTGGCGATTTTGCGCCCTTCAAGCACCTTCGCAACGGCACGCAAATCCTCAATGCGACCATTTGTGCATGAACCAATAAAAGCGTGAGAGATACGAATATCTTTCAGCAACATGCCAGCCGTTAATCCCATGTAATGAAGGGCCTTCTCAAGCGCCAGGCGCTTAAGCGGATTGGTTTCCTGTTCCGGGAAAGGAACACGTCCGGTGATGGAACCTGTTTGATCCGGACTGATTCCCCAAGTGACTTTAGGCTCAAGATCATGGCAGTTGATCGCCACCGTCTTATCAAATACCGCATCAGCATCGCTGCTCAACTGTGACCATTCCAGCAATGCCTGCTGCCAGAGTTCACCTACAGGCATTTGCGGTTTACCGTAGATATAGTCAAAAACCTTTTTATCCGGCGCAATAATGGCACCACGCGCCCCCGCTTCTACCGCCATGTTGCAGAGCGTCATTCGTCCTTCAACGCTCAACGCGCTGATGGCCTCACCCACAAATTCAATGGCATATCCGGTCGCGCCATCAGCGCCAATACGTTCAAGCAATTCAAGAACAATATCTTTTGCGGAACAGGCGAAAGGTAGCTCTCCCTGAACACTTACGCGCATGGTTTTGAGCTTGCGGTAAACCAGCGTCTGCGTGGCCAGCAGATGTTCAATTTCCGACGTCCCGATACCAAAGCCCAGCGCGCCAAATGCACCATAGGTTGTCGTGTGACTATCCCCGGCGGCGATCACCATGCCAGGCATCACTAGCCCTTGTTCATGAGCAACCACGTGTTCAATCCCCTGACGCGGATCCAGCACATCAAATAATGTGATGCCAAAGTCAGCGGCATTTTCCCGAAAGTAATCAACCTGTAGCTGTCCTCCCGGATCGGTCATTAAGACATCCCGTTGCGACCGCGTGGGATTAACATGGTCAATATTCAATAAAAACGTGTCGGGGTGCCGAACGGTGCGACCGCGTTCTCTTAACCCGCTAAATGCCTGCGGGCTGGTATATTCATTCAGTATTGAACGATCAATATAAAGTAAAACATGTCCTTCGTTATCAAGTTCACGAATGGTATGTGACTCAACTAATTTTTCATACAGCGTTTTAGCAGACATATATATTCCTTGAGCAACGAATATCCGGGTAGCCAAATATTCACAGTTTAAGCTTTTAGCTATAGTGACACATTAATGAAAAAATGATGATTCCATTATGGAAAGTATAAAAACACACTTCGTGTCTATAATCAGAAACTCTCCTGAACTGACTGTTTTTTGATTTGCGGTTGTTTCTCATATTTTGCGAAAATAAACCGGCAGATAAATAATCCTATCCCCAGCATCATCAGACATGATGCCGCAATAGCATTCCATCCCTGCCAGGAGAAAAGATACCCGTTTAAATACCCCATTACTGCACCGCCAGAGTAGTAGCAAAGCAGATAAAACGATGTCGCCTGTCCTTTTGCGTTTGGACTCCGTGAACTGACCCAGGCTAATACGGTGGAATGAGCAGAGAAAAATGCGACTGACAGTAAAACGATACCTGAAATGAAAACCCACAGAGAAGGGGCGATTAGCGTGAGAAATGCACCGACCATCATACAGATGATCAGCATACTGAGCGCATTCATCGACCCAATATTCAACGCGACACGGGCAGCATATGGCGCAAGAAAAAAAGTTAATGAGAAGCTAACTGGAATCAAACCTATCCAGGTGTAGCTCAGCTCATAAGGCGGTCGATGCAGGTAAAACGCCAGAAAATTAAAGATGGACGTAAAAGAGCCGAAAAGAATAAATCCAATGACAAAACATAATGATACGCGGATATTCTTAAAATGTTCCAACCCGCCTTTCAACACTGCACCAAGCTGTAGTGAAGGTGTAGGAACAAACTGTCGGGATGTCGGGAGAAACAACTTCACCGCGAGTGCCATAGCAATCAGAACACCACCGAAGATAAAGAAAATCGTATCTATAGATACATGCTCCATCATCAAAGTTGCAAACACACGACCAGACATACTCCCTAGCGAATTGCCAAAAATAAAATATCCAGTAACAATCCCTGCCAAAGCAGGAGAGACTTCTTCACTGATATAGACTGTAACAGCCGCCGTAATACCACTTACTGCAATGCCGAGCAAAGCGCGGTATACCACCAGCATCGGCCATGATGATGCAGTTGCGCACAATAGAGTTAAAATACCTCCTGCCAGCAACGAATAAAAAATGATTGGCTTTCGCCCAAAACGGTCAGATAACGTGCCGCTAAATAACATGGCTAATGCCAGAAACCCCACCTCAGCAGACAAAATCATCCCTACCTGATTCAATGGGATATTATAAACCTCACTTAACTTTGGTAATAAAGCCTGGATTGAATATAAAGAAGCTAACTCTGCCAAACCCGCCAGAGGTAATATCATTAAAATAGGCAAGTACTTACCTATTGTCTCTTCAATATTATTTTTCATACACAATGTTCCGTAAAAGATCCTGAGTGCCATCTGCCTGTTTGCCAACAAGCATCCGTGTATACAATATTTATCTTTTACGTTTACAGAATTGACAGCGTTCACATTTTATTTTTCTTAATAGAGACAAAACGGAATCAAGTGTTTTATGAAATGTAGATCATCTAAGAATGACGCGGTAATGGCAACGTAGTAAGTTATGAACTATATATTTATTCAATAAATATATAGACATTAATTTGACGAAAAGAAATGAATCGGCAGTCCAAAACTGTCACTGGCAACCCCTTCTAGACGCCGCCATCCTTAGATGGAAACGTCCGTTAGCGTTTTATTCGATAGTCAGCTCACACGAGTTCTTTGAGCTGCTCCTGCATATAGGTCGAAAAATACTCTGGGTTTTTGATAAGAATGCGGTTACCGGAGGCGACTTTTTCTGCCCATCCGGCCACTTTTTTCGTGAACTCAGGATTCCATCCCTCCTGCTCACCCCGTGCCATCACAACTTCCGGACTCGCTGGCACACCTAAGTCATGCAAATACTTTAGAATTCCCTTAGCGGTGCTTTCATCCATTGAATGGGGCACTGACGCCGAAGTGTTCATACCACCAATAAAATCCAAGGCTTTTTCAATTGCTGTTGGCATGCTCTTATCCTTAAAATTAACCACGTGAGAGACACCTTGATACTATGTACCCAACTCCGCCGGGATATCAAAGAGAACATCGCCTTTCTTTGACTTACCCCGCAGCTAAACGCTTGCGCGGCTGTTTTCTGCACTATTTTTTGGCTTCTCCGGCTAAAACCAGCCCGGTCGCTACCGCATTGCGCGGGCCTTCAGTACCACGGATATTACCCTGCCCGGCGACAACGCCGTACTGCGCCATCGTTATTGATAATGGCGGCATCGGTGGATCCTGCGCCTAAATCGAGGATCGCCAGCGGCACGGCGCATCCATGCGTCGTTAACGCGCCAGCCACAGCCATGTTGGCTTCCACACCACCGACTTCAACTGGGGTATTTAACCGGGCGCTTAGCTCGCTGGCGATAGCCTGCATCTGTAAGCGATCGGATTTCACCATCGCCGCAATGCCAACGGCGTTTTCCATTGAACATTCCCCGGCAATGCCACCCTGTACCGCGCGGGGAATAAACGTATCCACCGCAAGAAGATCCTGGATATGCACGGCGTTCATGTCATGACTGGTCAGCGAGGCCATTGATCTTACCCAGCAATAGTGGACACGCGACTAAGTGAGTAAACTCACAAGTAAGAGGTGACTCACATGACAAAACCAGCATCAACCACCAAAAAGCCACGCAAGCAGCACACGCCTGAATTTCGTCAGGAAGCCCTGAAACTGGCTGAACGCATTGGGGGGGGGGGGGCCGCTGCCGCCCGCGAACTTAACCTGTATGAATCACAGCTCCACAACTGGCGAAGCAAACAGCAAAATCAGCTCTCTTCTTCTGAACGCGAGCAGGAGATGTCCGCTGAGATCGCCCGTCTGAAACGTCAACTGGCAGAACGGGATGAGGAACTGGCCATTCTCCAGAATGGCCGCGACATACTTCGCGAAGCGCCTGAAATGAAGTATGTCTTCATCGAAAAACATCAGGCTGAGTTCAATATCAAAGCCATGTGCCGTGTACTTCAGATTGCCCGTAGCGGCTGGTACGTCTGGCATCAGCGTCGTCATCAGATAAACCGGCGTCAGCGGTTCCGCCTTGTCTGTGATAACGTCGTCCGGGAAGCATTCAGTGACGCAAAACAACGCTATGGTGCGCCACGCCTGACGGATGAGCTTCGTGCTCAGGGTTACCAGTTCAACGTGAAAACCGTGGCGGCCAGCC
NZ_CP039489.1_gap97	3563894	3567508	3614	AGTTCCGGGTAGCCGAGATGTTCACGTCCGGCGGCAATCGCGCCAGAGGTAACAATAACAATACGATGTCCCGCGGCGTGTAGCTGCGCGCACTGGCGGACAAGTTCTACGATATGGGCACGGTTCAGGCGGCGCGATCCGCCTGTTAGCACGCTGGTGCCGAGTTTTACGACCAGCGTCTGGCTGTCACTCATGATTCTCTGCCGTTCAAAATAAGAAATAAAGACCAAATGAACGTTTTAGCAGGACTGGCTCCGGTTGCCAACAACCTGTACGCGTAGCGTGAAATTTTGTTGCGCAGGATCAGCAAGCGTAGCGGCGGAATTTGACCATTTTATTACCGCAACAATTAAACATATTTTTTTAAAAAAATTCTCACTTTGTCATAAATCTTTCATTACCGAACGTTAAAAACCTTCCTGTTTTTTACCGGGTCTCCCGACAAATCATAGCGCGTAATTAAAACAGGAATGGAAATGAATAAGAGCACTCTGGCAATAGTGGTGAGTATCATCGCATCAGCATCTGTTCACGCCGCCGAGGTTTACAATAAAAACGGTAATAAGCTTGATGTGTATGGAAAAGTTAAAGCCATGCACTATATGAGCGATTATGACAGCAAAGATGGCGATCAAAGCTACGTTCGTTTTGGTTTTAAAGGCGAAACGCAAATTAACGATCAATTGACCGGCTACGGGCGCTGGGAAGCTGAGTTTGCCGGTAATAAAGCCGAAAGTGATTCGTCCCAGCAAAAAACCCGCCTGGCCTTTGCTGGCCTGAAATTAAAAGATATCGGTTCTTTTGACTATGGACGTAACCTGGGCGCGCTGTACGATGTTGAGGCCTGGACGGATATGTTTCCCGAATTCGGCGGCGACTCTTCCGCCCAGACCGATAATTTTATGACTAAACGCGCCAGCGGGCTGGCGACTTACCGCAATACCGATTTCTTCGGCATCGTTGATGGACTGGATCTTACCTTACAGTATCAGGGGAAAAACGAAGATCGCGATGTGAAAAAGCAAAACGGCGACGGCTTCGGCACATCCGTGAGCTATGATTTCGGCGGCAGCGATTTTGCCGTCAGCGGCGCTTATACTCTCTCCGATCGCACCAGGGAGCAAAATCTGCAGCGCCGCGGTACGGGCGATAAAGCCGAAGCCTGGGCTACGGGTGTTAAGTATGACGCTAATGATATTTATATTGCGACCTTCTATTCAGAAACCCGCAACATGACGCCAGTTTCCGGCGGATTTGCCAATAAAACCCAAAACTTCGAAGCGGTTATCCAGTATCAGTTTGATTTTGGTCTGCGTCCGTCATTAGGCTATGTGCTGTCAAAAGGCAAAGATATTGAGGGCGTCGGCAGTGAGGATTTGGTGAATTACATTGACGTTGGCGCAACCTATTACTTCAACAAAAATATGTCCGCGTTTGTAGATTACAAAATCAATCAGCTTGATAGCGATAACACGTTAGGCATTAATGACGATGATATTGTGGCAATAGGGTTGACCTACCAGTTCTGATAAGTCGCATTGTGCCTGATGGCGCTGCGCCATCAGGCATGACAGCAGGGTTATGCCGACAGTTTTACCGGCTCGTCGTTGAAATCGTCAGACGGCTCCAGCGCCAGCTCCATAGAAATCAGCAGGTCGCGTAGCTTTTCATGAAACTCGCGTAGCGTGTATTCCAGTCGCTCCACCACTTCGGTTTCGTTAATCGGCACTGCGGTCCAGTTGCCCTCTTTATCAAACAAACCAAACTGATAACGATAAGTGAAGCGTTTCTCTTGTGCTTCCAGCTCCATCCACCAGCCCCAAAATTCACGCTTCTCTGGCGCGGGCTTCACGTTGACGCAAACTGCCAGGCAATCGAAAAAAAAACGATTGTCTTCGCACTGCCCTTCCCGGATATAGGGGCCAAGCGCGGTAAATTTCTTGATCAATCTACTTTTCGGGTGTCCACTCGGTAACGTCATTGCGATCTCCTTTAATGAAGCAACTGTTTTACCAAATCAATAGAATTTATCAATCTATTAACACAATCTATGATTAATCCAGTCGGTAATTTCTTGCAGCGCGCGGTCAAAATTGCGGTACACCGGGTTAAAAGGGATCTCTATCAGCTTACCGTCTGAAGATGATGTTGTAATTAAGCGAGACTCTTCTTCCGGGCTGAAAGGATCGTTTTTCCAGAAGCCGGAAAGCATTGGCGTAGGACAACGTCTGCCCAGTAGCCCCTGTACTTTCAACGAATAGCGATTGAGCTCCACACGCAGCGCCTCATCCGAAGCATCATGCATACCCAGACGGCTGGCCAGCACATCCAGATACATCTCCGGCACCGTGCTCTGTCGTTGCGGATCGCTAAGTAGCGCATGGACCACCGGCCCCAGGCAGGCCACCGCTTTCAAACGCGGCGCTTCCAGATAGGCCAGACGCACCGCAACGTTGGCGCCAAAACGGAAACCAAACGCCGCAACACGGGTATGATCCACCCAGGGGACATTAGGAAGCGCTTTTAACACATGCTGGTGGAGCAAGCTGGAATCCTGGGTTAATTTCCACTTTGATGAAAATCCAACCGAAGGCATATCAAGCGTTAACATCGCGATACCGCGCGGCGCGAAATAGCGTTCATACAGGGTGTAATAGTCGGTTTGCATGGCGTCCAGGCCGCCGCACATGAGCACCGTCGGAAACGGGCCATCCCCTTTCGGCATATGTAAAAACGCGGTGACAGGCGAACCGCCAGGAACGGCAAATTCCATTTCACGTAACGAGCCTGGCAACCGCTGCGCGGCCTCTTCATAGGCGCGATTCGCCAGCGCCTGCGCCTGCTCCGCCAGCTCATCGCCCTTCAAATGCGGGTAGGCGGCAATGTTATAGAGCGTTGAGGCATGAAGCCAGTAGCGTCCGCTGCGCATGGCGTCCTGTTCCTGACAGGCTTTCTGCTGCCAGTCCATCGCCTGCTTTGCCCACTCATAAATCCAGTTGCCGCCGCGGTAACCGATGACCGTATCGTATAAATCATCATCCGTTCGCTCTGCGTCGCTCATCACAATGCGCGCCTGCACATCAAGGATTTCTCGTGGATCAACGCCGCGCCAAATCCACATCAGGCGGTTTATCATGCGATACCAGTGCGGGACATTCTTACCGTCCAGCGCGGATTGCATGGGCGGCTGCGACCCACGATTGAACCGACGGACAAGGGTAGACGTTTCAGTATGTTTAAAGCGGGGTTTGAACAGGGTTTCGCTGAGGTTAGCCTGTGTCATTCGTGCAGCCTCCTTGGATACTCATAGAGGCTTATTGTAACCAATAAAACAGCGCCCGGCATTGCCGGGCGCTCTGAAAAGCTGCTGATTAACGACCTGAAATCGGCGGTACAAATACCACACCCATATCCCAGGGCTGTTCAATCCAGGTGTTCTGAGGAATATCAATAACATAATCATCAACCAGCGGACGGCCCGCCGGTTTAGCGAAAATCGTGACGAAATGCGCTTTAGGGTACATTTCACGAATCGCGACGGCGGTGCCGCCGGTATCGACCAGATCGTCGATGACGATAAAGCCTTCGCCGTCGCCTTCTGCACGTTTCAGCAC
NZ_CP039489.1_gap98	3712224	3713098	874	AAATCGGGCAATACTGCCTGAGAATTTCCAAAGCAGGCCACAAGCGCCTGCTTAGCCAAGGTAAACGACAGGGTAAAGAAGTTATGATTCGCACCATGCTGCAAGGCAAGCTCCACCGCGTAAAAGTCACGCAGGCGGACCTGCACTACGAAGGCTCCTGCGCCATTGACCAGGATTTCCTTGATGCCTCCGGTATTCTGGAAAACGAAGCGATTGATATCTGGAACGTGACCAATGGGAAACGTTTCTCAACCTATGCGATTGCGGCTGAACGCGGCTCCAGAATCATCTCGGTGAACGGTGCGGCGGCGCACTGCGCTGAAGTTGGCGACATTGTGATTATCGCCAGCTTCGTCACCATGTCTGATGAAGAAGCGCGTACATGGCGTCCGAAAGTGGCCTATTTTGAAGGCGACAACGAAATGAAGCGCACCGCGAAAGCTATTCCGGTACAGGTTGCCTGATTTTCAATAATAGGACAACCCCTCCAGGAAAACATATTTTGGGACGGGTTGTCTTTTTTTAAATCACCAATAAATAATATTATTTATTATTTATCTTATTGCTTAAATAATAAAGCATTAGTTTTACTTAAAAAAAGATAAAGTATTTCTAATGGATGGCTTTATTCCCTTTCATCGCCACTCTCTATAAAATCCGCCTCGAAATATAATATTTCAACAAATAAGATATATAAATATATTTTATTTATATTTATCACTAAAATATGGATATTCTAAATGTTTTTCAGAAAATATGGCGTAGCCGCTTTTATTGCAATGACTTTGAGTGCCGGGTCTGCAATGGCAGCAGATCCAGATACGGGTACTATTACTTTCCACGGTCTGGTTTCTAACAATACCTGTAAAATCTC
NZ_CP039489.1_gap99	3730614	3733053	2439	AAGTCGGGTTCGACTTCTGGGCGCTCACGCCGCGTAGCGATATTCTGGTGTTTTTCGGCATCTGGCTAATATTGCCGTTTGTCTGGCATCGGCTGGTGGTTCCTTCCAGCGGCGCAGTGGCGGCGCTGGTCGTGGCGCTGCTGATTAGCGGCGGCATTCTGACCTGGGCTGGCTTCAACGACCCGCAGGAGATCAACGGTACGCTTCGCGCCGACGCCACGCCCGCCGCAACAAGCTCGTCGATCGCCGACGAAGACTGGCCGGCCTATGGGCGCAATCAGGAAGGCCAACGCTATTCACCGCTGAAACAGATCACTGCGGATAACGTTCACCAACTGAAAGAAGCGTGGGTCTTCCGCACCGGCGATCTGAAACAACCCAACGATCCGGGTGAAATCACCAACGAAGTGACCCCGATTAAAGTCGGCGATACGCTTTATCTGTGTACAGCTCACCAGCGTCTGTTCGCGCTGGACGCCGCCAGCGGTAAAGAGAAGTGGCATTTTGATCCTCAGTTGAAGACCGATTCGTCTTTCCAGCATGTGACCTGCCGCGGCGTCTCTTATCATGAGGCCAAAGCGGATACCGCCTCGCCGGAGGTCATCGCCGACTGTCCGCGCCGTATTATCCTCCCGGTCAACGACGGTCGCCTTTTCGCGGTGAATGCCGAAACCGGCAAGCTGTGTGAAACCTTCGCCAACAAAGGCGTCCTGAATCTACAAACCAATATGCCGGATACCACGCCGGGACTGTATGAACCGACGTCGCCGCCGATTATCACCGATAAAACAATTGTCATTGCCGGTTCGGTCACGGATAACTTCTCTACCCGCGAAACGTCCGGCGTTATCCGTGGTTTTGATGTTAATAGCGGTAAACTCATGTGGGCCTTCGATCCGGGGGCGAAAGATCCGAACGCGATTCCAGCCGATGAGCACGCTTTTACCTTTAACTCGCCGAACTCCTGGGCGCCTGCCGCCTATGATGCGAAACTGGATCTGGTCTATCTGCCGATGGGCGTGACCACGCCGGATATCTGGGGCGGTAACCGCACGCCGGAGCAGGAACGTTATGCCAGCTCCATCCTGGCGCTGAATGCCACCACCGGGAAACTGGCCTGGAGTTATCAGACCGTCCATCACGATCTGTGGGATATGGACCTGCCGGCACAGCCGACGCTGGCGGATATTACCGTTGACGGTACTACCGTTCCGGTTATCTATGCGCCAGCGAAAACCGGTAATATCTTTGTGCTGGACAGACGTAATGGCGAGCTGGTCGTGCCCGCCCCGGAAAAACCGGTCCCGCAGGGCGCGGCAAAAGGCGATTACGTCGCCAAAACTCAGCCGTTCTCTGATTTAACCTTCCGCCCGAAAAAAGATCTCTCCGGCGCGGATATGTGGGGCGCGACCATGTTCGACCAACTGGTGTGCCGCGTCATGTTCCACCAGTTGCGCTATGAAGGTATCTTCACCCCGCCGTCCGAGCAGGGGACATTGGTATTCCCTGGCAACCTGGGGATGTTTGAATGGGGCGGTATTTCCGTCGATCCAGACCGTCAGGTCGCTATCGCTAACCCGATGGCGCTGCCGTTTGTCTCGAAGCTGATCCCACGCGGCCCGGGTAATCCAATGGAACCGCCGAAAGACGCGAAAGGTACCGGTACAGAAGCGGGTATTCAGCCGCAGTACGGCGTACCGTTCGGCGTCACGCTGAATCCGTTCCTTTCACCGTTTGGCCTGCCGTGTAAACAACCGGCCTGGGGCTATATTTCCGCGTTGGATCTGAAGACCAATGAAATCGTGTGGAAGAAACGTATAGGGACGCCGCGCGACAGTATGCCGTTCCCGATGCCGGTTCCGGTGCCGTTCAACATGGGGATGCCCATGCTGGGCGGGCCAATCTCAACCGCCGGTAACGTGCTGTTTATCGCCGCGACCGCCGACAACTACCTGCGCGCTTATAACATGAGCAACGGGGAAAAACTGTGGCAGGGACGTTTACCCGCCGGAGGCCAGGCAACGCCGATGACCTATGAGGTAAACGGTAAGCAGTACGTGGTCGTTTCTGCCGGAGGCCACGGTTCGTTTGGTACGAAGATGGGCGACTATATCGTGGCCTATGCTTTGCCTGACGACGCGAAATAACCATTAATGCCCGGCGTATGCCGGGCATTGTGCCGGGTGGCGGTTTCGCCTTACCCGGCCTGCGTCACAGACATCGGTCAGACCGTAAATCCTAACATCATTCCCGTATCTTCATGTTCTAACAGATGACAGTGCGCCATATAGGCATGTTCCTTCGGTGCGTCGTGATCGAACTTGACCAGCACTTCGCTGATACCACCCTCAACGCGTACCGTATCCTTCCAGCCCGTTCTGTGCGCCGCTGGCGCTTTGCCGTTCTCTGACAAAATACGGAACTGGGTGCCGTGAATAT
NZ_CP039489.1_gap100	3876694	3879909	3215	GTCGTTTTTTATCTGCGGACGTCCATTCGCCTTTAATCTCACTGCTGGAGATTTCCGCATTCCAGTAACCCGAAAGCGCCTTTACGCGTTCTTCAAGATGTACCTCTTTATCCTGGAGTGAGCCGCGTAGAACAATCGCTGCCTTGTGCTGATTGCAAGGTTCATAGCAGTAATACCCATTAAGAGAGTTACCAAATCGCGTGATATTAACGTTTACCGGTTTCCCCGCGATAGTCCCGGTATAGTTTCGCTCCCAGGCAGGTAGCTCCAGCACCGTGGCGCTTGTTGCGTCCATCCAAAAGCCGATGGCGAGTAACGTTGGCAATCCATATTTTATTTTGCCCATTTCCCTTATCCCTGTAGGCATTACAACCAAAAAACCAGCAACGATTGTGCTGGTTTTTCAGATGAATAGCAAAAAGGTGGGGCATTAGCAACGGATGACGACTACGCCTTATTCTTCCTGTCGCACATTGAATATCAAAAGAAATTCTTAAGATCTGGTCAACGTAGCGTCATCAGGCAGATTTCTGAATTATGAAATCTTATTCGACCTCACGAACATCCACACGCAGCTCTTTCGGCACTTCAAAAACAATATTTTCTTCGCGCCCCTCAAGCGTGACGGCTTCGCCGCCGCCAAACTCGCGCAGACGCGCAATAACATTCTGCACCAGAATATCCGGCGCGGAAGCGCCAGCAGTGACGCCGACGCAGGCGGCTTCTTTCACCCACGCCTCCTGGATATCCGCCGCATCGTCGATAAGAAACGCGGTTCTTCCCATCCGTTGGGCCAGTTCCGCCAGCCGGTTAGAGTTAGAAGAGTTTTTCGAGCCGACCACCAGCACTACGTCAGCCTGCTCCGCCAGCGCCCGCACCGCTTCCTGACGATTAGTTGTGGCATAGCAAATATCGTCTTTGCGCGGGCCGACGATTTTCGGAAAGCGTTTACGCAGCGCATCAATCACATCGGACGTATCGTCCACGGAAAGCGTGGTTTGCGTCATGAAGGAGAGCTTGCCTTCATTTTTGACATTCAGCGTCCAGACGTCCTCTGGCGACTCAACCAGGTACATCCCCCCTTCCGGGTTGCTGTACTGGCCCATGGTGCCTTCCACCTCCGGGTGCCCGGCGTGGCCGATGAGAATAGATTCTTCACCGCGACGGCTGGCGCGCGCCACTTCCATATGGACTTTCGTCACCAGCGGGCAGGTGGCGTCAAAAACGGTAAGATCGCGGCTTTTCGCCTCGTTACGCACCGCCTGGGAAACCCCATGAGCGGAGAAGATCAGAATGGCGCCATCCGGCACTTCGCTAATTTGCTCTATAAAGATCGCCCCGCGCTGGCGCAGGCTGTCCACTACATAGCGGTTATGCACGACTTCGTGCCGAACGTAAATTGGCGCGCCGTAAATGGCGAGCGCATTTTCAACAATGCTGATAGCGCGGTCTACCCCGGCGCAAAAACCGCGTGGGTTGGCCAACAGGATCTGCATGTTTATGCCTCCAGCGCCGGATCGATTTCCAGCACTTCAATATCAAAGTGAACGGTATGCCCGGCCAGCGGATGGTTAAAATCAACGGTAATCGAGTCGCCGTTGATTTCGCGAATCACGCCTGGCATTTCGCTGCCATCCATTGCGGTAAAAAGCATAATCGCCCCGACTTCCGGTTCGCCCGCCGCCATAAACTCACGGCGCGAGAAATACTGGATCAAGTCCGGACTGGGGACGCCAAACGCGGCGTCAGGCTCCAGCGAAAACGCTTTCTTTTCCCCTTCTTTCAACCCCAGAAGCTGCTGCTCCAGACCTTCGGAAAGCGAGGTATCGCCAAGACGGAACAGGGCTGGCTTGCCGTTATTGCGGGTAGATTCCGCCGTTGAGCCATCATCCAGTTTCAGGGTGAAGTGAACGAGGATCGCGCTGTTGCTCTGTACGGATTTAGACATGCAAATTGCTCACGTGTTTTGCCCGGAGGCACAAAGAACTATAAAACCGTAGGCCGGATAAGGCGTTTTCACCGCCATCCGGCACCACGTTTGCCTGATGGCGCTGCGCTTATCAGGCCTACAAAACCGGATAAGCGCCATCCGGTATTTACGCTTATGCCTGTTCTTTCGCTGTCGGCTTCGGCAAAAAGCCTTCCAGTACTATCAGCGCCGCGCCGATACAGATCGCGCTATCGGCAAGGTTGAACGTCGCGAAATGCCAGTCGCCGACGTAAAAATCGATCATATCGACAACAAAGCCGTGCCACAGGCGGTCGAACAGGTTACCCAGCGCGCCGCCGATGATTAACGCATAAGCGATGTTATTCAGCTTCTGCGTCGCTTTCGAGCGATACATCATCACCAAAAGAATTACGCAGATCCCTATCGCAATCCCGGCAAAGAACCAGCGCTGCCAGCCGCCGCTATCCGCCAGGAAGCTAAAAGCCGCGCCGTAGTTACGCGCATAATGCAGATTAAGCGACGGGAACAGCCCTACCGTATCCCCCAGAGCGAAATTCTGGAGGATCAGGTATTTGCTGCCCAAGTCGATAATCAGCACGACTACTACCAGCCATAGCCAGCGTAGTCCTGTTGAACAGAGTGGTTTACTCATCAGGCAAATTTACGTTGTTCGCCATTACCGGCGATGTTGCTGACACAGCGTCCGCAGATATCTGCATGTTCCGCCACCTTGCCGACATCAGTAGTGTAGTGCCAGCAGCGCGGACACTTATCACCCTCGGCACGCGTTACCACTGCCTGAACTGTCGTATTACCAGCATTGTACTGAATATTTTCATCATCAATACCCCCCGCTTGCTCAGAAATCACGAACTGGGAAGTAATGAAGATAAATCTGACCTCTTCGCCCAACAGTTTCAGCTTCTTGATCGTACCGTTAGCATCGTCAGCATATTTCAGCGTCACTTTTGCTTCCAGGTTCGATTTGATGCCATTGGCTTTCTGATTTTCCAGCTCTTTGTTGACCTGGTCCTTGATATAGCGGACATCGTCCCAGAATGCGTCATTAAATTCTTCATTCTCTTCCAGGCCAAACAACCCGTCGTACCATTCGCCGGTGAAGACATATTTTTCACGCTCGCCCGGCAGGTAGCCCCAGATTTCATCAGCCGTGAAGGACATGATCGGCGCCATCCAGCGAACCAGCGCTTCTGCGATATGATACAGCGCAGTCTGGCAGCTACGACGCGCGACGCTATCGGCC
NZ_CP039489.1_gap101	3882683	3884814	2131	GCCCCCGCCTTCTGTAATAACAAGAAATCGCCCGCGCGGCTAGCACCAAAGCGGAAATCATCGCCGACGGCAAGAAATTGCACGCCAAGTCGCTCCACCAGCAGTTCGCTGATAAACGTTTGCGCCGTCAAAGCGGCAAAGCGGCGATCGAATTTCACGCACAGCACATAGTCCACGCCGCACTGCGCCAGGTAATGCAGTTTTTCACGCAGGCGCGTCAGGCGGGCGGGCGCTTTATCCGTCGCGAACAGTTCCAGCGGCTGCGGTTCGAAAATCATGACCACCACCGGCAGACCGCGTCTGCGTCCTTCTTCCTGCAAACCCTGCAGTAGAGCGCGATGCCCCCGATGTACGCCGTCGAAATTACCAATGGTCAGCACACACCCATGCGGGGCCTGACTGAGATTATGTATGCCGCGTATCAGCTTCATGTCTGACTCAAAACAGTGAAAATCGCAAGAGTATACCTTGTACAGCGGTTAAGGTTAACCGGCGATTGCCCTGATGAAACATAAAGAAGATGCTTTTCATCGCCATGCGGCAAACTCCGCCCCAAAACCCGCCGCTTAATGCAATTTTTCTCATGGAAAGGCTGTATTCACAGCACGCAAGCTGGTAGAATCCTGCGCCATCACTACGCAACGAGTGCTGCAATTTAAACGGCGCTTATTTGCACAAATCCATTGACAAAAGAAGGCTAAAAGGGCATATTCCTCGGCCTTTGAATTGTCCATATAGAACACATTTGGGAGTTGGACCTTGGCTAATATCAAATCAGCTAAGAAGCGCGCCGTTCAGTCTGAAAAGGCTCGTAAGCACAACGCAAGCCGTCGCTCTATGATGCGTACTTTCATCAAGAAAGTATACGCAGCTATCGAAGCTGGCGACAAAGCTGCTGCACTGAAAGCATTTAACGAAATGCAACCGATCGTGGACCGTCAGGCTGCTAAAGGTCTGATCCACAAAAACAAAGCTGCACGTCATAAAGCTAACCTGACTGCACAGATCAACAAACTGGCTTAATCGCCTGCTTGTTATCAGCTTTGTAGAAAAACCCGCGTAAAGCGGGTTTTTTTATGCCTGCTATCTGCCGTTTTGCTCGTCAACCGCTGGCGCTGACCTCACTCGTTCACGCTCTTCCTGAGCAGCCTATTTTTTCAGCTACCCCTCCCTTAGTCACATAATACTTGAAAGTTATTTTCTTTCACTGTTTTCCTTTTCTTATTTCATTACTGAAAAAACTGTGACCACCTTAGCAAATAAAAACATCGCTCATTCAAAAACTAATAAACGCAATCCTGATGTAAGATTTAATAATTGATTGATGCCGTCGGGTTAACTACTTTTCATGTACACCTTACTTACTCATTTTAATCTGAGGTTAAATTCAAAAACGACATAAAAATAATATTCAAAACTTGCTTAGAAAGTAGAGGTTGTTTTTCTGGGCGTATCGTACCAATATCGGAGTTATCATTATGAGTTCTGTCATTGAGGATACCCAGCCTTCCGGGTCAGCATCATTGTCTTTACTACAGCGTATTAGCTACGGCTCTTTGGATGTGGCGGGTAATCTGCTGTACTGCTTCGGTTCAACGTACATTTTATATTTCTACACAGACGTTGCGGGCATTAGCCTTGCCGTAGCAGGCGTTATCCTGCTGCTGGCGCGTATTATCGATGGCATAGATGCCCCCATATGGGGGATCATCATCGATAAAACGCGTTCACGCTACGGTAAATGTCGTCCCTGGTTTTTATGGTTACCGCTGCCTTTTGCGGTATTCAGCGCGCTGTCATTTTGGTCTCCTGATATCAGTATGACAGGAAAAGCCATCTATGCAGCAATATCTTATATGATTGCCAGCATTCTATTTACCGGACTTAATACACCACTCAGTGCAATATTACCCCTGATGACCTTATCTCCCAAGGAAAGACTGGTTTTAAATTCCTGGCGAATGACCGGTGGACAAATTGGGGTTTTATTAATGAACGCGACCGCCTTGCCGTTAGTCGCTTTTTTAGGTAACGGTGATGATCACGCTGGTTTTATTTATACGGCAATTACGTTTGCCATTATATCCTGCGCGCTAACGCTCTTTGCGTTTAAAAACATTCGTGAAATGGA
NZ_CP039489.1_gap102	3994160	3998894	4734	GGACGCCGAGGCAATCTCGCCCATGATATCGGTCACGCGGGTCACTGCATTGACGATCTCATCCATGGTTTCACCGGCGCTTTCGACCAGCGTCGAACCTACATCAACACGGCTCACGGAATCCTCAATCAGACTCTTGATCTCCCGTGCCGCCTGCGCGCTACGCTGGGCCAGATTACGGACTTCACCGGCCACCACTGCGAACCCGCGTCCCTGCTCGCCTGCGCGCGCCGCTTCTACTGCCGCATTCAGCGCCAGGATATTGGTCTGGAAAGCAATACCGTCGATTACGCTGATAATATCGGCGATTTTCTGCGAACTGGAGGCGATATCGCGCATTGTTTGTACGACGTTATCCACCACTTTGCCGCCTTTTTGCGCTGTCTCTGACGCACTCAGCGCCAGGTGACTGGCCTGACGGGCGTTTTCGGCGTTCTGTTTCACGGTGGCGGTCAGTTGTTCCATACTGGCGGCGGTCTCTTCCAGAGACGCTGCCTGCTGCTCAGTACGGGAAGAGAGATCGTTGTTGCCCATCGCAATCTCGCTGGCGCCGCTATAGATCGCATTCGCGCCGTTACGTACATCGCCCACGGTACGCATCAGTTCACTTTGCATATGACGCAGGTTTTCAGCCAACTGCCCCATTTCGTTGGAGCCTTCCACGTCGATACGCTTCACCAGATCGCCGCTGGCGATATGACGAATGCTTTCAATCAGACGATTCATCGGGGCGATAAGCGACAGTTTGATGCCGAACCAGACGGCGATAATGACCACCAGAACGGCAATCAGCACACTGACCAGTACCCACATCGCCTGGTTGTAGGAACTGTTGTTATCCTCAACAGCAATATCGTACAGACGATCGTTTTGCTGCATATAGGCCATGTACTGTTTCTCAAAAGCGTCCTGATAGCTTTGAGTCGGTTGATCAAAAAACTCGTTAATCTTACCCGCGCCAAGAAGCTGAATAAGCTCCGCCAACGCACCGTGGTAGATATCATAGGTTCGTTTGATCTCAAGGAAAGCCGCTTCACTCTGACGTGGATCGCGCGGTAACGCCTCATACTGCTCCCAGTTTTTTTCGGTCAGCTTCAGCGTATTGGTCGCCCCCTGCATCAGTTCAGCGACAGTTGCGCCGCTGCCAATATTGCTCTGGTCCATCATCCAGCGGATACCCGCGCGATTCAGGGTATTACGCGTTTGCAACAGCTCCACCCAGGTTGCATTCAGGGCAGACTGCTGCTGACGAATGGTTTGCAATACGGTGAAGTTTTCTTTGTCATTCTTCAGCGAGTTGAAGAACAGCCCGCCGGATGTCAGTTGTAAAAGGCCAAATAGCGCCAATACCAGCAGTAAGCTGGTAACAATTTTAATTCGCTTTAACATGTTTTCTCTTTCCGCTAGACAGATACAGAATTTTCGGCCTGGAAAGGGAAAACTTTATGGGATGCGCGCCATTAATATCACGATTAGCTCAGTGAAGTCGTTATGACGCCCCGCGCAACAAGGATCGTCCCATTTTATATCGTGATCTCAATCACATAAAATAGCCCACGCCCTCCTCCGCGAAACCGCTTACCGGTACGTCCGACCGCTTAAACCGCCATACAACCACTCACTGATTTACCTAACTTTACGCGCGCGATGATCTGGCAAGATCCTCTCAGCATAGCAGTCAATCTACCTCCTCAAACACGAACTCAATATCCACCCAGCTTCGGCTGATAATTAAACTTACAACCAGGTTTTACTATGGATACGAAAAAGATATTCAAGCACATACCCTGGGTGATTCTCGGAATCATCGGTGCTTTCTGCCTCTCGGTCGTTGCCCTACGTCGGGGTGAACACGTGAGCGCCCTGTGGATCGTGGTCGCTTCCGTTTCCGTCTATCTGGTGGCTTACCGCTACTACAGCCTGTACATCGCCCAGAAGGTCATGAAACTCGACCCGACGCGCGCGACGCCGGCGGTTATCAATAACGACGGCCTGAACTACGTGCCGACTAACCGCTACGTGCTGTTTGGTCACCACTTCGCCGCCATCGCTGGCGCAGGTCCGCTGGTCGGGCCGGTATTGGCCGCGCAGATGGGCTATCTGCCGGGGACACTGTGGTTACTGGCGGGCGTGGTGCTCGCGGGCGCAGTGCAGGACTTTATGGTGCTGTTCATCTCTTCCCGCCGTAACGGCGCCTCTCTTGGCGAGATGATCAAAGAAGAGATGGGTACCGTTCCAGGCACCATCGCGCTGTTCGGCTGCTTCTTAATCATGATCATCATCCTCGCGGTGCTGGCATTAATCGTGGTTAAAGCGCTGGCCGAAAGCCCGTGGGGCGTCTTCACCGTCTGCTCCACGGTGCCGATTGCGCTGTTTATGGGCATCTACATGCGCTTCCTGCGTCCGGGACGCGTAGGCGAAGTCTCCGTTATTGGTATCGTGCTGCTGGTGGCGTCTATTTACTTCGGCGGCGTGATTGCCCACGACCCTTACTGGGGCCCGGCGCTGACCTTTAAAGACACCACCATTACCTTCGCGCTGATCGGCTACGCCTTTGTTTCCGCGCTGCTGCCGGTATGGCTGATTCTCGCCCCGCGCGACTATCTCGCTACCTTCCTGAAAATCGGCGTGATCGTCGGTCTGGCGCTGGGGATTGTGATCCTCAACCCGGAACTGAAAATGCCGGCGTTGACGCAGTACGTCGACGGTACCGGCCCGCTGTGGAAAGGCGCTCTGTTCCCGTTCCTGTTCATCACCATCGCCTGTGGCGCCGTCTCTGGCTTCCACGCGCTCATCTCTTCCGGTACCACGCCGAAACTGCTGGCCTGTGAGACCGATGCGCGTTTTATCGGCTACGGCGCGATGCTGATGGAGTCCTTTGTTGCGGTGATGGCGCTGGTGGCGGCCTCGATCATTGAACCGGGTCTCTACTTCGCGATGAACACCCCGCCGGCAGGTCTGGGCATTACCATGCCAAACCTGCACGAGATGGGCGGCGAGAACGCGCCGCTGATTATGGCGCAGTTGAAAGACGTTACCGCACATGCAGCGGCGACCGTCAGCTCCTGGGGCTTTGTGATTTCCCCGGAACAAATCCTGCAAACTGCGAAAGATATCGGTGAACCGTCAGTATTGAACCGCGCAGGCGGCGCGCCAACGCTGGCAGTAGGTATCGCGCATGTGTTCCACAAAGTCCTGCCGATGGCGGATATGGGCTTCTGGTATCACTTCGGTATTCTGTTCGAAGCGCTGTTTATCCTGACCGCACTGGATGCGGGTACCCGTTCCGGCCGCTTTATGTTACAGGATTTGCTGGGTAACTTCGTCCCGTTCCTGAAAAAAACCGATTCTCTGGTCGCGGGTATCATCGGTACCGCAGGCTGCGTCGGTTTGTGGGGCTATCTGCTGTATCAGGGCGTGGTCGACCCGCTGGGCGGCGTGAAGAGCCTGTGGCCGCTGTTCGGTATCTCTAACCAGATGCTGGCCGCCGTGGCGCTGGTGTTGAGCACCGTGGTACTGATCAAAATGCAGCGCACCAAATACATCTGGGTGACGGTTATTCCGGCGGTATGGCTGCTGATCTGCACCACTTGGGCACTGGGCCTGAAACTGTTCAGCGCCAACCCACAGATGGAAGGTTTCTTCTACATGGCAAACCTGTATAAAGAGAAGATTGCCAACGGCACCAACCTGACCGAGCAGCAGATTGCCAACATGAACCATATCGTGGTGAACAACTACACTAACGCTGGTTTGAGTATTCTGTTCCTGGTGGTGGTGTACAGTATTATCTTCTACGGTTTCACCACCTGGATGAAGGTACGCAACAGCGATAAACGTACCGACAAAGAAACCCCGTATGTGCCCGTGCCGGAAGGCGGCGTGAAGATCTCTTCACACCACTAAAACTGATGCCGGGTAGCGCACAGCGATCCCGGCTAGTGTAGGCCGGATAAGGCGCAAGCCGCCATCCGGCTTTATTCATTAACAGGACGGCAGAATGTTTGATACTTTAGGTCAGGCAAAAAAATATCTCGGCCAGGCGGCAAAAATGTTGATTGGTATTCCGGACTACGACAACTATGTCGAGCACATGAAAACCAACCATCCCGACAAGCCGTACATGACCTATGAAGAGTTCTTCCGCGAACGTCAGCAAGCACGTTACGGCGGCGATGGCAAAGGCGGTATGCGCTGTTGTTAATGGAGAGACTATGACCCCGATTGCAGTTACCCTACTTACCGGTTTTCTTGGTGCCGGCAAAACCACCCTACTACGCCATATCCTCAACGAACAACATGGTTTTAAAATCGCCGTTATCGAAAACGAATTTGGCGAAGTCTCCGTTGACGATCAACTGATTGGCGATCGCGCCACACAGATCAAAACCCTGACTAACGGCTGCATCTGCTGTACCCGCTCCAACGAGCTGGAAGATGCGCTATTAGACCTGCTCGACAGCCGCGACCGCGGCGATATTGCTTTCGACCGCCTGGTGATTGAATGCACCGGCATGGCTGACCCCGGCCCGATTATTCAGACCTTTTTCTCCCATGACGTATTATGCGAACGCTACCTGTTAGACGGCGTGATTGCGCTGGTCGACGCGGTGCACGCTAACGAGCAGATGAACCAGTTCACCATCGCCCAGTCGCAGATAGGCTACGCCGACCGCATTCTGTTGACCAAAACCGACGTGGCAGGCGACAGCGAGAAACTGCGCGAGCGGCTGG
NZ_CP039489.1_gap103	4000608	4005326	4718	AGGACTGGTTTATTACAAAAATCAAAGGTGCTAATAAAACATATGTCCAGTATGAAACTAAAAATGGTATAGAAAGTTTAAAAAATCCTATTGAGCAAGTTCGTCAGTATGCTTTCCAGACCATTAATAGCCTCAAAACAGATCCACAACTTCGCCAGCAAGAAGGCCAATATCAGGGCAGTTTTGTTATGCCGTATGGATACGGCGTGTATCTGGCCAATATTTCTCGCTCTCAGCTTGAGAAAGCCTTTTCACCTACCGAACTTGCAGACATACTCCCTACCGATAAGGTGATATGTAAGGATGAACTCAATGAATTTATGTCTCAGGAAAAAGTAGCTGCCAGGCTCGCATTACTTGCCAAATACAACTTTGCTCACCAGACTACACCTCAGCAGCTGGATCGTATAAGATGGCATCTTTATCCTGATATTCGAATCCATAAACCCATTAAGCAAGCTGATGTAAAGAATTTCACACTCCACACACCAAGTATTATATCCATTATGGACCGGCAACAGGAACAACTTGCAAGAAGCATGGGGTCCGGACATCGGGTGATTCATGGCGTTGCAGGATCTGGTAAAACACTGATATTACTTCACCGTTGCCTCGAACTTGCAAATAATATTGAAAACGAAAAACCTGTTTTGGTCATTTGCTACAACATTACGCTCGCCAGGAAACTCAGAGCCCTTATTGAGAAACATACGCTCAGGCTTCCTGTTGAGGTCACACATTTTCATTTATGGTGTCATCAACAATTACAGTCTTATGGACGGCTACCGCCAAAAAGCAAAAACTTTGTTGAGCTAATGGAAAATGCCCTTTCTATCGCCTTTGAGGATGGAATCATCCAGCCAGAGCAGTACAGCGCCGTGCTGATCGACGAAGGCCACGATTTTAATCCTGAGTGGCTAAGAATTCTTACCCGAATGGCAGACACCAAAAATAACACACTGCTTTTCCTTTATGATGATGCACAATCAATTTATCAGAAAAAGAAAGCGCTCGACTTCACCTTATCCAGCGTCGGCATTAAAGCTCAGGGGCGAACGACAATCCTGAATATTAATTACCGTAATACTCAGCAAATATTACATTTCGCTAGTAGCATTGCATTTAACTATCTCAATAATCACATTGAGGATGCTCTTAAATATCAGCAGCCCGACTCAGGCGGAATTGCGGGTTCTTATCCTGAGTTGACCTGTTTTGATAACCAGGATGAGGAAATAACGCATATCCTTAACTGGGTTATCGAACAGCACCAGCGGGGCATTCCGTGGTTTGATATTGCCATATTGTGCCCATCAACCTATAGCATTAAAGACGTGCTGGGACCACAACTGACGGCTCGCAATATCCCTTATCAAATGATTATTACCTCTGCCGATAAAAAAAACTGGTCGCCGCAGCAAGAACGGCTGTGTGTTATGCCTCTGCCGAGCAGTAAAGGACTCGAATTTCAGTCAGTCGCTGTCATGGACGCAGCCAGATCCAAAAATGAAGAAGACTTGAGCAATGATATCAAAAGGCTTTACGTTGGTTTCACACGGGCTCGCTATAATCTGCTGATAACTATGAATGGAGAAAATGCACTCAGCGCGCATCTTCTCACTACCTATAAGCAGATAACACGATAGATGTAACGTAGGCATTCCCCCAAGCCGGATAATACACTGGTATTATCCGTTAACTTCCCATAAAAATCTTTTTTTCAGCAACCTGCCGCAGATTTTCCGCGCGGTGATTTCAAACAGCCACAGCACAGTTATTAGTACTCCTTTTTCTTACAACATGTAACCGGTCGCCTTAGTGGAAACAACAGGGAGCCACTTTAAGCTAAAATCTACAATCGACGGCCAGACACAACCGTCTTATCAGGGGAAGGCCTCTTGGTAACCTACCAATTTTAATATGATCTTTAATATCAACATATTAACAACATCGGTGTATACAAATTCATTCCCCAATATTCTACAAACAAAAAAAAGACATAAAACCAAGTGACAATCCCTTATGCAGTACGGTAGCTTACTGCACACACTATTCTATACGAGTTTTGCTACCAAAACGGAGATCAAAATGAAAAGGAAACGGGATACTGGCGGAGTATTGTGTGTTTTTTTGATAGCTGTTTCATACAATGTTTTGGTTAATGTAAATATTCAGTCACATAGCGCCTACATAGCAGAGAATACAACAACTGTTATTAGTGTTAATCTCTACATCGATAACAAACAAGAGAAAAAGTGATGATTAAATTGCTTTCTGAGGTCGCAGAGGTTACTGGCGGGCACACATTCCGAACCAAAGCTGAGGCTGCATCAGGTCATGTAAGACTCCTGCAGATTAAGGACATACAAGAAGGTATTCTGACTGATTTTTCAGCGCTTCCTTTTGCGGATATCCAGCCAGAGAAACTGAAAATAAATCTTCAAACTAACGATATTCTTTTACCACTCAGAGGGGAAAGGATACCGGCTATGATGATTGTTAACCAACAGAGTACACTTGTAACAACGACAAACCAAATTGCTGTAATAAGAGTTAACAGCCTTTTAATTAATTCTGAATATCTGTATTATTTTTTTAATTCTCCAGAAGGAGATGAGAAAATTTCTGCTCTACAAGGTGGAGGATTAGTCGTGAATCTTAGTTTAAAAAAGCTATTAACACTTGAAATACCCATACCATCGCGGCCTGTACAGGATGAGGTTATCGGCCTTCGTAAAATATGGAATGAACAAAAAAAAACTCTTGAGGATTTAATAGAAAATGGAACGACTCTATGCCATACTGCAATTAATAGATTAATCTACCGTGGCTAATATTATGCGCGAACATTATTTTTTAACAATGCTACAGTCACTCAGTTGTGATAGTATTGACAAATATACTCAAACGATGATTTGCCTTGAAACTACCGTACTGTGCCATTTACTTAACAATGCCAGCAGGCAACTTATCCATACAGATTTTACCAGCATCTTTTCAATTTATGAACAAAAAACAATAAACGATAATAGTTATATTAAGTTAAATCAAAAGGAGTTTAAACTAATATTCTCTAACATTACCCTCTATGATTTTTCACAAAGCCGTGATATCAAAAATTATATTTCAAGGATTACAGAAGTTTGTAATGAATACATTAATACTTTATCTATCCATAGTATTCTAGACTTATTCACATCTCTCATTGAAGAGAACCGCCCCCCGACACAGAAACATTACACTCCACACGAAATTGTCACGTTCATGGGTAACATAATTCAGGCACAAAAAGGCGAGTCTTTTTTTGATCCTGCTTGTGGCTCTGGTGAGTTTATCTCAGAAATCATAAAAAACCAAGTTGCTATATCAGGTTCAGAATATGACGTAGACAGATTGAAAATTTCAAAAATGAAGATGCTGGTAAATGATCTATCTCCATCAAATATCAGCCCATCTTACTTTACTGAGGGGCATAATCTTAAAAAAAATTTTGACATTATTCTTTCAAACCCACCGTTTTCTTTAAAAATTCCATTTGATATGGAAATGCACTTTTGTATGTATGGTAAGCCACCAGCATCAAATGCTGATTTTGCTTTTTTACAGTATTGCATTTTTATGTTAAAAGATAATGGCCGGGCAGCGATTATCCTACCTGATGGCATTCTTTTCCGAGAAGGCAAGGAATACGAAATCAGAAAAAAAATAATTAAAAATAACCATATTTCCGCAATTATCTACCTACCGAAAGGTATGTTCAAAACTACTGCAATCGCAACAAATATTATAGTTTTTAAGAAAAAGCAAAAAACTAATGATATCTTAATGATAAATGTGAGGAAAAAAAACAACCTGAATGTAAATTTATTATTAGAGTTAATTACCAAACGCAGCACTACTGAAATATCCAGACTCACTTCCCTAAACGAAATATCTGCTCATGATTACAATCTATCAGCCTCGTTATACTTCAGGCCACAAGTAAAAAAAACTGATCTGAAGCAATTAATAATGAAACAAAAGGAGCTTGAAGAGAAGTTACATTCATTACAATATGCTTTCCAGCACAAACTCACCTCGTTGAATTTATAATGTTATATGAATATTTTACCTACAGACACTATTAATCAATAGCCCACTGACGGTACTGAATCAGGAAGAAGATGACCATCGTTTTACAGGCAAGACCAATACCTGGCTCAATCAGGATTGCCAGGAATGAGACAGATGGTTTGCCAAGGATATTCTCCATATTCATGAACAAATATTCCACTTTTACCGCATGCTAAAATCATCTCGTTCTATCTGTTAAGTGATTCATCCCAAGGAATTTTGTACTTGTTATAGCAAACTATTGACACAGCAATCGTTAAGGGATGGACGTGAAGAATTATAAAGTGATTACCCCGCTTTTCCAACATACGAACATGACCCTGGCCATGATGAAAGCCGTCGCAAGATGCTCAGTTAAAGCGGTTCGAAATATGATCACCGCCATTCAGGAGCAGACCGGCCCCCCGCAGAACCCGGTTGACTGGTCCGAGCCGGATAACTGGATTAAAGAACGGCTCAGCGGTGAAGATGCCAGCATAGCCTGGCAAATCTGGAATATGGATAACTATATCCTGAACCCACGCCACAGCTATGGTTGCTACATGTTTATCAATAACCCTCTGTTCGATCTGATGCAAACTGCCGAGGACGGCGGCTGGTACCCC
NZ_CP039489.1_gap104	4018099	4022317	4218	CCCGACGCTGTTTCGCTTCACGCTTTTCTCCAACAACTTGCCAAAAGGGACGGTTTCAGCCTCGCTGAACATGGTGATTCTGACGGTGATGGCGGTGTCGGTCGAAGTTGGCCGCTGGCTGTGGTTTCACGGCGGGAGACTGCCGTTTCACCTGCTGGCAGCGGTGGCCGGGGTGATTGTGGTCTTCACTCTGGCGACACTATTACAGCGCGTGCGCCAGCATGAGGCGGCAGAACTGGCCGCTGAGAAGTAAACACTCTGCCGGATAGAGGCTTATCCGGCAAAGGATAACCTGATGTTTTTTGCACGTTCCTGCCGTCTGGCTCTATCCTTAACCCTATGAATAAAATCGCCGAACTCAAACGCGCCAAACGCCTGGCGCTCTCACTGTTGCTGATAGCCGCCGCGACGTTTGTGACCACGCTTTTCCTGCCGCCCAGTTTTTGGGTGCTGGGCGTAAAAGCTATTGCCGAAGCGGCGATGGTTGGCGCGCTGGCGGATTGGTTTGCCGTGGTGGCGCTGTTTCGCCGCATTCCCATTCCGTTTATTTCACGACATACGGCGATTATTCCCCGTAACAAAGACCGAATCGGCGAAAATCTTGGGCAATTTGTGCAGGAGAAGTTCCTTGATACGCAGTCGCTGATCGCGCTAATCCGCCGCCATGAACCCGCGCTGCTTATCGGAAACTGGTTCAGCCAGCCGGACAACGCCAGCCGGGTCGGGCAGCATCTGCTGCAAATTATGAGCGGCTTTCTGGAACTGACCGATGACGCCCGTATTCAGCGGCTGCTCAAGCGAGCGGTGCATAAGGCGATTGATAAAGTGGACCTTTCCGGCACCAGCGCCCTGATGCTGGAAAGCATGACCAAAAACGATCGTCACCAGGTGTTACTCGATACGCTGATCGCCCAGCTTATCGCCCTGTTACAGCGTGACAGCTCCCGAACATTTATCGCCAGACAGATCATACGCTGGCTGGAGACCGAGCATCCGTTAAAAGCGAAGATTCTGCCGACCGAATGGCTGGGAGAACACAGCGCTGAACTGGTCTCCGACGCGGTGAATTCTCTGCTGGATGATATCAGTCACGACCGCGCGCATCAGATTCGTCATGCCTTCGATCGTGCGACGTATAAGCTGATCGATAAACTTAAACATGATCCGGAAATGGCTGCCCGGGCAGAAAACATTAAAAGTTACCTGAAGGAAGATGAGGCGTTTAACCGTTATCTCGGCGAAATCTGGGCGGATCTACGCCAGTGGTTAAAAACAGATATCAACGCCGAAGACTCGAAGGTGAAGCAGCGCATCGCTCATGCCGGACAATGGTTTGGCGAGACGCTTATCGCCGACGACGCATTACGCGCTTCGCTTAACGGTCATCTGGAACAGGCCGCGCACCGCGTCGCGCCGGAATTCGCCGCCTTCCTGACGCGCCACATCAGCGATACCGTAAAAGGCTGGGATGCGCGCGATATGTCGCAGCAGATTGAGCTTAATATCGGTAAAGATTTGCAGTTTATCCGCGTGAACGGCACGCTGGTCGGCGGCGCTATCGGTCTGGTGTTATATTTACTGTCGCAAATACCGGCACTGCTCAGTATCTAAGAAGGGGAAGGCGCAATTCTCGTTCAGATTAACTGCCAAACCCCGCACGTGAGAGGCATTAATTTAATGCCATTTCCCACCGATGCCCCTCTTCTCAATCCGCTATTCGCCTGCGCTTCACTTTCTTTTCTTGCAAATTTGAAACATTAATTTTACTTTTTATTATCATTTACAACAACAATCCGGCATTCCTGCCTTACTTTAGCAAAGAGAAAAACCATGGTTCATGCTCAGAGCGCTTCACCTCGCCATCCCATTTTTACGGCGCTTTTCGGTATGATGGTATTGACGCTGGGGATGGGAGTTGGCCGCTTTCTGTATACGCCCATGCTGCCAGTAATGCTGGCGGAAAAGCAGCTAACGTTTAACCAACTCTCCTGGATTGCCAGCGCCAATTATGCAGGGTACCTGGTGGGAAGCTTACTGTTTTCCTTTGGCCTTTTTCATCTCCCCTCTCGTCTACGCCCCATGCTGCTGGCATCGGCGGTCGCCACCGGTATTCTTATTCTGGCCATGGCGATATTTACCCAACCCGCAATCGTCATGTTGGTGCGCTTCCTGGCAGGCGTCGCGAGTGCGGGAATGATGATTTTTGGATCAATGATTGTGTTGCATCATACCCGCCATCCGTTTGTGATCGCCGCGCTCTTTTCCGGCGTCGGGGCCGGGATTGCACTGGGCAACGAATATGTCATTGGCGGTTTACATTATGCGCTTTCGGCCCATTCGCTATGGCTGGGGGCCGGGGCGCTCGCCGGTATATTGCTATTAATCGTGGCAATGTTGATTCCCCCCCGCGCTCATGCGCTGCCGCCTGCGCCCTTAGCAAGAATCGAAAATCAGCCTATGCCCTGGTGGCAACTGGCGCTGTTGTACGGTTTCGCCGGATTCGGCTACATCATTGTCGCTACCTATTTGCCGCTGATGGCGAAAAGCGCGGGCTCTCCGCTACTCACGGCGCACCTTTGGTCGTTAGTCGGCCTGGCGATCATTCCCGGCTGCTTCGGCTGGCTGTGGGCGGCAAAACATTGGGGCGTCCTGCCATGCCTGACCGCGAATCTGTTGATCCAGAGCGCCTGCGTGCTGCTGTCTCTCGCCAGCGACTCGTTGTTGCTGTTAATACTGAGCAGTATTGGTTTTGGCGCCACGTTTATGGGCACAACCTCACTGGTGATGCCGCTTGCCCGACAGCTCAGCGCGCCGGGCAATATTAATTTATTAGGCCTGGTGACGCTAACGTATGGTATTGGGCAAATTCTCGGTCCGCTCGCCGCCAGTCTGTCAGGCAATGGCGCGTCGGCAATTATCAACGCCACGCTTTGCGGTGCCGCGGCGCTCTTTTTTGCCGCGCTGATCAGCGCCGCGCAGCAGATAAAACAAAAACGGTTTGTGATACGTGAATAAGCGGTAGAGTAAACCCGCGCTATCTGCACCGGGTTGTATCTTTAACGCTGTTCGCGGCGCAATGCGGATCTGTTTTTTAATAGCACATCCTCAACACGTTATTTCACGGTAAAGATGCCACTAAAAACTATACTTATTCTATGGTTATTAGTGCTATCAATCTGCCTATTATTTTATATACCCTTCCTACTTCAAGTGGCTTCTGTGTCGGCTACGGATTACCCGGCCCATCCATGGGCCTCGCCCTGACGGGCCGTTGCTCACCCCAGTCACATCGTTATCTATGCTCCTGGGGACTCACTCCCTTACCGCCTTTAAGCAACTCGAATTATTTTGGCTATATATTCCATTATGATGATTATCGCTGCCTCTCAAATCATCATAATTATAAATAAATCACATTATGAAATTAATTCGATTATTCGTTTTTTATTACCTGCCCGTAGGATTCTTAGGGCGCAAGCTGACCCATCAGCGGCTACTGACCTGACCGTGACAATTCCTCTTAAGGCGTGAAAAATTACAGTAAAAAAGTAAAATTTAGGTTAAAAAATCCTATTTTTTAACAACGATAATTAAGTGGCGTGAAATTGACTAACGTCAAATTTATTTCTCCTTTTTTCCTGCTCCCAGCTCCGGCCTGCGTCAACACCTGTTTCTTTGCTTTTTTACCTCGCGTTATACCGTCCACGGTTCCCCGCGCCCCCGGCAGTAGCGAGGATGGTGATTTTTCGCGCTGCTATGCAAGAAACGCATAGCACGATACATACTTGCATTTTGTCCTTACCCTTATGGCTGATAAGGTCTTTCTGTTTCGGGCTTTTTGGCCTGTGGCTACAACCAACACATCATCAAAAAAATTCGGGGATCGCTATGGCGCAACAAGTGGACGGGGCGGCCATGCCGCTTGATACAGAAAAGGTCGGGATAAAGGGATACCTGGCGTTTTTTCTCACCATTATTTTCTTTTCCGGCGTATTTTCCGGAAGCGAAGGCTGGTGGCGCGTTTTTGATTTTACCGTACTCAACGGGTCATTCGGTCATGTGACCGGTACGCAGACCTTTCGCGGCGCGGGCGGAACGGGCGCGAAAGATGGCTTCCTTTTTGCGCTGGAGCTGGCGCCGTCGGTTATCCTTTCTCTGGGTATCATCGCGATTACGGATGGGCTTGGCGGTCTGCGGGCGGCACAGCAATTGATGACG
NZ_CP039489.1_gap105	4037141	4040213	3072	AACTCAGCTTTAAAATTCGTTATTGAACGTGCGAAACAAGCACAGGTTCCAAAACATGTTATTGATAAAGCCATTGATAAAGCCAAAGGTGGCGGAGATGAAACGTTCGTGCAAGGGCGTTATGAAGGCTTTGGACCAAATGGTTCAATGGTTATCGCTGAAACGTTGACGTCTAATGTTAACCGTACGATTGCTAATATCCGCACAATTTTCAATAAAAAAGGCGGGAATATCGGAGCGGCAGGTGCTGTCAGCTATATGTTTGACAATACTGGAGTGATTGTATTTAAAGGAACAGACCCTGACCATATTTTTGAAATTTTGCTTGATGCTGAAGTTGATGTTCGTGATGTAACCGAAGAAGAAGGAAACATCGTTATTTATACTGAAGCTACAGACCTGCATAAAGGAATCGCAGCGCTAAAAGCAGCTGGAATTTCTGAATTTTCAACAACAGAATTAGAAATGATTGCTCAATCAGAAGTTGAACTTTCACCAGAAGATTTAGAAATCTTTGAAGGACTTGTTGATGCCCTTGAAGATGATGATGATGTGCAAAAAGTATATCATAACGTTGCAAACCTCTAATTATAAATTAAACAAATCTGTCTCTATGGCAGATTTGTTTAATTTATAAAGCTGTTATAAAAAAGTCTATCTGGCCAGATATAGTTTTTTTAAATTTATGTTTATTAGTTGCCACTTGATCTGACACATAGCCTTGAAAGGTTGAGAGTTACCGGTTTTGATATGGTGTTGAATCCTTATATAAAACATGAGGTAATTTTCATGTTTCATACGACGAATCCCGTCAGCAAGCTAAGCAAAAGCCAGCAATATCGGGCTACTTACAATCTCCCTGTGCTCTTTAAGATGCCGCGTCTCATAAATTCCGCTTGCGCTCATGATGGCTCATCTGGCGCTCTACGCGTCGCTTGACTACAGGTGTGACTCCACCAGCGCGCTACAGACCATAGTGCGAGAACCGTGGCCGATTACTTTGATGCCTTTGATGTGGAGCTATTTTTTACAGATAACGTATACCACACTCAAAATACTCCCCCAGATCAATGCCCTCCTCTGAACACCTCCCTCTTGTGCCATTCCACAAACCGTTCACCCGGATAATTTTCTTTCATCTGCGGCAACGCGATCTCTTTCCCCGCAAAATCCCAGAACAGCCGCTGTACCACCCCGCCACCATTCACCGCGTCGGAAACCACCACGCGCATATTTTCATCCAGGCCAATCGAACCACGATCGAACGCTTTATGATGGATTGCGCACAACGCCAGGCCATTAGGTACTTCACAAGGACCATGATGCTGCTTCCATCTGATATGGGCTGCTTCAAGCGCTATAGGGGCGTTGTCGTGGCGCATATTGAAGCCGCAGACCGCACATTGATAATTGTAAGCTCGTAGCACCGCCTGGCGGAACTTCGGATCGCGTTGACGGAGAGAGGTGCGAATATCAAAACCCATCTCGTCAGCGATGTCTTCCTGAATACTGGTCGGAAAATGCGCCTCAAGGATCTGCTGCGCCAGCGTGTCGATTAGCTTACGTTTTTTTGTTACCAGCGCGAAATTGACGGCATCAAACCCACCAGCGACATTATATTCAATGAGTTCGCGCTTGGGCGGCTGGCGGCTACCACTCGTTGAGCAGAATTCCGCGTTTTGCAATTCCCAGAAACCATCGCCCTTCAGACGCCAGAACGGCATATCCGGGCGCTGTTCACGGCGCTGTGGTCCATAGCGTTCCAGCAAATCCAGCAATTGCTCATGAATTTCAGAACCATAATCAAATAGACGATCGTGCCCCTGCCGATAGTGCGAGAGGACATATAACAGCAATAACGGCTTATGCGGCGCTCGCTGTTCGCCTTTGCGCCAAATAGTAATATTTGATATCGCTTGCTTTAGGGTTTTGTCAGAGGTCATTACATTGAAGAATTCATGAGCACATAGTTGCGATGATGCTCGCAACTATATGTACATTCAAGACATTATTGCAGACATACTTTTTGTCTGTCGGCTCTGTCCTGACGGTTAGCATGCTGATAACAACGGAAAAAACACAGCGCTCAACCGAGAAAGGTAGATAACTTCTGGATTTCAGGCATAAAAAAGACCTCAGTTGAGGTCCATTTATATGCTCCTGGTGCGAAGGCCGGACTCAAATACCAAATTAATACAATGAAATACAAAGAATTAATTTCAAGCATCATATAAAGTGCCCCCTTTTGTGCCCCCAGCTATAACTATGAACGTTTCTTCATCAACACATTGGTTTAAAAGAAAAAAATATGTCAACGTCATTTTCGGTTTGGATCCGTTGCTAGGATCCAAACTAGAACAGAAAAAACTTTTTTTTAGAAAAAGTGTTCACACTGTTCACTTACCACTATTTCCCTTTATTTTCAGACAAATAGGCCGTGAACGGTTGGTGAACAGTGAACACTTGACTGTTCACCCTTTCGACTTATCAGACCAGAAATGCTAAGTCGTGGGCGATGCTGAGTGAACCAGCAACGGTTGCACTTAAATTACTCTATAAACTAAGAAAACATGCGTGAGATATGATTTAAATAGGTGGAACTTACCGTCATTTTAATGACAGTAAGTTAACCTTTTGCAGCATTATTATAATGATGATTTATTCAATAAACCAATCATGAGTTGAGCCGTCCCAGCCATAATGCTTTTCACGGAATGCATCCATTGCAGCAACATACTGAGAAAGTATTAATGTAACATCACTTGCTTGTGGAACATCATCCTCATCCAAAAGATCTAAAAAGATAATAGACTCTTCATCTTCTAAAACTATTTTAACTTTTTCAAGCAATCGATTAACTATTTTTATTTTGCCTTTACTTATAGCTGAGTCAGGCTTTTTTTTTGAAATTTCTTTAAACTCAAAATACATAGCCTTCAATAATGGAGTTGTTGTATCATGTGTTTTTGCTTTATCTTGCGATGTATAGAATTTTTCCATGGCTAATTTATCCTTTCAGATTTTTGGGCTTTACGGTTCGAATCAATACCATACCATCTTCATCGACTTTAT
NZ_CP039489.1_gap106	4044396	4048437	4041	GTACCGGTGCGGTGATATGACGGGCGCAGAGTTCATCCATTACGGCCAGCCCGAGAAAGGACAGCGACGGCGCGGCCTTGAGTGGTCCGGCTTCCATTAAATCTTCCAGCAGGGCACAGGCAATCTGACGGCCTTTTTCCTCGCCGTGCTGGCGCAGGTAGAATCCCTCCAGCTCGGCGGCAATGGCGCTTTCCAGTGTGTCGAGGGTGAGTTGCGGGTAGCGGTGCTGACGTTCGCACAGGGTCAGCCAGGCACAGGCCACGGCGCGACGATACAGCGCGGCGCGTAATACGGGCGGTAATGGCTTTTTCATACGTTGCCCTCCCCGGTCAGCCACTGCTGATTGCAGCGTTCGACCACACCGTCGAGCTGGGCGGTCATGAGGTAAATCACGGAGGTGAGCTGTAACTGCTGCTCAGGGTCACGACGAACGGTGGCGCAGTCCTGCACCTGCATCAGATCGCCGACGAGCTGGCCGACATTGCGCATATGCTCCAGACATTCGAGGTCACGGGCGGTAATGGTGGTGTGTCTCATGCTCGCACCTCCGCAACCGGCAGACGGCCAGCGAATGAGAGGACGTAATCGCGAATGAGGGAAAGGCGTGCGGCGTGCTCATCACCGGCAACGGTGCGAAGCATACAGATACGGGGTTTACGGTCTGCGCGACGGACGGCGGCAAACACAAAGACAAACTGCGGGTGTGACGGGGTGAGGGTCGTAGCCATAGGGGCAACCTCCTTGAAGTAGCGGTAAATGCCACCACCGGAGTTCCTACGCTCATGGGTGGTGACCCGAACGGGGGTAGGAATACCGGCCTTCAAGGAAACCGGCCAGCCCGAAGGCTGCCCCGCCCGGACCACCATTATCTGACAGGGGCTAAGGTATAAGCACCACAGCCCGAAAAATGGGTGTGCCTGAGCAACGACATAAAAAAAGACGCATGGCGCGTCTGGTGTCGCCTTGAAGTAACTCGGGTTCCTACGCCCGGCTGCCGATTTTGCGACAGCGGGAAAACTATACCTGGAAACGATGAAAAGAAGCAAGCCAGAAAAAGGGGCTGTTTGCTGGACGGTCATCATCATGCGTCATAACCCCGGTTGCGTTCGGCGATGCGATCCGCCATCCATGCGGTGATTTCAGACTGCGCCCACGCCACGTTTTTACCACCGAGGGAGATTTGTTTCGGGAAGGCTTCCCGGCTGATGAGGTCGTAAATGGTCGAGCGGGACAGGCCGCATAAATGCATCACTTCGGGCAGACGGATAAAGCGCTCGTGAACGGTATCAGAAACCGGCATCAACGGCGCGGCAGGGGCGGAAGACGGGGAAGAAAAAGCGGTGTGCATCGGGCTACCTCACAAAGTCCATACAGTGCCGGTCGTGTCCGTCCGGCTTCGGGTAGCTCCTTATTATGTCTATATTTTTCCTCAGGTCATGTGAGATTTTCGTGGAAACAAACATTGACTTTTCGCTATGGCAAACAGATGCAAATCACTGCATTACAATGCAGCAATTTCTATTTCCTTTAGTTATATATTTTCGATTTTTAATCAAAATAAAATCTAAACGGTATCGGCAGATAAAAACAGAAGGGTGAACAGTAGTGAACAGTCGGTGAACAGTTACACCCTCAACTGTTCACCCTTTATCTGATTGTATTACTTATCTTTTTCTTTTCAGTGAACAGTAGTGAATAGTTATAAGTAAAAAAACAAACAGTGAGTAAGGTTTTCCTGAGACCTTTCTCTGGCCAGCCGGGTTTTAAGGTCTGTTTGTGCCATTTTTGCCACAACGGCAATGAATCGTGTTGTTGTGTCTGGCGCGGCAGAATCTCCTCAGATTGAAACGAAGAGGAGACCCGACATGACTCAGACCGCTGTTATTCCCGACTACCTTAAACCTGCAATGGAACGCCTTGAGACTGCCCGCTCGGCGCATCTCGCCAATGCCAGCCGTATGGATGAAACCACGACGGCCATCAGCCAGGTGCAAACGCAAAAAAATGAACTGGAGCAGGAAAACGGCAATGATTCCGGCGCATGGCGCGCCGCCTTTCGTGCCGGTGGTGCTGTCATTACCGACGAGCTGAAACAACGCCATCTGGCGCGCGTGGCACGGCGGGAACTGGCGCAGGAATGTGACAGCATGAACGAGGTACTGTCTTTTGAGCTGGACAGGCTCAAAGGAGCCTGTGACCGCACGGCCAGAGCATACCGTCAGGCACATCACGGCGTCCTCAGTCAGTATGCAGAGCATGAACTTGATGCTGCCCTGCGTGAAAGCTGCGGTGCCCTCATCAGAGCAATGAAACTCAACATACTGGTTCTGAATAATCCGCTTGCCAATACCACCGGGCATCAGGGATATACCGAACCGGAAAAGGTTGTGATGCAGCAGGTAAAAGACCGGCTTGAGCAGGCGGTGAAAGGCTGCAACATCCGTCTGACCGATGAACCGGTGTTGTTTAAAACAGGGCTGTCGGCCTCCACACTGCCACATATGGAGTATGGCGTTGCGGCCACGCCCGGTCAGCGAAAAGTCTGGCAGGAAAAAATGCGGGAACGTGAAGCTGACCTGAAAGCACGGGGGTTATTGTCGTGATGCGCTGCCCTTTCTGCCGCACAGCGGCACACGTTCGCACCAGCCGCTATATGTCTGACAGCGTCAAAGAGAGTTACCTGCAGTGCCAGAATGTGCACTGCTCGGCGACATTCAAAACGCATGAGTCCATCTTTGAAGTGATACGTTCGCCGGTCGTCGATGAGAAACCCGCGCCGGTGCCGACAGCCCCCGTGGCACCCCGTCGGGTAAAAGGCTGCTACAGCTCGCCGTTCCGCCATTAATAAGGAGAAACAACCCGTGACCACTCTGACCTTACAGCAGGCCTGTGACGCCTGTCAGACGAACAAAACCGCGTGGCTGAACCGTAAAAGCGAACTGGCCGCCGCAATGCAGGAATATCAGGAATTATTGCTGGATGACAATGCATCAGGCTCCCGCAGATTACAGACGCTGCGTGACCTGATTGACGTAAAAAAATGGGAAGTTAATCAGGCCGCCGGTCGCTACATCTTCTCGCATGAGGAGGTGCAGCGCATCAGCATCCGTAACCGGCTGCATGATTTTATGCAGCAGAACGGCGCGGAGCTGGCCGCCGCACTGGCACCGGAGCTGATGGGGATTAAAAACCAGCCCGCGATGATAAAAAATCGCGCGCTTGACCGTTCAGTCTCTTACCTGAGAGAAGCTCTTTCCGTCTGGCTGACCGCTGGAGATGAAATTAATTATTCTGCACAGGATAAAGATATTTTAACGGCCATCGGATACAGGCCTGACGCGCCTTCGCGGGATGATAATCGTGAAAAATTCACCCCTGCACAGAACATGATTTACACCCGTCGACGCGCCGGACTGGCCGCGCAGTAGCCTGTCAAAAAATCCCCGTAAATCCCGCTATTTTTAACGAAATAAGCCATGCATCCATAAGGTGCATGGTTTTGCATGCGTTTTCTCGCTCCGGCATGCCAGACCAGCGCCAGTCGTGGCGCGGCCTGAGACCATCTTTGCACCTGCATTAAAAGCGACCCCTTAAGCGGGCAGGCGGGGCGGGGAGAGCATTGCGCGCGGCTAATTAATACTAACTTATTAATTTTCCGCTTCAAATCCCCCAAGATCGATTTGTTCTTCGATTTCAGGAGTCCAAAGTAATTCTTCTGGAGTAGCATTTGACCAAAGCAATTTACCATACTCGATAACATACTTAACCGGTATTTTAGGATTGTTTATGTCTTTACCATCCCTTTCATACCATTGTCTCTCCCATTTATCATAGAAGACTTCCAAATCATCAGGCATAAGTAAATAAACTGAACGAATAGTGATGTTACTATAAATTGCGAACACCCATGGAACTTGTCTATATTTCGCAATTATTGTTGGGTTCATATGATGGTGAGTTGAAAAACTCTTGGTTAGCTCAACATTAACTGATTTTAATTCAAACTCGGTACCAGTGACATCTACTGCATCATTACCTTCT
NZ_CP039489.1_gap107	4080302	4082570	2268	CCGTCGCCCATAAAACCGACCACATGCCCCTCGCGTTTGAGCAAAGTGACGATGCGCTCTTTATGCATCGGCGTCAGACGCGCAAACAACGTCGTACGGGCGGCCAGCGCCGCCAGCGCGTCGTCGCTTAACCCTTCAATATCACTGCCAATAACGACATCGCCCGCATCCAGCCCAACTTCATGGCAAACTTTTGCCGCTACCAGCTCGCTGTCGCCGGTGAGAATTTTCACCGTAATTCCGCTCGCCTTCAGCGCTTTCAGCGCCGGCGCGGTGGTCTCTTTCGGCGGATCGAGAAAAGCGATATACCCTTCCAGAATGAGGTCAGACTCATCGATACGCTGGTAATCGCCCTCACGCGCAGGCAGGTATTTGGTCGCGACGGCGACCACGCGTAGCCCCTGACGGTTCAGCGTGTCGGTAACGCGTTTCACCCGGCGCAGCATATTGTCGTCCAGCGGCACAATATCGCCGTTGTGGCGCACCTGAGTACACACGTTCAGGATCTCCTGTAACGCGCCTTTGCAGACCAGTTGATGCACGTTCGAATCTTCGGCGACCACCACCGACATCCGGCGACGCTCAAAATCAAACGGGATCTCATCGATTTTCTGCCAGCGTCCGGAGAGCTGACGCGCAGCGGTTTCGTCTACTCCCTCCAGGACCGCCGTATCCAGTAAATTTTTTAGACCGGTCTGATAATGGCTGTTCAGCCAGGCGCAATGCAGTACATGCTCGCTGGGCTTACCAGAAATATCCGTATGATTCTCCAGCACAATTTTATCCTGCGTCAGTGTGCCGGTTTTATCGGTGCACAGAATATCCATCGCGCCGAAGTTCTGAATCGCATCAAGGTGCTTCACGATAACTTTCTGTTTCGAGAGCTTCACCGCCCCGCGCGCGAGGGTGGAGGTGACGATCATCGGCAACATTTCCGGGGTGAGCCCTACCGCGACCGAGAGCGCAAATAGCGCCGCTTCCCACCAGTCACCTTTCGTGTAACCATTAATAATCAGTACTACCGGCGCCATGACCAGCATAAAGCGGATCAGCAACATACTGACGCGGCTAATTCCTTTCTGGAAAGCGTTCTGCTCGTTATCTTGTTCCGACACGCGCCCCGCCAATTGACCAAACCAGGTGCCGGCGCCGGTCGCCATCACCACGGCCTGCGCCGTTCCGCTCACGACGTTCGTCCCCATAAAGCACAGCGTGTCGCACTCAAGCGGGTTATTTTGCCGGGGCTCACGCGTCGCGGCGACTTTCTCGACTGGCAGAGATTCGCCGGTCAGCGACGCCTGGGCGACAAACAGATCGCGCGCCTGGATAATCCGTAAATCCGCCGGGATCATATCCCCCGCCGCCAGCTTAATAATATCGCCGGGCACCAGTTGATCGATGGGTAATTCCAGCCAGGCGTTTTCGCCATTTTCATTAATAACCCGCAGTACGGTAGCGGTATTGCTCACCATCGCTTTTAGCGCGTCCGCCGCTTTTGTCGAGCGCGCTTCCTGCACAAAATTCAGCAGCGTTGAGATACCGACCATCAGGGCGATAACGCCTGCGGCAAACAGATCCTCCGTGGCATAAGAAATGCCGCCAAGAATCGTGAGTAAGATGTTGAAAGGATTGCGATAACATACCCACAGATGCACCCACCACGGCGAGGGTTTCTGTGCCGGAAGGCGGTTTTCGCCATGCTTTTCACGCGCGCGCGTCACCTCGGCAGCGTTTAATCCCTCCGGGTGCGTATCAAAAACGCGCCAGAGAGTCTCCTGCTCCATTGCCGCGACTTTCAGACAGCGCTCGCTCAGCGAAGGCGGGATAGTCGCATTTACCGCGGTCTGCGCGCCGGGCAGCGGATCGCGGTGAACCAGACGATAAGGCAAATGACGATTAAGCCGGGCAAAAAGCTGGCGGGTAATGGTTTTTAGCATAGGTAATCCCTCCGCGCCGAAGTCAGGCGCAGAAAATTCTTCAGGCACGGCAAAGCCTTGCCCGATGAGCAATGTTTAAATAAAAACAGGGACGTTATTGTGTCACTGTCTTACACACCGGTAAGACAGCAGAGGCAGGCTTACCGGAAAAGGAAAATTCTCCATCGCGGGAGAGGGGTGGGTTCAGGGTCCATGTCGCCTCCGGTAAGTAAATAATTTGCGCCGCGGATTATACGCATAAATCCATAAGTTTTGTGGCAATTATGGCGGTATCATACCGTTACGTAATTAAACCAACGATAAACCAGACTTTGCCCATTGCCCTTCGCTT
NZ_CP039489.1_gap108	4148718	4152281	3563	GTAAAACTCTGGCGCAACTGTTCCGTGACCACGGGCTGCCCCCGACAGACGTTTATGCAATGGCGCAGGTAGAAGGCGCTGGCAAACCGCTGAGTAATCTCAAAAATGGTCAAATGATTAAAATTCGCCAGAATGCCAGCGGGGTGGTGACAGGTTTAACGATAGATGGCGATAACGGTCAACAGGTGCTGTTTACGCGTCAGCCTGACGGCAGTTTTATTCGCGCACAGTAACGCCGGCTACGCCTTATCCCGCCTGTACCCTATTCGTTCAGGTGAAGCATTACCGCTTCACCTTATTCACCCACCAAATCCCCGAACATACCAGCACCAGCGCAATCATGTATTTCCACTCCAATATATTCTCGCCGAGAAAAATAGCCGAAAGAGCCGCGCCGGAAACCGGGATCAGAAAGTTAAACGGCGCAATCATCCCCACACGGTTATATTTGAGTAAAATGCTCCATAGCGCAAAAGCGACCGACGAGAGTAACGTCAGGTAGACTAAAATCGCCACCGACGAGAAGCCATGTATCGTCAGCGTACCGCCAAAAACGTAACCGCCAATGACCAGTACCAGACCGCCAATCCCCAATTGATAGCCAGTCATGACCATCGGATCGACCGTCTGCGAGAGACGTTTGCCATACAATGTGGCCGCAGAAAGAATAAACGCCGCCAGCACCACGGAGCCTTCTCCCGGCAGATTAAAGCTGAAATCCAGGCCGTTGCTGACGTTCACCGCCATGACGCCCGCAAAGCCCAGAATACAGCCGAGCGTTTTGTTGTAGCTCAATCGGTCGTTCTGATAAATAAAGTGCGCCAGCAATACGCTGAAGAATGTGCCTGTCGCGTTCATGATTGAGCCTTTCACGCCGGAGGTGAACGCAAGGCCGATATAGAAAAAGAGATATTGCAGCGACGTCTGAGTCAGCCCCAGTAACGTTAACTGAGCAAACTGGCGCGGACGAAACCGACCAATCGGTTTACGCTGAAGCAGCGCGAACAGTAGCAGCAACCCACCCGCAAACAAAAAACGATAACCAGCAAAAACAATTTTAGAAGGGATATCGTCGGTGGCTATCTGAAAGAGGTCATAACCGCTTTTGATGGCTGGATAAGCGCTGCCCCATAGCAGGCAACAAAATGCGGCACACACATAAACGACGTTTTTGCGGGCAAACGGGGAGGCTTGGCGTTGGGTATCCATTCTTTCACCAAGAAATTAAAATAATGTTTTATTTTTGATTATCGCGAAAAGAGGGGGAGATAGCCAGTCGAAAAGCGATGGGGTTAAAAAAGCAAAACGTCGGCGCTGGGCCGACGTTTCGTTGCTAGCAAAAACGAGAATGCCTGATTACTCAGCAACCACGTTGATGATAACTTTTGCGAATACTTCGCTGTGAACCTGGAAGTTCACTTCGTGTTCGCCAGTGGTACGCAGAACGCCGTTCGGCAGACGAACTTCGCTCTTAGCCACGTCAACGCCAGCTGCAGTCACAGCGTCAGCGATGTCGCGAGTACCGATGGAACCGAACAGTTTACCTTCGTCGCCTGCTTTAGACGCGATAGTAACGGTTTCCAGGGCGTTGATTTTCTCTGCGCGTGCATTTGCAGCAGCCAGAACGTCAGCCAGTTTAGCTTCCAGTTCAGCGCGACGTGCTTCGAAGTATTCAACGTTTTTCTTGGTAGCCGGAACAGCTTTACCCTTTGGTACCAGGAAGTTACGAGCATAGCCCGCTTTAACGTTAACCTGATCACCCAGGCTACCCAGGTTTGCTACTTTATCAAGCAGAATAACTTGCATTACCTTATCCTCTCAAAGTCGTATTAATGGACCGTGACCGATTACTGATGGCGATCAGTGTACGGCAGCAGAGACAGGTAGCGAGCGCGTTTGATAGCGCGAGCCAGCTGACGCTGGTATTTTGCACGGGTACCGGTGATACGGCTTGGGACAATCTTACCGCTTTCGGTGATGTAGTTTTTCAGCGTAGCGATATCTTTATAGTCGATCTCTTGAACGCCTTCCGCGGTGAAACGGCAGAACTTGCGACGACGGAAATAACGTGCCATATGGCTAGTCTCCAGAATCTATCAATTCAATCTGCTCGGCATGCAGAACCATTTTGCTCAGACCGTTCTTTGCCTTGTGGCAAGAAATAAACCCCTGAACGGTTATGCGGCTGCCGACCGTTATACTGTGAGTAATGGCCTGGTTTTCGTGTCCGCTAACAATAACGGGCATTTGGCACCACGCCTGCCGGTGAAAGCCGGCTTCCTCTTGCACAGAACGATGCTCAAGCACGAACTGGCAATGCGGAATTCCTGATGGACTGACCTTTCGAAGGGGGGCCCTGCACACGGTGCCGGACAACGCCAGACGGTTGGTCATCAGAAATTACTCTTCAGAATCCCCAGCTTCAGCATCATCTGCGGTTTCGTTAGCGAAATCATCGCGACGCTCACGGCGCTCGTCTTTCGCTTTAACCATCGGAGAAGCTTCGGTAACAGCGTGCTTAGTACGCATAACCATGCTGCGGATAACGGCATCGTTGAAGCGGAAGGTAGTTTCCAGCTCATCGATCACTTCCTGCGGCGCTTCAACGTTCATCAGAACGTAGTGCGCTTTGTGCAGTTTGTTGATCGGGTAAGCCAGCTGACGGCGGCCCCAGTCTTCCAGACGGTGGATCTTGCCTTCTGCGCCAGTGATGGCAGCAGAGTAACGCTCGATCATGCCCGGAACCTGTTCGCTCTGGTCAGGATGGACCATAAAAACGATTTCGTAATGACGCATCGAATTGCTCCTTACGGATTATTCAGCCTCCTGTCTGGGTCAGCCGCAGCCCATGGAGGCAAGGAACGTGTTAAAGGTCGGCTGAAAAATGACGCGTTATAATACTGGCGCCTGCGGGCAAACTCAAGGTGATTGTACAATTATTTATCGTGCCGAACGTAACGCCTGTCCCGTCGCATTTTGCTGCTGAGATATTAACTTCATATCGCATGCCACTATAAACAGCCTGTTGCGGCAGAGAAATTGACACTGTGGTCAGCGCACTTTTTTGCCACACAGGATTTCTTAAACATGGCGGCATACATCAATGGGTTGTTAATCAGGTAAAAAGCGACAATGCGATAATTTTTTGAACAACAGCATCAGAAAAGGTCGCCATCTCTGCGGCGGGTTATGGTTAAAATTAAACCAGAAGCGATTCACTAAAGGGGGATATCGCCAACCAGACCGCGCTGCTGAGGAGGTACTCTATGCGAGCCCGGATAATGTTATTTCTGGCTGCGCTTTTGCCTGGCATAACGGCAACGGCAGCCATCGAGTTAAATAATCATCAGGCCAGAAATATGGATGATGTGCGCAGCTTAGGCGTGATCTACATCAACCACAACTTCGCCACGGAAAGTGAAGCCAATCTGGCGCTGAATGAAGAGGCCGACGTGCGAAACGCAATGTATTATCACGTCATACTTATCCGGGAACCGGGTAGCAACGGCAATATACACGCCAGCGCGAATATTTATCGCTAGCATCAGGAAAACCAACGAAAA
NZ_CP039489.1_gap109	4321929	4322928	999	AACCGCCTAATGTCTGGATAGTAGCCACGCGCTGTTGCTGAAGAACCGGGTGATCGGCGCCAAAGAGCAAAGGCGCGATAGTATGGCGATAAGTATTGAGTCCTTCCATCGGCAGGTACAGCGAAGCGCCATGCGGCTGCGCGTTAAGCCGGGCTTCGGCTTCGGCCACCGTTTTAAGCTGTGGGATAATCCCGTCTTCGTTGTAATACAGGCCAATGCTCAGATTTACTTTGTCGTGACGGGAGTCGTCTTTAAAACGCTCCATCAGTGAAAGAATCGGATCGCCGGCATAGGCGTCAACTTTTTGAAACACGCGATGGTTCTCCAGGTTTACAGAGGGCAGGAAATAACACAATAAACCGGAAGGACGAGAAGATCGAGAGGATGTTGTGGTGGATGCGCATATTACCGGATAGCGGCGTGAACGTCTTATCCGGCCTACAGCCAATGCGCGATACAAGCCGGATAAGCGCAGGCGCCACCCGGCCTGCCGCGTATTTAATCAATATACTTCATCGCCACCCTTGAGGTCAGGCGCGTGATAAGTTCGTAAGCACTTACTTTTGTCATTTCAGCGATACGTTCAACCGGCAGACCTTCACCCCATAAGACCACCGGATCGCCCGCGTTATCCTGCGCGTTTGGCCCCAAATCCACGCAAATCATATCCATCGCCACCCGCCCGACAATCGGAACTTCACGGCCATTGACCAGTACTGGCGTACCGGAAGGCGCCGCTCGTGGGTAGCCATCGCCATACCCCATCGCCACCACGCCCAGGCGCGTGTCGCGCTCACTCACCCATGTCCCGCCGTAGCCCACCGGTTCGCCCGCTTTGTGGTCACGCACCGCGATCAAACTGGAGGTTAAGGACATCACCGGCTGAAAACCAAAATCCGGCCCCCAGGGTTTGTGCTCCAGCGGCGATACGCCATACAAAATAATGCCCGGACGCGCCCAGTCAAAGTGAGACTGCGGCCACAGCAGGATACCGCCAGA
NZ_CP039489.1_gap110	4323981	4328722	4741	AACGGACTTCTGTCGGCGTAAGACCTGAGGAGTCGTCAATATACATATTGCGTTTCTCCAGCAGAATGCCCATCGTGCCGGAGATTCGCGCCCAGTCTTCATCATCAAGTTGACCGGTACGAATACGTGTCTGATCGACGCGGGACAGCGAGGCCAGCATACGCATCATGATCTGTTCGCCGGGCATCTCCAGACTAAAGATCAGTACCGGTTTATCCTGCAACATCGCCGCATTTTCGCAGAGGTTCATCGCAAAAGTGGTTTTACCCATGGAGGGGCGCGCCGCGACGATAATCAAATCCGAACGCTGTAACCCTGCCGTCTTTTTATTGAGATCCTGATAGCCGGTATCCACGCCTGTAACGCCATCGTGCGGCTGCTGGAACAGCTGCTCAATACGCGCCACGGTAGCGTCGAGAATCTGGTCGATGCTTTTCGGACCTTCGTCTTTGTTGGCCCGGTTTTCCGCGATCTGGAAAACGCGCGACTCCGCCAGATCCAGCAGTTCGTCGCTATTGCGCCCCTGTGGATCGTAACCGGCGTCCGCAATTTCATGCGCCACCGCGATCATATCGCGGACCACGGCGCGTTCGCGCACAATGTCCGCATAAGCACTGATGTTCGCCGCGCTTGGCGTATTTTTAGACAACTCCGCCAGATAGGCGAAACCGCCGACGCTGTCCAGTTGGCCCTGCCGCTCCAGCGATTCCGCGAGCGTAATCAGGTCGATAGGACTGCCGCTTTCCTGCAAGCGCCCCATCTCCGTAAAGATATGGCGATGCGGGCGGGTATAGAAATCTTCCGCCACCACGCGCTCGGCCACATCGTCCCAGCGCTCGTTATCCAGCATTAAACCGCCCAACACCGACTGTTCCGCTTCAATCGAGTGCGGCGGCACTTTTATCCCGGCAACCTGCGGATCGCGGTCGCGGGCATCAGTCTGTGGTTTGTTGAAGGGTTTATTTCCTGCCATAGTGAATGGAGTTACCGAGATAGTGATTGGGTCGAAAGATTACCACATTTCTTTTGGAGGAAGCATGGCAACGCGTATTGAATTTCACAAGCATGGTGGTCCGGAAGTGCTTCAGACCGTGGAGTTTACGCCAACGGAACCGGCGGAACACGAAATCCAGGTTGAGAACAAAGCCATTGGTATCAACTTCATCGACACCTATATCCGTAGCGGACTCTATCCGCCCCCGTCGTTGCCTGCGGGCCTGGGAACCGAAGCTGCGGGTGTGGTCAGTAAAGTCGGCAACGGCGTGGAGCACATTCGCGTGGGCGATCGCGTCGTCTACGCGCAGTCAACGCTCGGCGCTTACAGTTCCGTCCATAACGTCCCCGCAGATAAAGCCGCGATTTTACCTGACGCCATTTCCTTCGAACAGGCGGCAGCCTCTTTTCTCAAGGGATTGACCGTTTTTTACCTGTTGCGCAAAACCTATGAAGTGAAACCCGACGAACCCTTCCTGTTTCATGCCGCTGCGGGCGGCGTCGGTCTGATCGCCTGCCAATGGGCGAAAGCGCTGGGCGCGAAGCTTATCGGTACCGTCGGTAGCGCGCAAAAAGCGCAGCGGGCGCTGGACGCCGGCGCCTGGCAGGTGATTAATTATCGTGAAGAGAGCATTGTCGAACGGGTAAAAGAGATCACCGGCGGCAAAAAAGTCCGCGTGGTCTATGACTCCGTGGGGAAAGATACCTGGGAAGCCTCACTGGACTGCCTGCAACGTCGGGGACTGATGGTCAGTTTCGGCAATGCGTCCGGCCCCGTCACTGGCGTGAATTTAGGTATTCTGAATCAGAAAGGTTCCCTGTATGCCACGCGACCTTCACTACAGGGGTATATTACGACGCGTGAAGAACTGACCGAAGCCAGCAATGAATTGTTCTCATTGATCGCCAGCGGCGTGATTAAAGTTGATGTGGCTGAAAATCAACGCTATGCGTTAAAAGATGCCCGTCGCGCGCATGAGGTACTGGAAAGCCGGGCCACACAGGGCTCAAGCCTGCTGATTCCGTAATAGCTCTGCAAAGAAATTGGGCTTCCACCCGGGAAGCCCTTTCTTTTTTTGTTCGGCTGTATGTAGGGTACAGCGCGATGAATTCGTTACCTGCGCAATCATGACAGATTTAATAATCGATTCCTATTTGCTTGTGACGGCAAAGTTCCAGGTTGTGACGAACCGCTCAATACCTTAGTAAAACCGACGGTTATTGCGCTGATACTGTGGGATTTTTGGCGTTTTTACTGCTTTGATCACCCACACCACAGCCACCGCCAGCAGTAGCCACGGTAACAGCTTGATCATCAGGGCGAACATTCCACCCAGGAACATGACGGCAGTCGCTACAACCAGCGCGGCCAGAATGCCCAGCAAGGAGACGCCCGTCACCATTAACATCAGAAAAAAGCCAAGCACAAAAAGTAGTTCCAGCATAGTCGCTCCCCATAAAGATGGCATTGCCCGGCGGCACGGCGCTTACCGGGTTTGGTCAGGTAAGCTATTACAAAAATCATGCCAATATTTATGTTTTTGATATATAAAGAAAACGCCCTGCAAGACTGCACAGAGCGTGGTGAGATTGACTAATTTTTGGCGAACTTTTAACGCTTGTCTGCTACCAGTTTTAGCGCCTGCTCCAGTACAGCAACATCCGCGCCAGCTTTATGGGCGTTTTCGCTCAGATAGCGACGCCACTGCCGCGCGCCGGGGATGCCCTGGAACAACCCCAGCATATGGCGAGTGATATGCCCCAGATACGCTCCCTGGCTCAATTCACGCTCAATATAGGGATACATCGCGCGAACCACCGTAACCGGGTCGGCATCGGTGGTATCGGCGCCGAAAATCTCCCGATCCACCGCGGCCAGTATACCCGGATTCTGATAAGCTTCGCGGCCAACCATGACGCCATCCATATGGCGCAGGTGCTCCTTCGCCTCTTCCAGCGATTTGATGCCGCCGTTAATGGACATGGTCAGGTGCGGAAAATCCCGCTTTAGCTGATAGACGCGCGGGTAATCCAGCGGCGGGATCTCACGATTTTCTTTCGGGCTTAAGCCAGAAAGCCAGGCTTTGCGCGCATGGATAATAAACATCTCGCATTCGCCCTGACCGGAAACCGTATTAATGAAATCACACAGGAACGCATAACTGTCCTGATCGTCAATACCAATGCGGGTTTTTACCGTTACCGGAATCGAGACGACATCACGCATGGCTTTAACACAATCGGCGACCAGTTGCGCATTGCCCATCAAACAGGCGCCAAACATACCGTTTTGCACGCGATCGGAGGGGCACCCCACGTTGAGGTTAATTTCATCGTAGCCACGCGCTTCCGCCAGCTTTGCACAATGCGCAAGCTGAGCCGGATCGCTTCCACCAAGCTGTAGAGCGACCGGATGCTCTTCTTCGCTATAAGCCAGATAGTCACCCTTACCGTGAATAATCGCGCCCGTGGTCACCATTTCGGTGTAGAGCAGCGTCTGGCGAGACAGCAAACGCAGGAAATAGCGGCAATGTCTGTCCGTCCAGTCGAGCATAGGCGCGATGGAGAAGCGATAAGCAGGGAAAGCGGAGGACTGGGTTTCAGGCTGCATGGCGAATAAATAAGCATCCGGTTAAAAAAGGGGCGTTACTATAGCATAACGCTAAACCGGAGGCGTAGCGCCTCCGGTGAAAGCACCTCAGAATGTCATCGTAAGCTGCGCGCCTGCCCCCCAGGTTTCATCTTCGCCGTACAGTCCCATTAAATCGAGATGCACACGGTTAAAGGGCGCAAAGCCAAGACCGCCGGTAACCACATTGCTATCGTTATTTTTCACATCCGCACGATACCCTGCGCGCACCGCCAGCCATGATAACGGTCGAACTTCAGCGCCGACGCCAACGTACTGTGAATTGTCTTCGCTCTTAAAGCCTTTCGTTTCCGTCAGATCGCCATCGGCGCTTACGGTCAGCAAATCGTTATGCCATGCGACGCCCGCGGTAACCAGGGGGCGGATTTGGTATGTATCTTTGTAGTTGGTGGTTTCTCCCGTCATACCATTAGTGATGTAAATATCTTTCGTATCGATATCGCGAGATACCAGATTTTGTCCGCTCACCCCCAGCGTCCAGTTTTCACCGATATCGGCAGCAAGCCCCGCATCAATGTTAAAACCCGTATCGTCATTGCGATAACGGCTGCTATTCCAGTCGCTACTGTCGTAGTTATAAATTGAGGTGGTGTAGTTATAGAGCCAGGTTTTTTGCAGTTTTGGCGTAACGCCAATGGAAACAGGCACCTCGCCCACCACAAACTGCTTCGCCAGCGCAATACCGTAGTCAGATACAATCGCTACCCGCCCCGACGCGGTAGAGTTTAAATGCTTTGTAATTTCGTCAGACCCCAGCAAAGCAGCGCGTCCTGCTTCACGAAGCGCGACACGTTCATCATGCTGGATATCGCGCAGATACTGAATATCGTTCTGATCAATGGACGAACTCACGCGCCCATGCGCATAACCTTTGGCGATAAACGCCACGGAAAGCGTTTGCCCTGGAATACTTACCGCCAACCCGGCGCCGGCATTGGCGCGGGCGGTTTTTCCGTTGAGATATTCCAGCTCATCGGCCAGGTCGCGCGCGGCGCCCTGAAATTGATTCAGCACGCCTCGCGGATTGAGCAGAATTTGCCCCAGCGTAAGGTTATCGACGACCTCATCGTAGTAATCCACTTTATCGCTGATATCGTC
NZ_CP039489.1_gap111	4331964	4334390	2426	GGAAATCGGCGCTGGGTTTGAACAGCGAAGGATCGACCTGGTAATGGCCTTCAATATGCTGCTGCGCCAGAAGCGGTTCACCCGCCGCGACACGCCCGACAAGCGGTAATCCGTCCTCTTCTTCCTGTAACAGACGGATACCTCGCGATGCGCCGGAAACGATTTCAAGCACCCCTTTGCGCGCCAGCGCCTTAAGGTGTTCTTCCGCCGCGTTTGGGGAACGGAACCCCAAACGCTGCGCGATTTCCGCACGCGTCGGTGGCATACCTGTCTGGCTGATGTGATCCCGGATGAGATCAAACACCTCTTGTTGCCTGGCCGTTAACGCTTTCATTCCGCCCCCTGGGTGTATATACAGTCATGCTGTGAGTATATACAGTTAAAGGTGATTTTGGAACCACAAACGGCGCAAAAAACAAGAGATTTATAAAATTTGGAACCTTTATCGAAAATGTGACCATAACAGGATGCCCCAGGTCATCAGGGCAACGAAAATAGACAGTAGCACCGCAGCCGATCCCATATCTTTCGCACGGCCGGAAAGCTCATGGTATTCAGAACCGATGCGGTCAACGACCGCTTCAATAGCGCTGTTGAGGATTTCAACAATCATGATAAGTAAAACGGAACTTATCAATAACACACGGGTAATCGCATCCACATCCAGCCAGCAGGCGATGATGACGCCCAGCAATACCGCGAGGCTTTCCTGGCGAAACGCCGCTTCGTGAGTCCATGCGGCGCGAAATCCTTTCCAGGAATATCCTGCCGCTTTGATAATTCTGGTGAATCCAGTGGTATTATTGGCCATCAAAAGAACCTTTTTACATTATTAACGTCAATGACATTATACGGTTGCCCTGCACGATTCGGACTGCCGTAACGCAGCGCGAAGTATGACGGGATACAACAGAAATTCGCTAAACTTTCTGATATCCTTGCACCGCATTTGCATTATTAACCAGAGGCTTTACATCGTTTATGTCCGGCTGGCCACGAATTTACTACAAATTACTGAATTTACCATTAAGCGTACTGGTAAAAAGCAAGTCTATTCCGGCGGAACCCGCCCAGGAATTGGGGCTCGATACTTCTCGCCCCATTATGTATGTCTTGCCATACAACTCAAAAGCGGACTTACTGACGCTGCGGGCGCAATGTCTGGCGCACGATCTCCCGGATCCGCTGGAGCCGCTGGAGATCGACGGCGCGCTGTTGCCACGCTATGTATTTATTCACGGCGGACCGCGTGTCTTTACCTATTACACGCCAAAAGAAGAGTCGGTGAAACTTTTTCACGATTATCTCGATCTGCATCGGAGTAATCCGGCTTTGGACGTGCAGATGGTGCCCGTTTCCGTGATGTTTGGCCGCGCGCCGGGTCGTGAAAAGGGAGAAGATAACCCGCCTTTACGTATGCTGAACGGCGTACAGAAATTCTTTGCCATCTCCTGGCTGGGTCGCGATAGCTTTGTCCGATTCTCGCCGTCCGTCTCATTGCGTCGCATGGCTGATGAACACGGCACCGATAAAATCATCGCGCAGAAGCTGGCTCGCGTGGCGCGTATGCACTTTGCCCGCCAGCGCCTGGCGGCGGTTGGCCCACGCCTGCCCGCCCGTCAGGATCTGTTTAACAAACTGCTGGCCTCGAAAGCGATCGCCCGCGCGGTAGAAGACGAAGCGCGCAGTAAGAAAATCTCTCATGAAAAAGCGCAGCAAAACGCCATTGCGCTGATGGAAGAGATCGCGGCGAACTTCTCTTACGAGATGATTCGTTTGACCGACAGGATTTTGGGGTTTACCTGGAACCGACTTTACCAGGGGATTAACGTGCATAACGCCGAGCGCGTACGCCAACTGGCGCACGACGGGCATGAAATCGTCTATGTGCCCTGTCACCGCAGCCATATGGACTACTTGCTCCTTTCTTATGTGCTGTACCATCAGGGACTGGTTCCGCCGCACATTGCCGCCGGTATTAACCTTAATTTCTGGCCCGCTGGCCCGATTTTCCGTCGTCTGGGCGCGTTCTTTATTCGTCGCACCTTTAAGGGGAATAAACTCTATTCCACCGTCTTTCGCGAATACCTGGGCGAGCTGTTCAGCCGCGGTTACTCGGTTGAGTATTTTGTCGAAGGAGGACGTTCGCGTACCGGACGTTTGTTAGACCCGAAAACCGGCACCCTGTCGATGACTATCCAGGCGATGCTGCGCGGCGGTACCCGTCCAATTACGTTAGTGCCTATTTACATCGGCTATGAGCACGTCATGGAAGTGGGCACCTATGCGAAAGAACTGCGCGGCGCGACAAAAGAGAAAGAGAGCCTGCCGCAGATGCTGAAAGGCTTGAGCAAGCTGCGCAATCTGGGTCAGGGCTACGTTAACTTTGGCGAACCGATGCCGCTCATGACGTACCTGAACCAGCA
NZ_CP039489.1_gap112	4337071	4340151	3080	GATGTCGATCCCAGACGTTCGGCCTCATCAAGCAGTTTCAGCGCTTTATCGACGTCGCCTTTCGCTACGGCATCCTTAATCGCTTTATTAAAGTAGCTTTCCGTATCGTTCAACATCGGTTCGCTTTTCTTCGGCGCGACTGGCGCTGGCGCAGCGACCGGCGCGGCGGTATTGCCTACCGTTACCGGCCCGGTACCGGACGAGCCAAACAACGGCCCGACCAATACGCTGGAGCTGCTGTTGGTTTTCACCTTCAGTTTCACCACGCCATCAGTGGTATGGCGAGCAACTGGATCGGGAATATCCGGGATAGAGTTACCGACGCCTTTGGCATAGGCTTTTGCCGGATCGAGCAGCGTAGTGGTTTGCTGAAGATCTTTTTCGGTCGTAAACACCAGAACATAGAGTTTCTGCTGCCCCAACGCAGGCGTCAGGCGCATCACGCCTTCCAGCCGGTCTGCGCTCATGACGCCCGGCTGCTGATAAGTAAAGTAACTGCTGGGGAAGAACGCCGAAGGCGTCATATTTTGGTCAAGAATCAACACGTTTGGCGCAAAAACGCTGGCTTGCTTATTGACCTCGCTGGTCAGAGTTAATGTCAGCTCGCCGATATTCGCCGGAACGCTATAAGCGGCGACCGGGCCGGTAATGCCGGCGACGTCAAGGCGCTGGCCGCCCGTCGCCAGTTGGGTAGACTGCGTTTTTGACTGATCTACAGGCGTCCAGGTTAATTGCTGTAGCGCAGCAGCAGGAATAGCGGGCGCGGCGCTGGTATTTTGCGGTACATAGTTCACTTCCGCCAGGCTGATACCCGGCACGCTGGCGAACAGCCCTGCGGTTAAACAGAGGGCGACGAGACTTTTCTTCATTTTCATTATTCTCACCTCAATAAGGCGGGTTCAGCGGTAGCCAGGCAATAGCGCGCCAACCCAAACATATCGCCGAATGGCGGCTGGCGACTTATTCGGCTTACAAGCATCATCAGACCTGATGTTTCAGAGGGGCTTGCGCCCCTCGTTACGTCAGATGACCATCGTATTACCACCAGATTTCCATCTGGGCGCCGAAGGTCCACTCATCGCTATCGCCACGGCTGTTGGTGGAAATGCCGGAGTTAGTCGCTGCGGCATAACGGGAAATGTTATCGCCGTCTTTGATATAGCCCCATTTCTCATCCCATTTCGCGTAGGTGGCGAAAATACGGATAGCCGGACGCGACCAGATGCTGTCGCCCGCCTGCCACTGTTGCGCCAGGGTGATTTTATATTGATTGTTACGATCGCCGGTCTGCTGAGATTTCACGTTGTCGTAGCCGACTTCCAGCAGGGTACTCATGATTGGCGTCCACTTGTACATTGGACGTACGCCCACGGTCCACCACTCAGTACCCAGGTTATTATCCCAATCGATATTCTGGTACATACCGACGTACATCAAATCCCATTTATCACCAAGCGAGATGGCACCATGATCCAAAATACGCCACATATTGCCATTATTATTGATGACCTTATTGGCGTAATTAATTTTGGTTCCATCAGACAATTCTTCAGTGAAAGATGAAGAACCGTCGGAACCGCGCGCCTGGCCTTTACCCTGCGTGGTCATGGCATCGGTGGCATATTGCACGACAAACTTGTTATAGCCTTTCAACATGCTTTGCGTGTGTTCGGCGGTGAACATCCAGCCGTCTTTCGATGCCCCATCAGCCAGCTTATAACCATCGGTCGTATTGGCGCGACCGTAGTCAACGCCCAGCTCCAGTACGCCGTCCGGGTTCGTTTGCAGACCAGCCAGACGTACGTCAAAGACGTCGTTAGCGGTATCTTTCACTTCATCATAAATATTCTGGCTGCTGAAGGTGTAAGAGCCGCCCGCTTCAGTAGACCGGGTCGCCGCCAGTGAAAGCTTACCGAAGCCCAGATCGATATTTTCGATACCCGCGCCAGGACCTGAAATATCCCAGTAGTAGAAGTCGATCATGTGTACGTCATGACGCTGATAGAAGCGCTTACCGGCCCAGATGGTAGAGCCCGGCAGCCATTCAATCAGGTTTTTACCCTGCACGTTCGCTTCGCGGAAGGCGGGATCGGTCGATTCCCAGTCGTTCTGCTGATTAACCGAATAGGCGACGTTGGTGTCGAAATAGAAGCTCTTATCGCCCTCTTTCCACACTTCCTGGCCCAGTTTCAGTTCCGCATAGGTTTCACATTCGTTACCAAGACGGTATTTACTTTGGGCACCCGTTGCCTGGAAACACTGTTGTTCGCCGCCGCTTCCCGTCCAGCCAATACCGGAACGGGCGTAACCGTGGAAATCGACAGCCATTGCCTGAGCGGACATTACGCCCGCTGCGACAGCAACCGCCAGTGGGAGTTTGCGCAGAGTAATCATCATTCTATCTCCTGAGATCATTGCTTTTCTTTAAACGCTGCCACCTTCTAAAACTGCGAATGGTTTTGCGTTTCGTTTTTTTATGGAGGCCTTAAACACCCGGCTCTTGATGCAGACGACGACATGCGCTGCCATCCTCGCGGAACAGATGACAGCGCTCTGGCGGCAGGCCGATAGCGAATGTGGCGCCCTCTTCTACCAACACCACGTCATTCTGGCGATAAACCAGGTTTTGACGGATGGCGGGGATCTGGATATGAATTTGTGTTTCGTGCCCTAACTGCTCGACCACCTGGACTTCGCCTTCCAGGGTGACATCGGCGATATCGCTCGGCAGCAGGTGTTCCGGCCGAATGCCTAAAGACATATTGGCGCCGACCTGCACGCCGCGACTTTCGACCGGCAGCCAGATTTGCTGGCGATTCGGCAGTTCGACCTGGACTTGTTCAATTGCGGTGGCGGTCACTTTCACCGGCAGGAAGTTCATCTTCGGCGAGCCGATGAAGCCCGCGACAAAGCGGTCCGCCGGATAGTGGTACAGCTCCAGCGGCTTACCGACCTGAGCGACGCGACCGGCGTCCAGCACCACGATTTTGTCGGCCAGCGTCATCGCCTCGACCTGATCGTGGGTGACGTAAATCATCGTGCGGCCCAGACGTTTATGCAGGCGAGAAATTTCAATACGC
NZ_CP039489.1_gap113	4343812	4347588	3776	GGCCATTGCCACGCTGATCTTCCTGCTGGTAGGCGCGCTGGCAATAGTGAACCTGAAAGCCACGCGTATGAAGTTTGATTAAGGGAGATAATAACAATGGCTATGGTCCAACCCAAATCTCAGAAACTGCGTCTCTTCATCACGCACCTGGGGCTGCTGATTTTCATCGCGGCGATCATGTTCCCACTGCTGATGGTCATCGCTATCTCGCTACGTGAAGGGAATTTCGCCACCGGAAGCCTGATCCCGGATAAAATCTCCTGGGAACACTGGCGGCTGGCGCTGGGTTTCAGCGTGGAACATGCGGATGGTCGGGTAACGCCGCCTCCCTTCCCGGTCCTGCTGTGGCTGTGGAACTCGGTGAAAATCGCCGGTATTACCGCCATCGGCATCGTGGCGCTCTCCACCACCTGCGCCTACGCTTTCGCACGAATGCGTTTTCCAGGTAAAGCGACACTGCTCAAAGGGATGCTGATTTTCCAGATGTTTCCGGCGGTTTTGTCTCTGGTGGCGCTGTATGCGTTATTTGACCGCCTGGGACAATACATTCCATTTATCGGTCTGAATACGCATGGCGGCGTGATCTTCGCCTATCTTGGCGGCATCGCGCTGCATGTTTGGACGATTAAAGGCTACTTCGAAACTATCGACAGTTCGCTGGAAGAGGCCGCCGCGCTGGATGGCGCAACCCCGTGGCAGGCATTTCGCCTGGTGCTGCTGCCGCTTTCCGTACCGATTCTGGCGGTGGTGTTTATTCTGTCGTTCATCGCAGCGATTACCGAAGTTCCGGTCGCCTCGTTGTTACTGCGCGATGTGGACAGCTATACGCTGGCCGTGGGTATGCAGCAATATCTCAACCCGCAAAACTACCTGTGGGGCGACTTTGCCGCCGCCGCCGTCCTTTCTGCTATTCCTATCACCCTGGTGTTCCTGTTGGCGCAACGTTGGCTGGTCAACGGCCTGACGGCTGGGGGTGTGAAAGGTTAAGTTTTATCGAAGTACCTGCCCGGCAACGGGCAATGCCACTGCCCTCAACTTATGTTATCCCCACTTATGGTCGTATTTTGGCGCTCTTCGGAGCGCTTTTTTTATGCGTTATAGACAGCGGCTAATTTATTGCCACGCCATACGTCCGTTACGGTGTGGCGACGCCTATTCTCGCCGTAGTCGGTTCGAATTACATAACCACAACGTGATAACCAACAGGAGGATCGCCGCCGAATAGAGTAATACATCCATTGGCGTTTTATGATCGACAATGATCAGACGCACAATCGCCGTGATCCCAATGTACACGAAATAGCGCAGCGGAAAGTGAAGGCCAGACTTAAAGTACTTCACAATCAGCGCAATAAATTCGAAATAAAGAAAGTAGATCACCAGCCCTTCCACCAGTTCATATTTGCTGGCTTGCTCAGGCGCAAATAATGCATCCGCCAGATGAACCGTCTCTTTACCGAGAAAAACGACCAGGATCAGACCGAGGGTAAGCAGCCCCAAATTTAGTACGTTTTGTAAAATCGTGGCGATAAACTCAAGACGTGAGCGCGATAATGGCATCATAACAGCCCCCTCTTTCTCTGCGGCGAGGTTTCTGTATAACGCACAAATGTGACGGGCATCTATATTTTTTATTTATGTTTATATTTTGTTCAATAAGATAATTTGCCGGATAGCGCCGTGAACGCCTTATCCGGCCTGAGTATTAACGGAAATTTACGTTCCTGTCACTGGTCATATCATACAGGCCAAACTTACGGCCAAGCTGTTGACCACCGTCACGCGTCAGCGGCGTCCAGCCAATTGCCGCACGACTTCGGGTTGGGCCGGACGAGAAGAGATCCAGCGGCACGGAAACATATACGCCTTTGGTAAAATCCCCTTCCCCATATTCATCCGGCGACGCATCGGTAATCGTCGCGTAACCGCCGACAACGACGCCGCTATCGAAGCGTTTGGCGATCTCCAACGTACCGCCTTTATCGCCCGCCAGATATTGACCAACGCTGGCTTTCACCAGCACATCCTGGGCGAACGACGGCGTCCAGTATGCGGTCAAATGTCCGGTCTTCACGCTGTAATCGGTAAACTTCATCATATCCTGCGCGCTACGCCAGTCACGCTGTTTCACGTAGTTGGCATCCAGGCCAAACGCCCAATTGCTGTCTACCGGGCGATACAGGACTTCCGCCCCGGCACCGCCAAACATGGTCTCCAGATAACCGCCATAGACCTGCCCATAGAAACCATTGCCAAAATACTGGAAGTAGTTGGCCTGTAGGTTATTCACATAAACATCGTTCTGCACATACTCACGGACATGCGTACGCACCCGCGGCAGATGCGAATCCTTCGGCGGATTGGTGTAGTTAAATTTGTCGTAGTTGTTGGCGATATTGGCAAACACGCTGCCCGTGGTGAGCAGATGATCTGTGACCCACAGATCCGCAGTTCCCATTACGCCCAGCTGATACATATAGAAGTTTTCCGGGCCGCCTACCGACTGATTCAGCACGGGATCAAGATGAAAATCAACGCGCGACTTGTCGATATACCAACCCTGTTCAGTACTCTCTGGCACGATCGGCTCCACGCGTTTTTGCGCCAGCGGGGTTTCATGTCCCAGCGGTTCGCCTTCCAGATGGCGTTTCAGGCTGGCGACATCGGTTTCAGTGGTGACCTGCGGCAGATTAAGGCGGTTTTCCGTCACGCGGATCGTGCGGATCCCCTCCGGCAGATCGTTCATGACGATCCGGTTAGCGCGCACGATCCCTTCACGGGAGTCGCGGTACTTCATCTGTTCGCCGGTAACGTACAGCGTATCGCCTTTGACCTGGATTTTCGGGTCCGCCAGACCGGCATTATATTTCAATAACGTTAATTGATTAGCCACTACCGAATGTTGCAGGATGGCATCCTGCGGCTGTGGTCGGTATTGCGGGCGTGAATTGTCATGATACGCGGGACGTAAATCGTTGAAATTGGTGCGCAGCGTAACGCCAAACATAAAGGTGTTGCCGCGCTCGTAGCTGAGGTTAACGTCGGCCCAATCGGTGACGCGGTAAATGGCGCCGACGTTAAACTTGCTCTTCTGTTCCAGTTTACCCGCAAAATCTTGCTGATAGTTATTGCCTTCATACTCCAGCTTCAGGCGTAGCGGTTGCCACGGGGTCTGGTATTCCACGCCGCCAAACAGCGAGGCCGGGCCGTGAAACATATCGCTACCGTCGACGGAACCTGCCTCTTTATAGCTGTTATCACGCGAACAGAATTTATCACTATACGAACAGAAAGGATTAGACACATTGCCGCTGGTGCCAAGATAGCCCCAGCCGAGACCTAATGAAAAATCAAACGGCCCCCAGGCCTTACTCGCTACAATATATTCCGCATCAAACAGCCCCGTCCCGCCGATATCGCGCGCGCCAACCGCCACCTGCGGCATCCAGTAACTCTCTTCCCACAACCGCAGTTTCACATCAAACGCTTTATCTTTGTAAGTCTGGTCACCGGAGAATGATTCCACGCTGCTGTACTTTTTCGTACGGACATCGGTATAGCGCAACGTGGTTTCCAGCCACGGGAAAAGCTGAACCGAAGCCGAGTAGTAGCGGTACTGATCGTTATCGCGATAGTTCAGGCTCATCTCCCCTTCACGCGCCATACGCGCTGTCGGCGTTTGCAGCAGGCCCACGCCGCCAAAGTCAGATTGTGAAGGCCCAACAGGGGCTGGATATGTTTCGGCATGGCAGGCCGCGCTAATACCCAGCGCCAGC
NZ_CP039489.1_gap114	4356349	4357111	762	TCGATGGACGTCGCCAAACCGGATACCCCGGCATCGGTTTATGCATTAACCACAGAAAACCAACAAAAACCACAGCGCATATTTCAGGGCAAACTTTCGGAGGTAAACACCTCGGTAGTAGAAAGCGATCGCCAAATCGCTGAGATGATCCGCCGCGGTGAGATCGATGGGATCGTGGTAATGAGCGCTGATCCGGTAAAGGCGAACCAGGCCGTTTTTGCCGCCGCCGTTGAGATGAAAACACCGATTGTCGGCACCGGGGGAACCTCCATGGCGCTGGTGGCGGCAAAGGGGGCGAATGTGGTCGCGACCTCCGGAACAACTGGCACCACCAGCCGTACCCGCGCCGTCTCCTTCGTGGCGTCGCTGTGTAAACATTGGGGTATCAAGTACAAACCACAGTTGGGTAGCGCTTCGCCCTCGCAGAGCGGTTCCGGAAAAAGCCTGCTCAAACGTTTTAACATTCGTAGCATCATGATCCCTGCGCTACCAGGCTTTATCGCCATGGCGATTGTACTCGCCCTGAGCCACATACCAGGACTGGAAAAACTTAACGATATCTTTGAAATCTTATTAAAAGGTCTGCCAGTGTTAGTCGCGGTACTGGCGGCAAAACAGATTTCCGAACTGGATGAAGTTTCAATTGTGGCCGGGGTCGTCGCTGGCGTGCTTTCCGTAGAGGGCGGACTGATCGGCGGCATTATCGGCGGTGTAATGGCGGGGATTTTCGTCCGTTGGCTGTTCGAGCTGTGCCTGAACTGG
NZ_CP039489.1_gap115	4496452	4500368	3916	GGCGACGGATAACAGCGGTTTATTGGCGGCGATTTGCAATTTTTCGCACAGGTCAGCGGAAGGTAAAATCGCCTCAACTTTTTCTATCGCCGAGTCGCTTGTGACGTTTAATAACGAATAAAGCGACGTATGCTCCAGCGCCTGCGGTGTAAGTTGCAGATCGGGAAAGAAGCTAAGATCGAGATAGATCTTTTCATGGTTAAACGGACGGTTATTCAGGCAACGAATACGCGAAATATAGAGATAGTGATGCTGTGAGGGCAGGCTCAAGCCGTCTGCCTGAGCGTCGCGCGCGCGGCGCGGCGCGATTTCCAGAATACGGTTCTCAATCGCCACGCTGGCGTCCTGGAGATCGCGGGTAATACCGCGAAACGTGTGCCCGTAGCTCACGCCTTCCGGCACCGAGCACACCACAGAACCACTCCCGCGCTGCGACGAAATAATGCCCGCATTGATTAATTCGCTCCAGGCCTGTTTAACCACAATCAGCGAGACGTTGTAGGATCTGGCAATCTCTTTTTGCGTCGGCAGCTGGCTGCCTAAAGGCAGAGATCCATTTTGGATCTGCTGACAGATGATAAAAAATAGTTGCTTATAAAGCGGAGTAAAGCTCGTTTTATCAACCTGCAAGCTGCGCACCTCACGTCTTCGCCAGCAGGGGACGTTTTACCGTCCCCGGCAGGGTGAATTCGCTACCCTGCGATTTGCCTGGCCAGTTCTGCCAAATCGAAATGATTCATACGATCCAAAGTCGTTAAATAATCGGCGGGAAAAGCCTCCACGCCATGGAATGCGCCGGAAATCGCCCCGACCATGGTGGCGACAGTATCAGTATCATTGCCGATATTAACGCCGGAGATAATAGCATCTACGGCAGAATTCGGACAACACGCGAACAGGCCAAAGGCCGCCGGCACCGCTTCACTCACGTGCAGCCCGGAGCCAATAATATCAGCAAGTTCCACCACCGCCGTTTCCCAATGGCGATGACGTTTACCGATATCTACGGCCAGTTCAATGCGTCGGGCAACGGAAGGACCTGCCACCATCATCGCCCCTTGCTCCTGCGCCAGCAGATAGCCCCTTTGCGCACCGTAAATACCGGCGGCAATAATGCTGTCTGCGTTGGTCTGCGCTCTTAACGCCTCGCTGGTTGCCGCCGCCATCGCCGCTGCGCCGGACATCGCCAGCACGTTATTATGCGTAAAACGGCAAATCTGTAGCGCGCAGTCAATCGCCGCGTCAATATCACCCGGATGCAGCACCGCCGCTGGCCAAATCTTCATGGCGGCGCCGTTCGTTGCCTCCGCGTTACCCTTATTAATAATCTGTACCGACTGTTTTTCGCCTTCCAGCTCACCCTGTAAAGAGGCGCGGTTATCATTGAATATTGCCTTCATTGCCGCACGCGTCGTCGGGCCGGTAAAGTTGGCGTAGTACGGGTAATCCAGCCACTGCTGAAAAGCCTCGCGCATCGCTTCGTCGCTGACTTCACGCTGATGGCGCAGCAGCGCGTCCATAATGTACTTAGCCTGAATAAAATCATCCGTGCACATACCCGCTTCATTGCAGCGGCCAAACGTGTCCGCTGGCGGTTTTTGAAAGGTCGTCACCCAGCCGCCAAAATAGTCTTTTATTTGCTGCTGGGTGCGTACTTCCGTCGCGGCTCCCATCGCGTCCGCGGCGGCGGCGCCCACCAGGCATCCCAGTATTTTGTTTTGATCAACGTGCATGATGACTCCTTATTTCACGGTCATGGCTTGTGCCAGCGAATGGCTGGAAAGAAAAGTGTTGAGTTGGTCAGGAAACGGTAAAGCGGTCATTGCGCCTTTTGCCGTCACCGCCATAGCGCCGCAGGCATTAGCATTGCTGATGGCCTCCGCCAGTAGGATATGATTCCAGCAATTTGCGCGGGAAAGGGTGAACAGCAGGCCGCCGACAAAAGCATCGCCTGCCCCGGTGGTATCGACGACATCGACGCGTGGTGCGGGAAAATGGAACTCCCCCTCGGCGGTAATCAACAGCGCGCCATCGGCCCCCAGCGAAATGATCGTGGTGTCACACCCAAGATCGCGCAGGTAATAACGCGCATCCTGCCAGTGACTGGCCCCGCTGAGCTGGCACAGCTCATCTGCCGAGACTTTGCAGATAGAAGCCAGTGCGGCGGACCGGGCGATCAGTTCAGGGATTTCATCAGTATTCCCCCACATTTTGCTGCGCAGATTGACGTCAAACAGTACGTAACCACCCGCTTCACGCATTCTTCTCGCTCCCTCAAGGCACGCCTCGCGAGCGGGCCTGTCGGTGAGGCCAATTGAGCTGAAGTAAAACCATTCGTACTGCCTGAACGGCGGCAGGTCCTGCGGCGAGACGTAGGTATCAGCCCCCGGATGCACCAGATAGGTAAAGCTGCGTTCCCCGTCAGCCGTCAGGTTGACGATCAGCACCGCGCTGGTCAGGTCCGCATCCAGCCTTAGAAACGTGACATCCACGCCGTTATCCTGGAAAACCTGGCGCAGGAAGCGACCGACGTCATCGTCGCCAAGACAGCCAATAAAACCGCACTCTCCGCCCAGCCTGGCAACGCATACCCCCACGTTCGCCGACGCTCCGCCGGGGCATTTCAGATAGCTGTTCTGTTTTTCCGGCACCAGATCAACGGAGGCATCGCCGATAACCCAAACCTTATTCATGGCCTTCATTTGCGCCTCCTTATGCCTGCTTCTGCGCCAGGGCAAGCTGAATATCACGATAATATTCGTTATTAATCAGATACTTTTTCATAAGCAGCCCAACCGCAAGATGGAACAGTGCCGGAATGAGCGTCATCATCAGCGCAATACCGGTGAGCGAACGCGCGCTCTGTTCAACATCGGCCTGATAGCCAAAGTGGCTCAGCAGGAATCCGAGTATCCCGCCCGCGATCCCCATCCCAAACTTCTGGAAGAAGAGGATGCCGCCAAACGCCAACCCGGAAACGCGCAGACCGGTTTTCTTTTCTCCGTAATCCACCGCTTCGGCGATAGAGGACCAGAACACCGGCATTTGCATATCGCAGAAGAAATTAATAAGAAAATAGAACGCAAACGCCAGGATAAGATTTTCACGCCCGACGGAGAAATACATCAGCGCGCTCAGGATAAAGGTAATAATCTGGGTGTAGCGGAACATCTTAATTTTGTCCCAGAACTTGGTTATCCAGGTGGTGGCAATCATCGCTAAAATAGAGGCAACGACGCCGGTAGTCAGGAAGGGTGAAATCAGGCTATCTCCGCCGTTCAGATAATACTTGGCGTAATAAGCGGCAACGGAACCGCGAATAACATAACCGCACATCAGCAGCAGAATAACAACGCCGAGAATAATCCACTGATCGTTGCGTAACAGATATTTAAACTGTTTCCCCACCGATAACGACGTAATTTCCGGCTCGCTGCGTTCACGCGTGGTAAGAAAACAGAAGATAAACAGCAAGGCGCCCATCGCCCCCATCAGCCCCATCGAAAACTGGTAACCCAGCGCCTTGTTGCCCTGCCCCAGCCAGACGGCAAGCATCGGTACGACGATAGTCACCAGGAAAGCGGCAATCTTGGTCATCACAAAACGATAACCGTTGGCGCTTAACCGTTCGACGGGGTCGCTGGTAATGACGCCAATCATCGAAATATAGGGAATGGTGATCGCGGTATAGACCAGGGTCATAAGAATATAGGTGCCATAGGCCCACGCCAGCTTGGCCATATAAGCCATATCAGGCGTAATAAACATCAAATACACGGCGAAACCAAAAGGAATGGCAAACCACAGCAGCCACGGGCGGTAACGCCCCCAGCGCGTATTCAGTTTATCGGTCAGAACCCCCATGGCCGGATCGATAATGGCATCAATCATCCGCACAACCACAAACAGTACGCCA
NZ_CP039489.1_gap116	4503178	4505140	1962	CGATTAAATTCAACTTCCGGCACCACGATAAACTCACAGCCGCCAGCAATAGCCGCCGCCAACGTCAGGTCGCCGCAATAACGGCCCATCACCTCAACGATAGAGATACGCTGGTGAGAAGAGGAGGTGTCACGCAGACGGTCAATCGCTTCCACTACAGTGCCGAGAGCAGTGAAATAGCCGATAGTGTAGTCGGTGCCTTTGATGTCGTTATCGATAGTGCCTGGCAGACCGATGCACGGGAAGCCCATTTCAGTCAGACGTTTTGCACCCATATAAGAACCGTCGCCGCCAATAACTACCAGCGCATCGATACCGCGTTTTTTCAGGTTTTCGATCGCGACAGCGCGAATATTTTCGTCACGGAATTCCGGGAAACGGGCAGAACCGAGGAAAGTACCGCCACGGTTGATCATGTCAGATACGCTGTAACGGTCAAGCTGAACCATACGATCTTCATACAGGCCCAGATAGCCGTCATAAATGCCCATGACTTCCAGCCCTTCCGTCAACGCTGCGCGCACAACACCGCGGATTGCCGCGTTCATGCCCGGCGCATCACCGCCGCTTGTCAACACACCGATTTTCTTAATCATGACTACCTCTGAACTTTGGAATGCAAAATGAAATCTATTGCCGGAAGCCGATTTCGCACTTCGAAACGATCCAACGAATATACAGATAGTATAACAATCCCTTCCTGCTGAATTGATTCAGGTCAGGCCAAATGGCGGTAATTTATACACAAAATGCTGGCCTGGCTCACTTTTTAACAATCAATTATACAAGCTCGAACTTCCTGCCTTCCCTGGGAACGACTGAACAGGGATCCTGATGAATAATGACATCTGAACCCGGAAAACGCTGTAAAATCGCCTGCTCTACCTGGTCAGCCACAAAATGCGCCTGAACGAGCGGCAGATTATCTTCCATTTCCAAATGAATCTGAATAAAGCGAGTCGGCCCTGACTGCCGCGTGCGGAGATCGTGCGCGCCGCTGACTCCCGGCCATGACGTCACGATATCAATAATTTCCTGTCGTTCCGCATCGGGCAGCGCGCGATCCAATAATGACTGCACCGCCTCATACCCCATACGTAACGCGCTATACAAAATATAGATGCCGATACCTAACGCAAACAGGGCATCCGCACGATGCCAACCGTACCAGGATAACCCAAGCGCGATAAGAATCGCTCCGTTCATCATAACATCAGACTGATAATGAAGCATATCCGCCCGTACCGCCTGACTTTGGGTCTTGCGTACCACCCAGCGCTGAAACGTGACCAGTATAATAGTGCATATCAGAGCGATGACGGTAACGCCAATCCCCACACCGGGGTCGTTCATTGGCGTCGGCTTAATCAGATTCTGAATACTGGTCAAAAACAGAAACAACGCCGAACCGGAAATAAACATACTTTGCGCCAGCGCCGCCAGCGACTCCGCTTTACCGTGCCCAAACGTGTGTTCATCATCTGCGGGTTGCAGCGAATAACGCACGACCAACAAATTCGTCAATGACGCGGCAATATCCACTAGCGAGTCCACCAACGCCGCCAGAATACTCACCGATCCCGTATACCACCACGCAAAAATTTTGATCAAAAGTAACGCTGATGCCATCGCCGTTGCCGCGATAGCCGCCCGGCTAACCAGCCGTCCATAGGTTTGATTCATAAATACTCCCGCTATCTTCTGCCGGTAGTATAACGGATGGTTTAAAACAGTAAGCTAATAACAGAATGACAAACTGGAGATAAAAAAAACCCCCACATCATGTGGGGGAAGACAGGGATGGTGTCTATGGCAAGGAAAACAGGGTTGTTACTGGGAACGTGAGTTGCTACTACTCAATAATTTCAACGATGAACTTTTTTGCCATTGCGCCACGTCGCGCAGTTGCTCCATTCGTTGCTGATGCTTTTCATTCAAAACCGCTTGCTGCTCCGGCGTTAA
NZ_CP039489.1_gap117	4530314	4532320	2006	TATGACCTGGAACTACACCAAACCATACGAACCCGCCTCTGAAGAAGTGGCGATGGAAAGTAACGGTAAAGCGCTGGCCGATCTTATCGACCCGGCAACCGGCGCGGTGGTGGTGAAGAAAGGTCAACAGCTCAGTTCGTTCGCGCAACTGCGCGATGACGGTACGACGTCCAGCGGCTGCTGGATTTTCGCCGGTAGCTGGACGCCGGAAGGCAACATGATGGCGCGTCGTGATAACGCCGACCCGTCTGGTCTCGGCAACACGCTGGGCTGGGCATGGGCATGGCCGCTTAACCGCCGCATCCTCTATAACCGCGCCTCCGCCGATCCGCAGGGTAATCCCTGGGACCCGAAACGTCAGCTACTGAAATGGGAAGGCGGAAAATGGGCCGGATGGGATATTCCGGACTACAGCGCCGCCGCGCCCGGCAGCGACGTCGGACCGTTTATCATGCAGCCGGAAGGGATGGGCCGCCTGTTTGCTATCGATAAGATGGCGGAAGGGCCGTTCCCGGAACACTACGAGCCGTTTGAAACGCCGCTGGGCACTAACCCGCTGCACCCGAACGTTATCTCTAACCCTGCCGCCCGTATCTTTAAAGACGATGCCGACGCGCTGGGTAAAGCGGATAAGTTCCCGTATGTCGGAACCACTTACCGTCTGACCGAGCACTTCCACTACTGGACCAAGCACGCGTTGCTTAACGCTATCGCCCAGCCGGAACAGTTTGTGGAAATTGGCGAGAAGCTGGCGAATAAGCTCGGTATCGCGCATGGCGATACCGTGAAGGTCTCCTCGAACCGCGGCTATATCAAAGCCAAAGCAGTGGTGACCAAGCGTATTCGCACGCTGAAAGCGGACGGCAAGGATATCGATACCATCGGTATTCCTATTCACTGGGGCTACGAAGGCGTGGCGAAAAAAGGCTTTATCGCCAATACGTTAACGCCTTTCGTCGGTGATGCGAACACGCAAACGCCGGAGTTTAAATCCTTCCTTGTGAACGTGGAAAAGGTGTAACGGAGACGACCTATGGCTTATCAATCGCAAGACATCATTCGTCGTTCCGCCACTAACGGTTTCACCCCCGCGCCCCAGGCGCGGGACCACCAGGAAGAGGTGGCGAAACTCATCGACGTCACCACCTGTATCGGCTGTAAAGCGTGTCAGGTGGCGTGCTCCGAGTGGAACGACATCCGTGATGAAGTGGGCAATAACGTCGGGGTGTATGACAACCCGGCGGACTTAACTGCGAAATCCTGGACGGTGATGCGCTTCTCGGAAGTGGAACAGAACGACAAACTGGAGTGGCTGATCCGTAAGGATGGCTGTATGCACTGCGCCGATCCCGGCTGCCTGAAGGCCTGTCCGGCGGAAGGGGCGATCATTCAGTATGCTAACGGTATTGTCGACTTCCAGTCCGAGCAGTGTATCGGCTGCGGCTACTGTATCGCTGGCTGCCCGTTCAACGTGCCGCGCCTTAACCCGGAAGACAACCGCGTCTATAAATGTACGCTGTGCGTCGACCGCGTGACCGTGGGGCAAGAACCGGCCTGCGTGAAGACCTGTCCAACCGGCGCCATTCATTTTGGCTCGAAAGAGGATATGAAAACGCTGGCGAGCGAACGGGTGGCGGAACTCAAAACCCGTGGTTATGATAACGCGGGTCTGTACGATCCGGCGGGCGTAGGCGGTACGCATGTCATGTACGTGCTGCATCATGCCGACAAGCCGAATCTGTATCACGGTCTGCCGGAGAACCCGGAAATCAGCGAAACCGTCAAGTTCTGGAAAGGCGTCTGGAAACCGCTCGCCGCGTTCGGTTTTGCCGCGACCTTTGCCGCCAGCGTCTTCCACTATGTCGGCGTCGGCCCGAACCGCGCGGAAGAGGAAGATGACAACCTGCATGAAGAGAAAGACGAGGTGCGCAAATGAAACGACGTGACACCATCGTGCGCTATACGGCGCCGGAACGCATCAACCACTGGATCGTCGCCTTCTGCTT
