gap_id	start	end	length	sequence
NZ_CP045921.1_gap1	16355	19461	3106	ACTTGAAGTTAGTGCGCCAGAGTTATAGAGATTATGTGTAATTGATCCTAGGAATGAGTACTGGTTTGTCGCATCAAACGGTGTGGCTTGGGCGTCATACTGTTCGGCAAGTCTGTAGCTTGACATGTCGTCTGCAGTATCAGCCAAGAAGCCCTTATAGGAAGCAGCGTTTGCAAATACCAGTCCATTTGTAAGAGCAGTGTTTTGCATCAGAAGTCCCACGCCGGCGGCGAGGGCATTTCCTGCGTCTATGCCTTTTGTCTCTTCATCAACGGGCATTTTTGAGAGCCAGTCTATCAGATGCTCAACAAACTTTCCTATTATAGGGGCGAGCAAGGCGCCGATGGCGGCCGCTATAACCGGCATAGCGGCAATACATGCCAATACTCCAGGTCCAGTGGCACCAAATAGCTGCGCGCACATAGCTGCGTCGCCGAGTGTTTGCGCCACTTGTCCATTAATGAGACTGCACATGGATTTAATAAGCGCTTTTCCGGCTTTTTTGGATGTACTGGTGTCGCGTCCGGTCAATGTACTCAAGAAAGGGGCTACCCCTGTACTGATGAGAGGACTGCCGACCGAGGTCTCAAAACTAGAGAGTACATTTGAAACACTTGCAATCGCAGCACCCCCAATTCGATAGCCGAGGGCGTAAGTCGAAAGCTCCACTAAGTCGCCATGAAGCAACATTTTCATACCCTCGCCATCAGAGAAGGTGGTTTGGTAGAACCTATTGGGCTTTCCTCCGCTCGTTGGATTTGTCTCGCTATAATTAAGTCGCCCGCCTATATAGTCGGTGATTTGCTGGTCGCTTTCTCCTGCGATTACTTTGTCGAACTCTACTGCAAATGACATAAAGAATCTGACCAACATCGCAATTTGAAGCATCTTAGCTCCTATCACAACTGCATTTGCCGTCGTATAGGTGGTGCAGGCCAGCGATACGACCGATGAGCCAAGTGAGGTAAGCTTTCCAGCCTTCTCTCTTAGCTTACTTGTTTGCTTCTCTCGATTTTCCCTGACCTTTGAAGAGTCTCCATTGGCAGGGTCTCCCTCTAACTTCATGGACTGCCGGAACGATTTATCGAGCTCTTTCTTATCTTTACCCTCTAGGCCCGGTCCTTTTGTGATACCCCATCTGGTAGATAGCAGCTCCTTGAAACGGCTACTCAAGAACGGCTTCTTGGTTACATCGTACGCACGGTTAATCGCTGCTCGAAAAGCCGGAATGCTTTTGAGTGCTGTAATCGTAGATGTTTTTGAATCTACCTTATGTTCTTTACCACTTGAATCGGTGACAGTGATGGACTTTATCGTCTTTCTGTCCCCCACGTCATCGCCCAACTCTACCTTTATGCCGGCCTTACGCAGGTCTTTTACTAGTTTTTCTGGTGCGGTAACAGCCCTACACATTTTTGATTGCGGCTTCTCGCACGCCTTTTTCGCCTTATCAGGGTTGTTTTTGTCTGGCATCATCGATGAGAATACAGTCAAAAAGCGAGAGTTCATCGCAGGAGCCGACGTGTCGCGGGCATTGGTGAGATTTGCTTTGATCGCAGCAAATAATGTTGCTGGCGAGCTGAGAAATACAATGACAATCAAGCCAAAAATAGCAATAATTGCGCCGATAGTTGCAATCGGTCCGCTAGCCTTTACTCCTTTGAGCTGCCCTTTCCCGCCTCCGCCAACTCCGCCACCAGCCCCCATCGGGTTTTGCTCGCCATCCCGGGCTTTTGGCGTAAGGTCGCTACTAGCGGAATCTTTTGCCTCATCTTTTTTCTTGCCGGTGGATTTTGCGGATGGCTGAGGATCTTCGTCTTTATCGGAAGAATCGTCTTTTTTGGTCGACTGATCTGGCAAGTCCGAGTCAACTGAATTTTTCTCTGCTTGTGATAGCTGCTTAGCCGCCTGATACACTCCTATGGCAGAATTAACTTTATCCTGAAAGGTTTTCTCTGCAGGATTAAGTTCCTCTTGCTCTTCTTCTGGTGGTATATCAAGTAGCGTCGCCATAGGTTATTGGGTTTGACCAGGTTGCTGTTGTTGCTGCTGCTGCTTGAGCTGTTCTACGGGGTTTGTACTGACGAGCTGTGTTTCTGTCTGGCTAGCGATAACTTGAATATGAACGTGATTTTGGCCGGCAAAGAAGAGCCCTTGACCCACTGGGAAGTTAGAGAGACGCTTCATTTCCTCTTCGGTGAGCTTGAACACGTTACTGAGTACATCCACTGCACTGGCTGACTGTTTGAGAAGCAGCTGCATAGATGAGTTTGCCACGATAGCACGACCCATCTTACTGCCCATAAAGTCTTCGACGTCCTGGGTGATAGTGGTGATGCCAAGGTAATATTTACGTGCACGTTTAGCAAGACTAAAGAGGAAGTTGGCGGAATCCTCGTATTTCATGAGCTGCCACGCCTCGTCCACGATTAACATGCGTTTTTTGCGTTGCGACCTGGTGATATTCCAGATATGGCTCAGGACGATATACATTGCCACCGGACGTAGCTCATCTTCCAAGTCGCGAATATTAAACACTACCATCGCATTGTTGATCTCTATATTGCTTTGCTGACTGAAGATACCTGCAAAGGTACCAGAGGTATATTTGCGTAGGCGCTGCGCAAGTTTTGGACCAGAACCCCCCATGTGGAGTAGTGTATCGTAGAGATCAGCCATGGTTGGCGGCATGCTGTTGTGTGTAAGTGGATCGCTTGTGATGCCTAAGCGCGCATAAGTGTCGATTAATGCTTGATCTAGATCAGCCTCTTCTTCAGGGCTGAGGGTGACATTGGTATTTGTAGCGGTGGCTCCACCAAGCATGAGGCGCAGAAGACCATGAAGTGTTACTAAGTTGGCTCGCAGTGCATCATCAGCCTCGTCGGTGTCGATTACTTTCGGTAAGTCGAATGGATTGATGCGTACGTCAGAATTGAGACTGAGACGAATATAGCTACCACCCACTGCATCACTAAGGCGTTGGTACTCATTCTCTGGGTCTATAATAAGTACATCCGCGCCTGTCATCATGGAGCGAACAGCTTCAAGTTTGACGGTGAATGACTTACCAGCACCAGACTTTGCGAAGACTACCATGTTTGCATTT
NZ_CP045921.1_gap2	26144	30996	4852	TGACAAACCTTTTAGTACATCGTCCTCTGCTTTGTGTGCCCCAGCTACGGCTTGCCCTTGAAGTACTGCATCAAGTCGAGCATTTCCTGTATTCGCACCGCTCATTAGCCTGTCGCGATTAAACTCACCCTGGCTGTATTTGAGCGCTTGTTCTGCTCTTGCGTCTTTTTCTTTACTATTGAGGTCACGCACAAACGAGCCTGATCCAACCCTTCGTCCAATATGCTTTGCCTTGCCCCATGCACCAGTCGGTGGATTCACCTTGTCTGCATAGAGGCCGGCTGCGTTGCGCATTTGGCGGCGTTTGAGCATTTGTTGGCCCTTGTTGTTTGCGCGATCGAGTAGGCCTTTGGTCTTGTCGTTTGAGATAGCACCGATTTTACCAAGCATACCTCCGGTGCTTTTGAGTATTGCCGGGATGATAAAGAGTGGAATTGCCATGAGTCCTAGCGAGAATATCTGCGTGAGTACACCGGTATCACCAAGTAGCACTACACCGGCCGCAAACTGGGCACCACCAAACACTAGGGCTACAAAGGGGTATAGCAGCAGCATGGAAATGAAGGTATCTTTCCAGCGATCAAACCACTTAGAAGTGTTCGGCAAAAGATAGGCTACAAATGCAAGCGGAGAGATGACTACCAGTATAGTGATTATCGCTTGTCTGGCTACGAGGATCAAGATGACTGTGAGTGCAGCAAAAAGTGCCGAGAGCATGACTGGCAGTAGAAATGATAGTGTGCCAAGTAATGCACCAGACGCCGCGATACCTGCCACCACGACAGTACCGCCAAGCACTCCGGCCATAACGGTCTCAAACGTACTTGGCGTTTGGGCTCCTGCACCAGTTTGTCCTGTGGAGACTATGAGTTCCTTGAGGTTTGCGCCAATAATATTAGAGAGGTCTACCGCAACAATACAGACCCAGAAAGATATATTGACAAGAATCGCGGCGATAATGATACGCGGCAGTAGTCGCTTGATGCTGTATGTGTTGAGTCCGGCTCCCGTGATTTGTGAATAGATGACAACTAGAAACGCACCGATAAATGCCACGTTTGCGAGGTTACGCATGTTAGACCACTGGGTTTTTAGCGAATCTTGACTCTGTTGATTTGCCAATGAATCATAGCGCAAAAAACCCTCTAAGAAGTTGAATACCCCATCGGTTAGTTTGGCAAGAAAACTCGAAGCAGGACATATAATCCAACCAATACCGTCTTGGATTTTACAGGCGACCTGGGCATCGTCGGGGGGGTTGAACAACCCGGAGAGCTTATCTTTTGGGTAACCAGTTTTTCCTGCTATACATGTGAGCATTTTGTCTTCTGACTCTTTGTTGGCTGGTGTCTTCGCGCACTCGTCAAATGCGTTAGATATCTTATCTCGACACGCCTGGGCATTATCTGGATCGACGCTTTTACATATTTCGTCGACGTTTTCTTCTAGATTTTCTTTGGTGATATCTTCATTATTAGCCCCAGTGCCACTAGGAGAACCTTGATTATTCTTACCTTTGCCATTATTGAGGGTGATTTCCTTTTTTGCCGAGTTATAGAGTGCACAACCGCCTCCGTAACCATTTCCAAAATGCGTAGGTATAACAGTAGCCTTCGTGGCTGTTTCTGGTGATCCATTGAAGGCTATATAGTCCGAGCAACCGGCAGTGACATCATTGTCATAGTAGTGTTCCCATCCAAGACCTTTTACTGCTCCGTTTGGTGTTCCACTCTTATTAAATGTTTCACCACCATAGTTGAGGTGATCTCCATCCCAGTTTGCATTACCGGGACAACCATCCCATTTATAGCCATTGTAACCGGTAACATAGTTTCCGCTAGCTTCACCACAGTCAAGGGCGTGCGCTGGACCCGCTGTCAGTGTCGAAATGAATACTGTAGTAAACAGACCCAAAAAGGCACTCACGATGAGATGAGTGAATGTTTTCCTGCTAGTTTTAATATCTACCCTTTTCATCACCCTCTAGTGTTTGTTACAAGTCATGTACAGTCGCTACTGATAATAGTAGAATATGCTTATGCAAAAAGCAATATCTTTCTCATATATGTATCTCTGGTGGCTTGCCAAGTGCTCGTAAATGGTATATTTTATTGATAAGTAGTTATGAAAACGAAAATAAAACAAATAGTACACGTAGTAGGATTTGGCATCATCAGTATGAGTATGATGATTGCTGCATTTGGTGTGTTTGGGGATACTACTTACGCCTCGAGCTCATGTCCTCAGGGTTCATCGGGAACTGTCAACGGTGTCACCTGTAGTGGAGCCAAAGAGTGTGGCGGCGTGAAGACCGCCATCATTAGCTGTACCGAGTCCGGCGGCAATGATGTGCAAAACTCTGGTATTTTAGGTATATTGAAACTCGTTGTCCGCGTACTTGCCATTGGCGTGGGAGTCGTTGCGGTTGCGGGCATAGGCTGGGGCGCGATTCAGTATGCAACCGCCCAAGATAATGCAGGCCAAATTAACGAAGCTATCTCTATAATTCGTAACGTTATCATTGGCTTGGTTGCATTTGCTTTTATGACCGTATTCTTAAACTTTATTGTCCCTGGAGGAGTTCTATAATATGAAAAAGCCTACTTTACTGAGATCTCTACTGTTGATACCTGTGCTTTTGGGGGCATTTTTCGTCGCTGCTCCATCGGCCAACGCTGTCGGTACTTGTAATTTCAATTCGCGCTTCCTTACCTTTCCTACATGGTGGCGAGGAATTCCTACGGACACAGGTACCTGCTCGCTCAAAATGGAAGACATCCCCCCCGAACGACTCGTATCGATTATCGCTGCCAATATAGCAGAAGTGATTATTCAGTTAGTCGGATACGCAAGTGCAATATTTATAATTGTAGGTGGATTCAAATATATTACGAGCAGCGGCTCGCCAGATGGTATGACAAGTGCTCGTAAGACGATACAGAATGCAGTGATAGGACTCCTTGTGTCTATCCTATCCGTTGGAATAGTAAATATAGTGTTTAGCAGGTTATAAATATGTCGATGTATAGTATTTTTGCAGGTCTCATCAGTGGGGCGGATGTCGGACTTAGTGGTATGCAGGTTGCCGATTCTACCACCGCGTGGAATAGCCTTCTTAATACGGTTTATTCTATCGCTGGTATTGTAGCAGTACTAGTGATCATAGTAGCTGGCATCTACTATGCAACTTCAAATGGTGATGCTGGCAATATCCAGCGTGCCAAAAATGCTATCCTCTACTCCGTAATTGGTATAATTGTGATTATTATGGCATTTACAATTACGCAGTTTGTTATCGGACGAGCAGCCGGGTGAACGGATTAAATAAACGAAGGAACGAATAATGAAGCAGATTTTTCTTACAATTGCAGTAGTCGTCGGTCTTGCAGGAGGTACGCTCCTCTTCGCAAGCCATGCGGACGCGTTAAATGCGTGGGGTGCATGTAGTAACGGTGGTAGTGGTGCGGTTTGTAGTGCAAGTGGTTCGGACGACTTCAGCAAAACTATGCAAAACATCATCAACATGATGCTGTATGTACTTGGTGTTATTGCCGTAATTGCTATCATCATTGGCGGTATTCGCTATGCAACCGCCAACGGCGATGCGAGTCATATTAAGCAGGCTAAGGATACTATCCTCTATGCTGTTATTGGGCTCATCGTGGCAATCATGGCCGGGGCGATAGTAAACTTTGTAGTTGGACGTTTTTAGCGTATAATGCGACTCATGAAGACAAAATACACACATAAACTAAAAAGTGCGACAGGTGTACTTACTGCTGCATTTGCAGTTGCAACGGCCTACACTAGCAATGCCTTTGCGAGTGCAGCGAGTGAGATTGGGAGTGGCGCGAATTCTACCGGCCAGACAAGCGGGGTTACATTTCAGCAGGGGGTTACGACAGTAACAAATATCCTACTGTTCCTTATTGGTCTTGTGGCCGTGATTATGATCATCATCGGTGGTATTCGCTACACTACATCTAACGGAGACGCAAGCCAGACAAAAGCAGCCAAGGACACTATTTTGTATGCTATTGTCGGACTTGTTGTCGCAATCATGGCGTATGCAATTGTGAGCTGGGTTGTTAAAACCTTTGTGTAGTGAGTACAGAAGTTTACAACTGGTGTCTCATATGCTATAAACATACAAAGAAAGAAAGGAACAAAATCAAATGAAACAACAAGTAAAATCTCTCGCGACGCAGGCGCAGTACTATATGGCGGTGGTGTTTGCGACACTGAGTTTCGCACTTGCCGGTTTGTTCATGTTGGCTCCAGCTGCGCATGCAGCAGATTGTAACACCCAAGGCGGTGATAATCTTAGTATCTCGGCAGGTGTTAACTGTGCACAAGGTAAGGATCAACCGACAGAACTGTTTGGCGATCAAGGTATCTTCACCACTGTCACCAACGTACTATTGTTCTTGATCGGTGCGGTCAGTGTGATTATGCTGATCATTGGTGGTATTCGCTATACTATTTCAAACGGTGATCAGGGTGCAGTTACTTCTGCTAAGAACACGATTCTCTATGCGATTATCGGACTTGTCGTCGCAATCCTATCGTTTGCAGCCGTCTCATTCGTGACTGGTCAGTTCTCGTCAGAGCAATAGTCTCTCCGTTTCTCGGCCATAAAAATACTCCCCTATCTGGGGAGTATTCTTATGGGTTGGGAGCCAGATTACATAATCTGAATCTTCTTTGCCTGCTCTTGTACTACTTTCGGGAAACTGATAGTTAGTACACCGTCTTTGAGCGCAGCCTTGGCCTCGTCTTCTTTGACAGCCAGGGGTAATGCTAGTGTACGGCTAAACTCACCCCAGTAGCATTCCTGAATATGCCAGTTGTT
NZ_CP045921.1_gap3	39488	43422	3934	CATTGTAAACACTCGTAACCGTTTCATGCGTCAGCCAGCCGATAAAACTAGCGGCTGCGACCATGAACAGAAATACGATCAAGATAAGTTGCGGTAGCCGCTCCCGCCTGGCTGCTTTTATCTCGTGTCGTATCGTCGCCGCGAACATCGTTACCGCTCCGTCGTCGTGTCGATTTGTAGGTAGATATCTTCAAGCGACCCGTTGCCTGCAAATCGTTTGAGCGTATCAGCCAGCGAGTTCTGGTAAATCAGCACACCCGATCTCAAAATACCGATACTCGTACAGGTCTGCGTCACCTCTGATAGTAAGTGCGTATTCATAAAAATGGTGATGCCAAGCTCCTTATTGAGCTTCAAAATAAGATCACGCAAGCTTTTGACACCTTGCGGGTCGAGGCCGGATGTCGGCTCGTCGAGGAATAATAACTTTGGCTTATGCAAGATCGCCTGTGCGATACCGACGCGCTGGCGCATACCCTTACTGAATGTTGCCAGTCGTTCGTTATCGTGTCCGGTGAAATCAAGCAGTTCAAGTACCTCAGCGATGCGTTTACGCGGGTTTTTCAAGCCCGATAACTTGCCGAAATACTCAAGATTTTCATAGAGCGTCATATTGTCGTAAAACTGGACGTTCTCGGGCAAGTAGCCGATTGACTGCTGGACAGCGCGTGATTGCTTTACGATGTCATGCCCAAGCACCGACGCCGTGCCGCTGGTCGGTGTCAGTAATGTCGTGAGGAGACTCACGGTGGTTGTTTTACCCGCACCATTATGTCCGAGCAAGCCGAATATCTCGCCAGTCTTTACGGTGAGGTTGAGACTTTTGACGGCAGGCTTAGCCCCGTATACAAGGCTGAGATCGTGGGTTTCGATGGCAATAGCTTTCATCTACTGCCGAGTATAGCCATCTATATATGAGACCAGCGTGAGAAATGCTAGTGCGATTTACTTGCTATGCGTCGCTGGCTATCTCCGTGCGACACCGCCAAATAGCCGACCGCGATGACAAGCAGGGTCGTCAGTACCAATGTCACTAGACTATCACCGTAGCCCATACCGCCGATGCTATGCGGCTTGCCGAGCCAGTCAGCCACCGATGCGCCAAGTGGCCGTGTTAGCACATAGGCGCACCAAAATGTGAGGATAGCATTGGCATTAAATAGCCAGTATGCAACTGCCGGAATAGCGATCAGTACGCCAAACAGGAGGATAGAATCGAAGTACCCAAGGTTGAGCGTCATCGCCGTCATATCACCGGCAGCCGTACCGAGCGCAAAGGTTGCCATGATCGTCAGCCAGTAGAACGCTTCACGTCGTGGCGTGTGAATACTATGGATTGATAGTGTTCCCTCAACTTTGTACCACAGCCCGAACATCACCAGCATACTCACCGCAAAAAAGATCGTCGAAACAACGTACGGAACACCGAACTGAATATGTAGCACGTCAGCCGCCATCGTGCCAAACACCGCTACCATAGCGACAGCAAACCAATAGGTCGCCGGTCTATACTCTTTCGCCCTGAACTGAAGCGTCAGCGCTACCAGTAGCAACAAAAAGCCACCAATCACGGCAATATACGGATTGATAACCACCACTGAATAATCTGCGGCAGCCTCGCCAAGCGCAGTTGTGAGCAGTTTGACTACCCAAAAGATCGCCGCGATCTGCGGTACTTTTGTGACAGTTTGCCAGGCAACGCGATGAGCGGTACGGTGATGCTCTACAGCCATATACATTTCATTGTAGCAGCGTGAATATGATAACATGATGAGGTACCTGCGCTATAAGACATGAACTTCTCCTCCATTGTGTCGTCGAGACAGATTTTTGGCTACTATGATAGTGAGAGATACGGCTATCGTTGCAGCAATCAGCCCGACGGCAATACCACCAAGAATGTCAGACCAGTGATGGACATGAGCAAATACGCGGGCAGCACCGATCAGAATAGCTACTGGAATCATCACTAGCCCCCACTTACGAGCATAGAAAAAGCTGATGAACGCCAGCGTCGTACCAAACGTCGTATGATCTGATGGAAAGCCGTTGTCCGGTGCGTGCGAAAACAGCGGCACAAGATGCTCACTCACAAATGGGCGTGGGTCGGTAATTACTAGCCCCGCAAGCTTGGCGAGGATAAACGCGCAGATGCCACCGATCGCTAGTGATATGAAATACTTTTTGCGCTCACCGCTTGGCAAGCGAAAAAAGATGATCGCAGCGAGGAGTGGCAGCACAAAAAAGAGATACTGCGCTACAAAAACGATCAGCCCATCAATCATTAGTCACCTCCGTTGTCTTTGCGTGTTTGCGTTTTTGCAAATGGACGACGGCTGGAATAAAGGACACGACCATAACGACAATCACAACTGGCAAAATATAGTGATCCATATTCGGAATGATACGGCCAAGCGTATAGCCAAGCAGTGTCACCACCAAGCCCCACAGCGTACCGCCAAGCACGTTATAGGTCAGGAACTTTTTGTATGACAGTTTGCTCACACCAGCGATTGTCGGTATGAACGTACGCACGATCGGCACAAACCGCGCAAAGATAATCGACTGCGCACCGTACTTTTCAAAGAACGCATGGGCTTCGTGCAGGTTCTTTTGCGAGAAAAAGCGTGAGTCCGGTCGCGTAAACAGTTTCGGTCCAACTTTTGAGCCGATAAAATAGCCGACGCTATCACCAACGATTGCCGCGACAACAACGATCACTAGCGTCAGAAAGATATTGAGATGTCCTTGCGACGCAAGTATGCCAGCAGTAATCAGTAGTGTATCACCCGGCAAGAAAAAACCAGCTAGTAACCCCGATTCGGCAAACACAATCACGGCAAGCCCAACATAGCCAAATGTCAGCCAGTACACCGGGTCGAGTAAATTATGCAGCACAGCAAATACTCCGTTTTCTTGATAGCAGACTGTTCATGTGGTTAGTATGCCTGATGCTAGATGGGATGAACGTGAGAATGTGACATAAAAAATATGGCTTGCCGCTCCTTGCCAAGCCATACTCGCATGTTTATTTGACCCTCCTTTCTAGGAGTATACGAATGTATACACTCTCTAGTATGAACCTCCAAATGTGATACGAACGTGAGAGCAAAATAATACGGCTTGGTCTCGCAGGCCAAGCCGTATCTGTATACAGCACTATAACTATAGTTTTGTTAGTCGTTTGTTTCGGCGTCTTTTTGACCGCCTTGCCATTCTGTCTATTTTGACCATTTCGGGTGCAGTGGGAGCTGTCATTTGCGGTGGTCATAAGATCATAGCTGCTCTACGGGTATTTTTTGGTGGTACGACAGCTATGGTAATTACTTACTTTATTGGCGCAAATGTCTAGCTGATTGTAAGCAAACTGCAAGCCAGTTAGTATACAATAGTACTATGCGCCTACTTGTCGTTGAAGATGAAGCCCGTATTGCTGAAGCTATAAAACGCGCCCTTGAACTGCATCACTATGCAGTCGATATTGTGCATGATGCAGATAGTGGTCTTACTGCTGCAGCCCATCCAGACTATGATATGGTCATTCTTGATCGCATGTTGCCTGGGAATAACGACGGTATTGGCATAGCCCAGGAATTACGTAACCAAGGTGTCGATACGCCGATCATTATGTTGACTGCACTAGGTGAAGTTGATGATCGGGTAGTCGGCTTGCAAGCCGGTGCTGATGACTATCTGCAGAAGCCGTTTGCCATGAAAGAACTGATTGCTCGCGTACAAACACTGTTTCGTCGACCTCGCTACACACTTGGCACGACACTGAAAATCGATGACCTGCAATATGACCCTGTGACATTTCAAGCTACACGCAGCGGTAAGCAGCTGTCGCTCTCGAACAAGGAAATAAAATTGCTGGAGTATATGCTTTACAATCAGGGTCAAGTGATAAGCAAAGACAAGATTATCACTCATGTCT
NZ_CP045921.1_gap4	120243	124968	4725	GCTGCCGATCATGGATTTGTGTCGCGTGACGATTACATCGCGAAACTTATGGAGTTGACGCGGTTGACTCGTCAGGAGATTCGTGAGCTACTCGTAGGAGCGCAAGTGAGAAGCCGAGGGGTTTTCGCCTATGCGGCAGAACTCAAGACGCGTGGTTACAAAGTTGCTGTACTGAGCAATATCGGTCGCGACACAATCCATCGCCTCTTCAACGAGGCAGATTACGAGCTTTTCAACGCTATCATCGCTTCGGGTGATATTGGGGTTACGAAGCCACACATCACCGCATACGACCGTGCGCTTGAGCGATTGCGTGTACAGCCGGGCGAGGCAATCATGATCGACGATGCGTATTCTAATGTTGCAGGTGCTATAGAGGCGGGTATGTATGGTATCGTGTTTACTTCTCTTGTAGATCTTAAAGCTCGGGTCGAAGAAATACTGCATCCTTCAGTTGCAGAGTAGATACTACAACGAATATCCACAGTACACGTAACGCGGTAACTGACACAACGTAGTAAAAACTACTTCAATATACATCACGACACTTGACAACAGGCCTACGACAGGCGATAATCGGGCTACAAACCACCACAAACACAAACAAGGCACCACATATGAACACACGAACTCCGCGTACTACGCATCTCGCCGCCACGGCATTGATTGTCGTTGGCGTTATCTGTTCGCCGGTCATTGCATCGGCTGCATCAACCACAGCAAACACGGTCGTAAATGCGTCTGTTGGGGCATCGATAGGTATCACGTCGAGCTCGACTGTCGCGCTTTCGCTTACTCCTACGTCGAGTGGCGTGGTGAGTAGTGCGAGCGACACTGTGACAGTAAATACCAACAACGCAAGTGGCTATACGTTGACACTCGCAGATGGTGATGCTAATGTTAATCTGACGAGTGGCGGTAACACCATAGGAGCTCACTCGGGTACCCAAGCAAGTCCGTCTACGCTCAGCACCAACAAATGGGGATATGCTGTAGCGGGAGTCGGTGGATTCGACGCATCGTATTCTGCAGAAGCAAACAGTACGACCAGCAGTTCGAAATGGGCAGGTATACCCGCTAGCGGTGCACCAATACAGCTCAAAACTACCGCTACTACCGCTACAAATGATACCACTACTGTCTGGTACGGTGTAAAAGCCACATCTGCTCAGCCAAACGGCACGTACAGTGATACCGTCACCTATACGGCAACAACAAACTAACATATCCAGGAAAACAGAGGTATGAAAAGAAACACCAAAATCACTAGCTTTGTCACAGTAGCCTCATTGGCGGCTGTTGTTGCGTCGCCTATTGTCGCATCGGCCGCATCGACTACGGCAAACACAACCATCAATGCATCGGTAGGCAGTGTCATTAGTATGACAACTGGTACCACAGTAGCGCTGAGCCTGACACCTACCGGAAGCGGTGTTGTGACGAGTGCAAGCGACACAGTAACCGTCAACACCAATAACACAACTGGCTACAACCTGACAGTTGCAGACAGTGACGCGACGACGACCCTCGCGAGTGGCGGCAACACCTTCACCGCACATAGCGGTACTAAGACCGCACCGACTGCTCTCGCCAACAACACATGGGGCTTTGCAGTTGCGACTGGTACGACAGGTATCGGTACCAATGGTTTTGATGCCTCGTATTCGGCAGAAAGCAACGCTACGTCAAGTGCCACAAAATGGGCAGGTATGCCGGCTACCGGTTCTCCGATGTTGTTGAAGTCTACTACAACAGCAGCGACAAATGATACCACGACCGTGTGGTATGCGGCCAAGGCTACAACAGCCCAGCCAAATGGCACGTACACCGACACCGTGACATATACCGCGACGACGAATTAGTATACATGCCCCGAGGAGGGGCAGGGACAGGAGAGTGACAGGTGAGCAAGCGAGTAGTCAGACTACTAGGGGTCAGCATACTATCGGGGTTACTGGTAGCGGCTGCTCCTATTGTCGCCTCCGCTGCGAGCCAGACTGCTTCGACGACCGTCAATGCGACGGTCGGTTCGGTTATTAGTATGAGTACGAGTACGACGGTCGCCATCAGCCTCACGCCAACATCTGGTGGTGTCGTGAGTAGTGCGAGCGACACCGTGTCGGTGAGTACCAACAACGCGCTTGGCTACAATCTAACACTTGCCGACTCTGATGCAACGACGAACTTGGTCAACGGCGGTAACACGATCGGAGCTCACACCGGTACGCAAGCGAGTCCATCGGCGCTGGCATCTAACACGTGGGGTTACCGGGTTGTAAATGTCGGCGGATTTGGCGCTAGTGCTTACACGGCGGAGACTAACAACGGCTCTAGTACGTCGACATGGGCTGGAGTGCCGGCCACTGGCTCCGCAAACACACTCAAGTCGACTTCATCTACTGCATCGGGAGATACCACAACGGTGTGGTACGGCGTGAAAGTCAATAGTACCAAGGCAAATGGTACCTATACCGACACTGTAACCTACACAGCCACCACCAACTAGCAATATCAGGAGAATACGAGTGAAGCGAATTTTTATCAGTAGTGTTGTAGCGATAATACTTGCACTGGCGAGTGTTTCCCAGGTAGCATTTGCAGCAGATGCCCAGCAAGTCGCTCCTGCGACTCCAGATGAGAGCATCACACTCTCGCCGGTGAGTACTCGTTTTGCGATTGATGCCGGTCAGCAGCGAGCTGGTGAGATGACAATCGTCAATGATGGCAAATCCGACTATGACTTTATCGTCTACGCGCGGCCGTATTGGGTGGCTAACGACTCATATGATCCGGTGTTTACAAAAGGCTCCAAGCAAAGTGATGCATACCAGTGGGTACGCTTGCCGCAGACGAAGTTCCACGCCAAATCCGGTGAGACGGTCAAAGTACCCTATACTATCGATGTGCCGGCTACTGCTGCGCCCGGCGGTCATTACGGTGTTATATTTGCCGAGACTCAGCCCTCCAACACTGGCGAGCAGGGCAATTCTGTGGAGCGCAAAAAACGTGTTGGCATGATCATTTATGCCTCGGTCAACGGGCAAACGATCAACAAGGGTGAGATTGTCGGTAATCAAGTACAGTTTTGGCAGACACAACCGCCAATGAAGGCGACGGCTACTGCGCGCAATGAAGGTAATGTCGACTTTGTAGACAAAGTGACATTTGCCGTCAAAGACATGTTTGGCAATCCAAAGTATGTTATCACTAAAGAATACCCAGTACTGCCCCAAACGACACGTAGTATCGGGCTTGAATGGCCACAGTCGCCATGGTTTGGCCTGTTTAAAGTAGAGATTCAGCAGCAATTCCTCGACAAAGAACTAACATCGACGCATTATGTACTGATGATGCCGCGTCTTCTACCGGTCTTGCTGATAGCGCTCCTTGTGATAGGAGGTGGTGTTGCGCTCCTTCACCGCAAAAAACGCAAGGCGTAGCTTCGCGTATCTCACGCTACTGGCGGTCATTCTGACGAGTCAGGCGGCGCCAGCATGGGCGCAGTCGAGTAGCGTCTATGCGACACTTTGTGGCACCACGTCACATATCACGATCGCTCAGCCTGCAAGCGACAGTACGGTTACGGCTGCTCAGGTGACCGTCAGTGGTACGGTGGCACAGGCAAATCAGATCGAAGTGTATATCGACGATGAGTTTGATAGCACGATACCACTAACTGTTGGACAAACGACTTATAGCGGTAGCGTGCAACTACCAAATGGCACGCATACACTTCGCGTGGAAGCGATTAATAGCTGTAGTGGTCAAAACGGCGAGGCGACGAGTGTCGTGACATATACGATACCTCCGGCTCAGGCGTCTTCTGGTACTGCGGCGGCGACTGGGGTAGCTCCGGCTCAAGGCGGTGCGGTGACTATCGGCCCAGCTCCAACTGTATCGCAGGGTGTTGGGGGGGCTCCCCGGCAGGAGGCGGCGATGCCGCTCGGATTGCCACCACTTCTGGGGCGCCCACTCGAACAGGCGCTCGATTGGCTCAATATCGCACCCCACGATCAACAAAGCGGCGCAACAGGCTTATCACTTGGACGCGCGATGTTCGTGGTATTGGGTATGTATTTCCTCGTATTGGGCGCGGCGCCTACATTGGTGCACACCCTGGCTGGACTCGGGGTGGTCACTCGAGTGACACCGCAGTCCAACAGTGCACGTCGCCAGTATCTCGTGCGATGGGGTGTGCGGGTTGCTGGGCTGCTAGTTTTGTTACTCGCACTGTTTCTGTAGTCGCGCTATACTAGGGGCATGCCAGAACTTCCTGAAGTAGAAACCGTGCGACGTGGACTCGACGGGCTGATTGTGGGTCGCGTTGTCCGTAGCGTTAGTGTGCGTGATTCGCCCAAAAGTTTTCCGAACGCCCAGGCTGATGTTGACCAGTTTTTCATCGGTGCAGAAATTATCGCTGTGCGCCGTCGCGCCAAAGTATTACTTGTCGATCTCAGTACCGACTATACTCTCGTGATTCACCTCAAGATGACTGGGCAGCTGGTGTATCGTGGTGAGCAGGTGTTTGGTGCTGGCCACCCAAACGATTCGCTGATTGGCGAGCTTCCGGACAACTCGACACGTGTTATGATCGAGTTTATGGACAATTCGTGGCTCCATTTTAACGATCAGCGCAAATTTGGCTGGATACGACTTATGCCAACTATTGAGGTTCCCAATATTGATTTTATGCAGCGTGTTGGCCCCGAACCCCTTGAGGCAGAT
NZ_CP045921.1_gap5	259374	262351	2977	CAATCGAAGTGCCACAAGCAGCTCCTCAGGGAGTAGGCGGCGCAGCTCCTGCAGACTACTCTGGCCAAGGTGGTGCAGACTACCAGCCAGTAGCGCATGTCACGCCTGACACACCAGGTCAGGGCGGCGAGACGCCACACCATCCTGGTACGCCAGACACTCCGGCTCCAGACACCCCAACACCCGCTCCTCAGACACCGGGGCCAGAAAGGGATAAGGACACGAGTCTTACTCCTAACCAAGATGGTGTGACCGTCAGAGGGCTCGATAACGGAGTCACCGAAAAACCTGCTGGACCAGAGGCCGGTGACGCGACTACAACTACTGAAACCGGTACTACAACAACCACGGATACAGGTACAAGTGTTGGCGCAGAAGGTGCAGACACGACTCGTACCAACGAAACTACCGGTAACGCGGCGGAGGGCGGCATGAATACGACCGACTCAAGTGGCAACGCTCAGCCTAACGGAACTATTAGCACAGATCAGTAAATAACATAAAGAATAGGAGACATATCATGAAGACAACATATCGCGAAGCAATGAAGAATATCAACAGTCGAGTAGCTGCCGTATTGGTGGTGTCTGCGGCCATTGTTGGCCTGAGCACTCAGGCGATGGCCTGGGGTCCAGAGCGCCCTACAACAAGTGGTGAGACTGGTGCGGACTATGTGACGTTCAACTCGATTACTGACAATAAAAAGGTCGGTGATGAGCGTAACTTTGTTCGTATTCGCGAAGCTGGTACCGGTGAATATATCAACGACATGAAAGTACAGCCTGGTAAACAGTACGAGGTGATGACATACTACCACAACAATGCCAAAACAAGCTTGAACGCAAGTGGAGCCGGTATCGCCAAAGACGTGTCCGTACGCACCAAGATGCCAAGTGTGGTAAAGGCCTCAGAGAAGGGTACCATCAGTAGCGTCATTTCTTCGAGTAATGCAAATCCAAAAGAAGTTTGGGACGAAGCCTATGTTACGACTGATACCGATGTTGCGCTCAAGTATATTTCTGGATCGGCTACAATCACCAGTAATGGTCCTGTCAATGGTCAGGTGCTGCCAGATTCACTGTTTAGTACGGGTACGCTCATAGGCTACGACAGTCTCAACGGCGTACTGCCTGGTTGCGCGCAATACTCGGGCTTTGTGATATACAAATTCCGTGTTGATGCACCAAACTTTACCGTGTCGAAGCAGGTTTCACCGACTGGCCAGAAGCAGTGGCAAGAAAACTACGCAGCAAAGCCCGGTGAACGTGTTGATTACAAGGTAATCTATACTAATACCGGCACAACTGCACAAAACGATGTAAATATCAAAGATACATTACCAAAAGGCATGGTCTATATGCCGGGTAGTACCAAGGTATATAATACAGCTAATCCAAGCGGCCGCGGTGTAAGTGACAATATTGTCTCGAGCGGTATAAACATTGGAAACTATGCCGCTGGTGGTAATGCAGTTATTACCTATAGTGCGACTGTAGCTGCGGCGAACGAACTTAACTGTAACGCCAATACACTTACAAATAAGGTGTCCGCCATTACTTCTGGTGGTGCGAAAGATGACACGGCAACCGTAACGGTTAACGTAAGCTGTGCCGCCAGTGAATGTAAGCCAGGTGTTCCTACCGGTGACGCGCGCTGTGGCGCATGTACTCCTACCGAAGGCCAGGTGGTAGACGCCAACGGTAACTGTGTAGTTGCAAGCGGTAGTCTACCTACCACTGGTCCTGCCGAGACTATCCTCACTATTATCGGTGTGGGTGCCCTGACAGCTGGATTTGCTTACTGGTACCGCAGTCGCAAGAACCTCAAAAAGGCGCTTGCAGGTGTCGACCTTGAGCACGAAGCAGCTGCGCACGATGCGCCAAAGCTACTCAAGGCTCGTACTGATAGTCACGTCGAAGACGACAAAAAAGATTTCTAAGATTGTCTCACACACGACAAACCCTCGGTGAATTGCCGAGGGTTTGTTTTTATGCTATAGTATACACGCTATCCAGAGACGCCGAGGAGGTGATGACATGATAGCAAAGAAGATCACACGTGTGGCGGCAGAGGAGCTGCTGGGCGGAACGCTAACAGGCAAGCTGCAGTTTCTGGCCAAGCACAACGGTGGTTTTGCCAAGACATTTCGCGATGTCGTGGTGCTCGGCATCGCCGCACTTCACGCGAAGCTCTGGCCAGACTCGGTCGCGACGCAGCCACTCAACCCGGAAGATCCCGGATTTCACTCATCTCATGTCACGATGTGACACGAGTGATGCCGATCGGCGGAGTTTGACGTAGTACTTACTGCTCACTCCGCCGATCGGCGCCCAACTCTTGCTCTAGAGGTGAGAGTCTGGTATAATCAGAACTTGATTGATAATAATTCGTAAGGAAAATCATGACAAAGAAAGCAGTCATCCGTGTCGGCGGCAAACAGTTCGTCGTAGCGGAAAAAGAGACCCTCCTGGTGGACCTCCTCCCGGAAGGAACAAAAGAGCTCAAGACGGACGCGCTCCTCGTCATCGATGGTGACAAAACCACTGTCGGTACGCCAACTGTCAAAGGTGTCGTTGTAACTGCAAAAGTTACCGAGCCAGAAGTAAAAGGCGACAAAATCCGCGTGATTCGCTACAAGAGCAAAAAGCGCGTCAACACCCAGACTGGCCACCGCCAGAAATACAGCAAGCTGGAGATCGTCACGATCAAATAATCCAGAGTGAGCAAAGACGTCCGGAAACGGGCGTTTTTGTTTTATAGAGATAAGCATGAGCGAATATTATTTTGATAATGATCTCGATACTGCAGAGCCAACTTCAGAGCCAGTTGTTGCGCAGTTTTATCAATATATAGATATAGTCGCAGAGAAGGTCACTTGGTTTAGCAAGGAGGATCTCGATGATTTAGCCGAATATGGCAATGAGCTCATAGCCGAGTCAGAGGATTATTTCGGTGATCCCCTACAAGTGTATCTGGC
NZ_CP045921.1_gap6	325687	328962	3275	ATCATGGACGGCCACGACCTCGATACGTTCGTGAGTCTCATCAATGAAGATTATATGACGAGCCAAATCACTGGCAAGCGCTACGAGATTAAGAGCAAGAAGCTGCTCGACGAGCCAGATGGCGAACCGCCTCGTGGCTAACTATGTCGGCCAGCCCCATGATTCTGCCGTGTAAGTGACAGGGTATGAGCGCGAGAGATTGATGAAACAGATAGATTTTCTATCGTCATTCCAACTGAGGGTCGTACCGCTGGGGCAGGTTTTGCCGGAAAAATAGCCGTAAATCGCGATACTGCTAGCAGCGGCCGTACCACTATAGCGCGCCCATACGCCACCCGAATATGTGTTAGCAAGATAGGTACTGTTGTCGCCCGGAAGCTTGACGCTCAGTACACTGTCAATGGCTTTGGTAAGTGGAGGATAACTGGCATGAACGGTTGTTGATTCTACAAAATCTCGGCAAAAATAGGATGTCTCGGTGACTGACTGAGCGGTAATGCTGGTCGGTCTACTTGTACCCCAGCGACTGTTGACCTCGGCGCCTGTGAGTCCGCCAAAATGCAGGCAATAGCTGCCGGATTGGGGGACGGCTGGATACTGTTTCTCTTGTGAAGCATAGAGGGCGAACGCATCGCGATAAGAAGTCATGGCATGTACAACTTGTGAATTGAACGCACGATCATCGACACCGCGCCAGGCTACAATGCCGATAGTCACGAGCAATGCTATCATCATGACGACTACAAGTATCTCCACAAGAGTGAAGCCGGCTAGTTTTTGGCGAGTTCGATGTAACATACAGTCGCTCCTGAGTAAGTAGTATCTATAGTAGTACCGGCAGGGCAGCTTTCCCCTTCGTAAGCCTGATAAATCCGAATGCGAGTAGACGTGGTGTAATCTGCCCAAGGACCAACATAGTTGCCGCGTGCGAGTGAGTGTTTGTAGTCGGGAAGAGTACCTACTTTTGTGAGCTCCGTCATGACCGTATTTGGCGCGGCATCATTGGTGCTGGTGGCTATAGAGCCGCCTGCGCAGGTGTTGGATGGAAACGCGGTGCCAAGACAATAGCGCGCGTTGAGGGCGACGCCGGTACTGGAGGCATTTGGATAGACATTGTAGCGATTGCGATACGTGTCGTAGCGTTTCACCCAATCTTGCTGTTCAATGTTGCGAGTACGATCACGTCCGCTGACAAGGGAGCCAGCCCAGCTGACTGTACCGATAGTCACCAAGATACCCAACACAATACAGACGATGATAATTTCGACAATCGTGAACCCACCGGATTTATGCATGACTTAATCATAAGTGATTTGGTGACATGACACAATAGTAGTGCGGTCATGCGAACAAGTTCACGCGACTCTCGTATCGTAGTACAATAGGAGATAATGAAACAAGATATCGCACTCGAGGTATTGCTGGAGGGGCATAGTGCATTGTTGACTGGTCCGGCTGGTACTGGCAAGACATATTTGCTCAACCAGTTTATTCGCCACGCCAAGGCAGAAGGCAAGCATGTGTCTATCACGGCGACCACGGGTCTTGCGGCTACACACTTGGGTGGCAACACAATCCACGCCTGGAGCGGTATTGGTGTAGCCGACGAACTGCGCCCTGGATTTGCAGATCATATGTCAAAGACACGTCGCGAGACGATCGAAAAGACCGACGTGCTCATCATCGACGAGATTAGCATGCTGCACGACTATCGACTCGATATGGTAGACGAAGTCTGTCGCTTAGTGCGTCGACGCGATGAGCCGTTTGGCGGTATTCAGGTAATTATGAGTGGGGATTTCTTTCAGCTGCCGCCGGTCAATCGTAGCGACGGTCGCGCGGGTGGTTTTGTGGTCAATAGCCAGGTGTGGGCAGAGCTGGATCCAGTGGTGATATATCTCGTGGAACAGCATCGTCAAGACGACGAAGAACTGCTCGATATTCTCACGGCACTCCGCGCGGGTGATATTCGTCGCCACCACGCTGAAAAGCTTTTAGCACGTGCCGAGATAGAGCCAGACGACCCAGAGACTATTACCGAGCTTCACACGGTCAATATCGACGTCGACACAATCAATCATGCCAAGCTTGCTGCACTCGACACCGAGGAGCGCACGTTTCAGCAGTTTACGACAGGCTCGGCAAACTATGTAGAGTCGCTCCAGCGTTCGGTGCTCGCACCTGCTGAGCTCGTGCTACGACGTGGGGCATTGGTAATGGCGGTTAAGAATTCTCCGCAGCGCACCTACGCAAACGGTAGTATTGGAACCGTAGTTGATTTTGAACCTGGCACGGATTATCCGGTAGTAGAATTTCGCAGTGGTCGTACAGTGACTATGGTGCCGGATAGCTGGGAGATGCGCGATGGCGACAAGAAGCGCGCCAGTATTTCGCAGATTCCACTGCGTCTCGCGTGGGCGATTACAGTTCACAAAAGCCAAGGTATGACACTCGACGCAGCGCGTATTGACCTGCGTAAAGCGTTTGTGCCGGGGATGGGATACGTGGCGCTCAGTCGTGTGCGCAACATAGACAGTCTCTATCTCTATGGTATCAACCGGACGGCGCTGGCGATTAGTGAGGACGCGCTGGCGATCGACGACGTGCTGCGCAGTAAGACCAAGCAAGACTCCACTCGTTTTGCGCATCTCTCTGAAAAAGCTGCCAAACGAGCCGAAAAAGGTGACGTGGAGCCGAAGAAAAAGTCTGGTTCTAGTGGCTGGGCGGACAAAATCGCCAAAATGCGCGAAACATACCCGAACGCCTACAAGCCTTGGACGAACCAGGATGACGCTACACTGAAAGAAGGGTTTCAAAATGGCAACGACATCGCAGCCTTGTCCGAGCTACTTGGCCGCCACGAAGGCAGTATCAAAATGCGCCTGCAGAAGCATTTCGGCGAAGATGTCGTAAGCTAGGTCGTCATTTGAGATCGATTACCTTGATAGCGCCGTCTGTGATAAAAGTGCCGAACTGCTGGCCACGGAATTTGTACTGTTCTCCAGGATCGCTTGAGTCGATAGAGTGCACGAGTTTGGCACGCTTCAGCGACTCGATGGTGTAGTCTCGTTCTACATCGGCGTTGTGGTCGATCGCGTGGGTGATGGTACCGGTGCGCCAGCGTATGCCGATTGGGCGGACGTCTTCGGTGCAGGCTGCTACCCAGACTTCACGTTCGCCGGAGAGCCATTTAAACAGCTTATTACTCCAGAAATCGAAATGATTGTGATCATGTTTGTCGGCCACGGGTGCCTCAAGTCGCCAGAGGCGCAGAT
NZ_CP045921.1_gap7	330319	335008	4689	TGTATAAGCAGTGCGATTTTCTAGGAGTCAACTATTACCGGAGTTACCGCGTCTATGGGTATCGCATCCATAACCCCGAGTTTAGTCATACCGATCTTGGTTGGGACAATAGCCCTGACAATATCGAACACGCGCTAGTGCGTCTCCACGACAAATACAAGCTGCCGATTTTCATCACCGAAAACGGCATTGCCGACGCGCGAGACGAACAGCGCCAGGAGTGGCTCGAAGCAACGATACGTGCTATGCTGGCCGCAATCACCGATGGTGTCGATTTGCTTGGATACTTGCACTGGAGCCTGCTTGACAACGTAGAGCTCGACAGTGGTCGCTGGCCACGTTTTGGGTTGGCGCAGGTCAACTATCTGACAATGGAGCGTAAACTGCGCCCGAGTGCCGTCTGGTTCGGCAAAGTGATCAAAAAACTACGAAAGGTGGACCAGTGAAAGAACCGTTTGCGCGCACCGAGATCAAAATAGCTGTTATCGGTGGGGGTACGGGTAGCTTTACGTTACTTTCTGCGCTCAAAGACCATACCTCGCAGCTGGCTGCGTTAGTAAATATGGCAGATGACGGTGGCAGTACTGGAGTACTACGCGACGAGCTTGGTGCATTGCCACCTGGCGACATCCGTCAATGCTTAGTGGCACTCAGTGATTCTGAACGGGTGCGAGATCTGTTCAATTATCGGTTCGAAGAGGGAAGCCTCAAGGGCCATGCATTTGGCAACCTTTTCCTCACGGCGCTCGAAAAGATGACAGGAGATTTCGGCAGCGGCGTCGAAGTGGCAAGCGAGGTGCTCAATATCAAAGGTGTCGTAGAGCCAATTACGCTCACGAGTGTCAAACTGGCGATGCGTGACAGTCAGGGTCGAGAGACGCGTGGAGAGTTCCAGATTAGTGATATGGAATTTGGCGACGAGCGACCGGAGCTGTGGCTCGAGCCTGAACCAACGCCAAATCCGCGCGCTATTCGCGCTATTGAGACAGCAGATATCGTCGTCATCGCACCTGGCCAACTATACAGTAGTATTGCACCAGCGCTTATTGTACCTGGAGTTGGCGAGGCGCTTGGTCGCACCAAAGCGTTCTGTCTGTACGTCTGCAATCTCGTCACTAAGCCCGGCCAGACCGACAGCTACCAGGTCAATGATTTTGCCGACGAAATCGAGCGATTTGCCGGTCAGAAGTTTCTCGACGCGGTGCTGTTTAATACCGAGCGACCGAGTGATGAACTGCTCGAAAAATACGCCAAATTTGGAGAAAAAAGCGTCGGTTACGATGAAGTAAGTTTGCATGATAAGCCATATATTGCGGCGGGTGCCAAGCTTCTTTCGGGTTCTATCTGGAAAAACACCAACACGGCTGATCCCATAGCTGCGGCGCGCACGCTGATTCGTCACGACTCAGATGCTGTCGCAAATGCTATAATCAAGCTATATGAATACGCCCGTGACGCCAAGCAGTACTGACACATTTTATATTGTCGACTTTGACCGTACATTAGTAGACAGTGACAAGTTACTGCAGGTATTTATAGAAATTACCAATCAATATATTTTGCTGCCAATCGAACGTGTCCAGAAAATCGATGCCGATGTGAAGGCGAAGGGTGACTCGTTTGACACGGCGAGCTATGTGCGTGATCATTTGGCTGACCAGGACTCGCTTGATCTCTGGGAACGACTCCAAAAACAGTTTATCCACGAGAGTAGGGCACTCAACATGCTCCTGCCCGGGGCAAATGAGTTATTGGCATATCTCAATCGTACGCACAAATCACACGGGATTCTCACATATGGTAACCCACTCTGGCAGCATCTCAAGCTCACCGCCAGCGGGTTTAATCATGTGCACCGCATTGTCACGACAGACAAGCACAAGGGCCGGCTGATCTCAGGCTGGCAGCAGTCAGACGGCTCATTTCATCTGCCGCCGGAGTTTGGCGGTAGGGCGGTGGAGCGCGTCGTGCTTATCGACGATAAATCAGCCAGCTATGATGGCTTTCCGCCCGAGCCATCGCATGGCTATCAGCCGCTCGATTACGCTACGGCACTTCCGGCTCAACTTGGTGATGTCCCTCGCAATGTCACGCATGTTACCTCGCTGCATCAGGTAATCGATTTGCTCGAGTAAGTGATCCTGGGCTTGATTCAGGACTCTGTATAATAATACTCGCAGCTCCCAACTACAAATAATATGGTGAAATATATTTCTAAGTGGTTAAGACTATTGACAAAGCATAAGCTATATGCTAGTATTAAAAGTATCATGACACAGAAAACAAAAACCACAACCAAAAAAGCAACGATCAAAACTACAAGCAAAGCTGAGCTGGCGAAAGCACTTGCCAAAGACGAGAAGAAGCTGGCGAAAGACAAGGTGATGCTGGCTGAAGCCGAAGAGCGCATCGTCGAGATGACTATCGGCGAGGATGTACGCAATGCCGTCCTGATCGTGTCCCTTCTTATCAACATGTTTATTTTCATCGCATGGCTCATGATGCAGGTAACAACAGAATACGATTACGCCATTTCTGCAGTTATCTTTGGTCGCTAGTTGTCATATAAACCGTGGTATTTTTGTAAAGAATCCCTCGCCAGTACGGCGGGGGATTATCTCTGTTAGTGCGTATAGTTATCCACAATTTTGTGGATAACACAAAGCACCACTTCAGAAAAAGTCAAAAATGGGGGTTGCAGTGGGTAAAAGTGGGTAGTATGATGAATTCAGTGGCAAACGTAACGAACGACAAAAACAAACAAGCCCACTAAAACCACAACAATACAAAGCACTTAAACCCGAGAAGGAACAAAGTGGCAACGGTAGATTACTTCGAGCGAAAGCTGGACGACAAGCACCGACTTACCATCCCAGCAGAGCTACGCCAGGAATTTGCCAGCGGAGTTGTCATCACTCGCGGATTTAAGGACTATCTGCATCTCTACCCACAAGACGTGTGGGACAGGGAAGTAGAACAAGCACTCAGAGGCAATATCCTTGACGAACAAGTCGCGGATCTCAACGTCAAATTTCGACGTGGGAAAACAGCCGATGAACTCGACCAAAAGCAGGGTCGGGTCACACTAGAGCAACATCTGCTCGACTACGCAGGCATAGACCGGGATATCGTGGCGACACGAGCTGGGCTATACTGGCGTATCGAAGCAGCCAACTAGTGGTAGGTGCTTAAGCAGCCGGTTCTTTAACAACCAGACATTATCAGAAGAAACTCTCGAGATCTGCCAATCTGGCAACGTGGGGTGAGCCTTCCGGAATCACGTAAAACCAATCCGGCGTACCTTCCCTAAAAAACACACCTCCCAAAAAACTCCACCTCACACATAAGTCTCTCACACTAGCTACTCTTTATCAGTTGCACGTCAACTTTGATACACTTACAGAGTAGCAACGACTTTACAAAAACAAACACTTTACACAAAAAACAAACAACAAACCTACGTTGCCAGTTTGGTGATCTCGAAGCTGAGCCCAGTATCCTTGCACATATCGGCGTTGACTCGCTGCGATGCTCCCTCTGCGTATCATCTATACGCTTCGGTGCGCGTCTCGCGGTCGCCTTGATCTGCACAATGATACTGGACTCAGTGACCTGTACGCATACCATGAAAAGTGGTATAATTATAGGTTATGAGTATCAAAGCACATGTTCCACCACAGTCTCATAGCTCGAAAGAGTATGAGCTACATGTACCTGTACTTCTCGATGCCACGCTTGAACTGCTAACACCGCAAAAAGGAGAGAGTTATCTCGACCTGACAGCGGGATACGGTGGTCATGCCGAGGCGTTTCTCGAGGAGACGGGCAACTTTGCTGATTCTGCTTTAGTAGATCGTGATGAGTATGCCATAGCGCATCTTGAACGGTTTGCAGCGCGTGGAGTATCTCTACTTCACACCGATTTCGTGAGCGCTGCTCGCGAGCTTATTGCTCAGCAGAAGAAGTTTGACATCGTAGTTGTGGATTTGGGCGTGTCGTCACCGCAACTCGATCAAGCGACGAGAGGATTTTCTTTTACAAAACCAGGCCCTCTGGATATGAGGATGGACCGTAGTCAAACTACGAGCGCCGAGACTATCGTGAACACCTACACAGTGGACGCGCTTGAGCGTATCATCATCAAATACGGAGAGGAACAGCGAGGCTTCGCACGAAGGATCGCCACTGGAATAGTAGAGAATCGACCCTTCTCGGATACGAAACAACTCGCTGATATGATCGCGCACCTTCACCGTGGCAAATGGCAAAAAATCCATCCTGCCACGCGCACCTTTCAAGCACTGCGTATCGAGGTTAACCAAGAACTCGCGCAAGTGGAAGCGGTTTTACCACTCCTGCCCAGCCTTTTACACCAGAACGGTAGGGTAGGGGTGATAAGCTTCCATAGTCTCGAGGATAGGTTGGTGAAGCAGTTTTTTAAAGAGCAGGCACAAGCGGGGTTCGAAGCCGAGCTAAGTTTGCTCAACAAAAAACCACTCGATGGTGCCACTTACGACGTTCACAATCCGCGCGCTCGGAGCGCCAAACTCCGTGCGGCAGTGAAAAAATAAACACAAAGAAAGGGAGAAGCACTCGCATGCCAATCCACATCAAAGTAGAGAAAAAAGAAGTAGCTGCTGCGTCAATCGCAGTCCGCAAGGGTTAAGCACTGCTTCGGCCACCTATGTC
NZ_CP045921.1_gap8	343324	348244	4920	CTGCCATGAGCTCCCTTGAAGTGGAAGATAAAGTTTGGATTGGCTGGCCGGGCATAGATGCTGATACGTTGAGTGACGATGAACGCGCGGAAATTACGCAGGAATTGGCAGGGCGAGGCTGTTATCCGGTATTCCTCACAGCTGAAGAAGTAGAGCTGTACTACGAGGGCTACGCAAACGACACTCTATGGCCGCTGTTTCACTATTTCCAGAGCGTAGCGCATTATTCGGACAAGTACTGGCAGGCGTATCTCACAGTTAACGAGAAGTTTGCGGCCGCGACTGCTGAAGTATCGGCTGATGATGCCCGTATTTGGATCCAGGATTATCACTTCATGTTGCTGCCGGCTCAGATTCGAGAGCGCCTCTCAGGCGCAACAATTGGCTTTTTTCTCCACATTCCCTTCCCTAGTTTCGAGATCTTTCGCCTACTCCCACAGCGTAAAGAACTGCTGCGCGGATTGCTCGGTGCCGACGTGGTGGGGTTTCATGTCTACGACTATGCGCAGCATTTTCTCGATAGCTGTCGACGCTTACTGGGCGCGTCTGCGTCGAGTGGCATGTTGGAATACGAGGGTCGCATGGTTAAGGCGGCCGCCTACCCTATCGGCATAGACTACGACAAATTCCGTGCACAGCTTGATACGCGCGAGACCAAGGATGCACTGAAGCAACTTGAAGACGCCTACGGCAAGCAAAAACTTATTTTGTCGGTGGATCGCCTGGACTATTCCAAAGGCATCCCGGAGCGGCTCGAAGCGTTTCGCTTATTACTTGAGCAGCATCCTGAATATCATGGCAAGGTAAAGCTTCTGATGGTAGCAGTCCCCTCTCGCACAGGTGTTAAAGCATATCAAGAGCTTCGTGACGAAATTGAAAAGACGGTCAGTCGTATCAACGGCACCTTCGGTACGGTAGATTGGGCGCCGATTTCATATCAGTTTCAGAACCGTCCATTTGCTGAGATTGTAGCCTTGTACGCGCGCGCAGATATCATGCTGGTGACGCCAATTCGTGACGGCATGAATCTGGTCGCAAAAGAGTATGTGGCCAGCAAAAAACGTCGTGGTGGCGTGCTGATTCTGAGCGAGATGGCCGGCGCGATTGATGAATTGCCAGAGGCGCTGAGTATCAACCCCAATAACGCGCAGACAGTAGCAGATGCTACGCATCATGCCCTGACAATGCCTGTCGCCGAGCAAAAGAAGCGCCTGACTGACATGCAGCAGCGACTGAGTGTGGTGACGGTGCAAAATTGGGGCAAAGAATTTATGCATGATTTAGAACAGGCTGCTGCACAAGATGGTTCGCGCAAACAATTGTCGCTTACGCAGCGCCAGCGTATCGCGGCACGGTATCAGACCGCGACGAGGCGCCTCATTATTCTCGACTACGATGGTACGCTACGAGGTTTTGTGAAGACGCCATCACCCCTGGCTGCTACGCCAAATCTGCGCGTTTGGCGCGTGCTGAAAGCACTGAGTGACGATCCTAACACAACTGTAGCGATTGTAAGCGGTCGTACGCGACGTGCGCTGTCAAGTTGGTTTGTGGGGTTGCCACTTGTGCTTGCTGCCGAACATGGAGCCTGGAAACGCTACGACGGCAAGTGGCAGCAGATCGACAGCGGCTTCAAAAAAGACAAGAAACGTATTCGCCAAGTGATGGAGAAGTATTCTGGTCGTACCAAAGGCGCCGAGATCGAAGAAAAAGACCATGCGATGGTGTGGCATTATGCCAATGTAGAGCCAGATGTGGCATTTAAGCGCGCGAGTGAGCTGAAGCGTGAGCTCGGTGAGCTTCTGGTCGATGACGACATCGCGGTACACGAAGGGCGTAATATCGTTGAGGTGAAGCCAACGGCTGTGACAAAAGGCAACGTAGTACGCGAACTACGGCGTCACTATGCGGCTGATTTTGTGCTTTGCGCGGGTGATGATTATACCGACGAAGATATGTTTCGCGAGTTGCAAGATGATCCAGGCGCTGTCACAATCAAAGTCGGTCAAGGCGACACCACGGCACGTCATATGGTAGCAAAACCGGCGCAGCTGCTGCGCGTGCTTGAAGACCTGTCCCCTGTTTCTACGCTGTCTAGTCTGACTGAGATTCCGACCAAGATACCAAAGATTCCGCGCAAGATTTATCGATGGCTGAAACGCTAGAATTTTGCAACGCCGGTCATACCGGACGTAGGTCCTGGAGACCAATAGAATAATTCGTAGTCTTACTGCGTAATAACATTATCACTCGCGGCGATACTTTTTCAAGATTCGGTTGGAGTTGCCGGTTTTTTCTTGCGGGTACGTTTGCGCTTGCGTTTCTTCGGTGCATCTCTAGAACCTTCTTCTGTTTGCGCTGGAGCTGGGCTGCTGGTAACGGCGGGCTGCTGCGTGGCGGCAGTGGGTTTTTTCTTGCGATCGTGACGAATTTGTAGTGTGCCATCGTCTGCCACTGAAGCGACAGGCGGCGCGGTAGGTGCTGGTGGCACCGTCTCGGCTGGCACGGGTGGCGGTGTGGCGGAGTCCGGAGTTATCATCTGCGTCTGGGCGTTGATCGGCCATTGTTTTGTGTCGGGAACAGGAGTAGTTGGGGTTGCTTTTGGCTTCTTGAGCTGCTCTGGCGGCTGGATGAGATCACTAATCGCCTGTTCCACTTCGGCTCGTGGCAGGCTAAACTGTTCCCGGCTGTTTTGGATGATATAAGCTGAATTGTCTACTTGTGGTGGTGGCAGATTGAGCGTGGTGGCGCTGAAAGCCGGGGCTTTCTCTCCCTTGATGACCATATTCACGATGAAATGGCGATTATGCATCTGTAGCAGATCATTTGCCTCGAACTGCGGCTGGAACTGCTGCGCGAGTATCTGGGCATCTTCGGCCGAGACGCGGAAAGATATCATGGTTCCAACGTTACCAAACACTGCGCCGCGCACCGTGTCACTCATCTGCGAGATATACTGATTGGCAACGGTGAGGTTGAGTCCGTATTTACGAGCTTCGGAGAGAATAGTGGCAAACGAGTCGGTCGCAAAGTTTTGGAACTCGTCCACATAGAGATAGAATGGCCGACGGTCTTCGACATTGGGGATGTCACTGCGGCTCATGGCGGCAAGCTGGATCTTGGTGACCAGGAAACTACCGAGGATACCAGCATTATCTTCGCCTATGAGCCCCTTGCTCAGATTCACTACCAGGATTTTGCCGTCATCCATGATCTCGCGGATATTGAATGTACTCTTCGGCTGACCGATGATATTGCGAATGACCGGGTTGGCAGTGAAAGCGCCCACCTTGTTGAGCACAGGCGCGATGGCTTCGGCCACAAACTTGTCGTTCCAGCTGGCAAATTCTACTTTCCAGAACTGAAGCACTACTGTGTCGGTACAGTAATCAAGCGTTTCTTTGCGGAACTTCTTGTCTGTAAGCATGCGTGTGATGTCGAGCATAGTCGTCTCTGGACGGTCGAGCAGTGCCAAAATGGTGTAGCGCAAAATATACTCTAGGCGTGGCCCCCACGATTCACCGAACATACGCTTGAGCACGCCGATAACTTCAGAGCTGATGTTGCTTTTCATGTTGGGATCGGTGACTTCGAGCGGGTTGAAACCGACGGGATGCGCGGTGTCGGCTGGATTGAAATACACGACGTCTTTGATACGGTGCGCCGGGATAAACTTCATGTTATTGATAGCAAAATCGCCGTGCGGATCGATGATAGCGTAGCCTTGGTTGTGGTAGACGTCGCTCAGAGCAAACAGTTCGAGCAAGCCGGACTTACCAGCACCCGTCTGACCGATGATGTAGACATGGCGTGAGCGATCGTAACGTAACATGCCGAACTGGTGATTTATACCACGGAAGTTTGTCAGGCCAAACGCAGAGATGTTTTCGTCGATTGCTTCGTTGCCGGTGATGACGGGTAGTTTGGCCGGCGGCTCGGCCGTCTTGGTGCTGGCCCAGACAATGTTTGGTGTCTCCACGTTTGTGTGCGGCAGGTGGAAGACGCTGGCGAGCTCTTCGATATTGAGCACGAAGCCGTCGCCGCCCATGAAGACACGGCTACGATACGCGCCCAGCGAATCTTTGTCCATGCTGCTGTTTGATTGTTTGAAACCGTTGAGATTGGTGCTGTTGTACTGTTTATAGGTCCCCACCAAGGCCTGCATGCGGAGCTTGGCATTGGCTTGGCTTTCGCCGAGGTAGGCCAGACGGATTTTGACTTGGTAGCCGAGTTTGGTTGCCTTTTTCTCGGCTTCGGCGATACGGGTTTTATCGCGCTCGGATAACTCTTTAGGCTTGGCCTCACCGCCTGCTCCGGTCTCTGGCGGTTTTACAAGTGCCTCGGCCAGTGTGCCGAGCCATTTCATATCAAAGCCACTCGATATACTGAATCCCCCACCGTTTTTGACTTTGCTGATCCAAGCATTGCTGTTTTTGTGCCAACTGTCGGGGACTGGGCGCACCAGTACTTGAATCCAGAGCTCTTCTCCGGTGTCTTCGAGCTTGGCGAGTGTACCGGTGATACCGGCAAGTGGGTCGACTTCGAAGCTCTGGAACGTTTTGAGCGGCAAAAACTCGCTGTCTGTAAGGGTGATCTCGGCAGTATGGACGACGCTGTGGTGGCGTTCGTGTGCGACGTAGTCTTCGTCGGCTTCGTGAATCTGTACGGTTGGATACTGGGCGTAGATCTGGCCTTCGACGAAGCTCTGGAGCGTCGTGGGGGTCCAAACATAGAAGCGAATTTGGCCGCCTACCGAAGCAATTTCGAAACTCAGGTGTTCCTGCACTCCCCCAGCACGCTTGAGCTCTTCGGCATCGCGCAAAATACCGTGCAGGCTGGCAAATAGCTGCTCTGCGGCAAGTTCAGATTTGTCGTTGGTTTTCGGGATTTCGAGGATGAGGAGTGTACTTTCGACGGTCT
NZ_CP045921.1_gap9	353509	354328	819	AGTAGCACCGTTCAGACTTTCTAAGAAGTCTCTAGCTTCGTCTTCGGTGTCAAAACGCTGTGGCAGTTCGGCTTTTACATCTTGGCCGTCGTGTTGGAATACGGCGGTGACCTTGAACTGGAACGAGCCTTCGAACTCACCGATTTCGCGCTCACGCTCTACAAGCAGGCGTACCGCCGGGCTCTGGACGCGACCGGCAGATTTGCCTCCGGGTACCTTTTGCCATACGACAGGACTTAGCTCGAAGCCGACGATACGGTCAAGTATCTGGCGTGCCTGCTGGGCAGCCACGAGGTTCATATCCACAGTGCGTGGCTCCTTGATCGCTGCTTCGATCGCTGGTTTTGTGATTTCATGAAACACGATACGTTTGGTGGTGGCGGGATCGAGTTTCAGGACTTCACAAAGATGCCAGGCTATGGCTTCACCTTCGCGGTCTTCGTCGGTTGCAAGCCAGACGTTGGCTGGACCGACATTTTTTACTTCTTTACGTAGTTCGGCGACAGTCTTTTTCTTTTCTGGGTCGATCTCGTATTGCGTCTTAAAGCCATTGTCTACATCAATCGGTGGTGTGCCATCTTTGGTTTTTTTCACGATAGAGCGAATATGACCGATACTCGACAGCACATGAAAGTCACCCCCGAGGTACTTCTCGATGGTTTTTGCTTTTGCTGGGCTCTCGACGATAACTAGATTTTTGGCCATATATATGTGTACTCGCTTACGCTTAGTGCTCTATCCAATTAAGCACAGTGAGTGATTGTAGGCAAATAGTTCACACTCGTCAAGAGGAAGTACTTATAAATAACAAACTCGGCA
NZ_CP045921.1_gap10	453899	456713	2814	ACTCCAGGCGACTGGAGCAGCAGCTACTGGCTGTTGCAAGCAGGACTGATGGTGGTGTCGTATCTCGGATCGAGTGCTTCTACGATTTACCGGAAGGCGCGCATGGTGCAGTGGTTTATGCCACCGGCTCGCGTGAGCAGGCGGTGATGTACTTGCGCTCAGCGCGTCTCGGGTTCAACGGTTCTGGGCCCCAGCTCATGAGCGAACTACTGACTGCGTGTGGTGTTCCCGTCATGCTCCAAGAGACGCTCAAGCAAGCTGCGCACGGGCAGCGATATCAGGTCGTGATCTCGCGCGAGCAGTTCCGGTTCGACACGAAGTCACAGGTCGATCCGAAGGAAGTTGATGTGAGTCCGCGCTCGTGGCGCGTGCTCAGGCTCGACACTCCTCGCTAACACAGGAGTTGCAATCGACGAACCGCCCCGTAGTCTACATGGCTGCGGGGGTTTGTTCGTTTGCTCGTAAGATACCATCCGCCATCAATATCTTTGTATACGTATAGTTGCAAATCTGGTTTGAGCAACCTTTGTTCTATAGTGGCAGCCTCTGCCTGTCGTTTGGTCGCGAAGCGTTTCTTGCGCGCAGGAAGGCCATTATAGTCATAAACGGAGTGAGATTTTGTACGATTTTTGCGTGGCATGGATATGCCTATTGTGCACTACTATGGTTTTTTGTACAATCAGCATATACAGCATAAGAGGAATGATAAAGTGGCTCGACTACCGATTGCGGGCAGTGACAGCGGAGTATGGGGTGACATACTTAATGGGTACTTGCTTCAGGCCCATAAACAAGATGGCACGCTCAAAGATGGCTCTGTAGGTGAGACACAACTCGCCGAACCTGTACAGACTAAACTGAATAATCCACCAAATGCACTTCTCCTAAGTGGCGACCAAACGGTTGACGGTGACAAGACATTTCAAGATGTTGTACGAGCAAAAGTATTTGTGCTCGATAATACAGTTGATTCCACCATGAATTCACGTCTTATATTGGGAGGTGGTCCATATCCGGGTATAGCTATAGATGGTGGGCCTGGTACCCAGCCTAGCGTACAGTTCGCAAGCGATCCAAGTGTAGGCAGTATGGTACTGAGATATGTTGGACCAACTGGCGGCTCTTTTTCTGTCTTTTCCTCGTTTACCGCTACTACAAGTGCGTTTTCTATCGACCAAAACGAACTAGCGACATTTTCTGGCGCAGTCACTGCTCCAGCACTCAAACTTACAGGCGGATCGCCTGCAGCTGGAAAAATTCTTACATCTGACTCAGCTGGCAACGCCACCTGGCAGCCTCCATTGGCACAGCAAGCTACAGCAACACTGGGTAGTTTGTTTGATCCTATCATTGGGACTTTTCCGGTCTCTGAAATTGTGCAGGATAGTTACGATAACGATAATCTCGACACGAGTAATTATGGTGGTATCACTGGCACACTCTGGAATTCAAATCGCATTAACACCCAAGCGATGAAACTAGTCGCCAACAACTCCACTAATCCTGCCGCGGGCTGTACGAACATGCCAAACGGTCGTACGGTGGGATCATGTTTCGATTTTGAGTTTGAGTTTACAGGAGACAAGCTGGCACTGATGTTTGCGGCATTCGGATATTTCGACACCCAGATATATGTGGAGAACCAGGGTCAAATGACAAGACTCAAGGCCTTCCCTATGGCGGGGAATCATAATGGTATTGTATTTCGCAATATCCGTTTCGCGTCGTATGAGACTCGGCGCATCCGCGTGCTCGCGCCGTACATTTATTTCTATCAGATCGTACATGAGCCAAATGCTATAGTGAATCGTACTCCAGATCGACCAATGATTGCTATTACGGGCGACTCGTATGTCGATGGCTCGACTGCATATAATTCTGGTAGCGCACAAACATATTCGGTCGGCGGTACTGTAGATGCAATCTTAGAGGCGACAGGGTTTGCCGTGATTCGACTAGGCCAGGGAGGTACAGGGTATTTCAACAATGCTACCGGTAATGCGTCCGATGCGATGGGGCCGAATAACTCCTCACGTTTCTTCTCGGCCAGCCGTCTAGCTGCTATTCAAGCATTCGGTACGGGTAAAATTGCTGCACTGATTGTCAATGGCACGATCAACGATGGCGAGCTCTCTGGTGGTATGGCTGGTATGAAAGCTCGAGCACTCGAGGGCTACGGTGCATTGAATGCATGGGATCCTGCAATTTCAATCGTCGCGGTTACACCGGAACCTCTCAACAACCCAACTGCGGGCAACGTACATGATCTTAATCGTCAGGGGCTCATACAGGCTATTAGTAGCCACCCGCAAGGCATCGGTTATATCGATGTATACAACCCAGATCAACCCCTTTGGACTGGTACTGGCACCGAGGCTGCACAAGGCGCTGATCCACAGACGAAGCTAATAGGTCATGATGGTGTACATCCAAACTGGGCTGGCTATCGCCTGTATGGGGGTCATATTGCGGCAAATATTGCACACATGAAACTTTATAGTGAATAAATGGAGAAGACTATGACAGTAAAACTTGACCCAAAAATACAAGAAGCAAATGATAGGCTGATAAAGGCGCAGGCTGATTTACGTCAAAAGATGCAAAATCTCCAGATAAAAGTCGAGCCAATCGGAGCGATTATTACGAAATAGTGGCTGTTGTGGCGCTGATGCTTTTCTGCTATGCTATAGCATAGATGAGCACCTCATCAGACAAATCGGGTGATTCACCAACACCGCCGCCGAAGAATGCAGATGCCTCGACGGTTATTTTATTGCTCGGCATCGCTGGTGATACCACCTGGCGCATGTTTGT
NZ_CP045921.1_gap11	460850	462592	1742	ATCCGCTGTATGAAGTACGCGAAATTAAATCTCGCTTGCTTATCGTGGTCGCGACCGACAAAGGTCTGGCCGGCGCCTACGATGCGAATGTGCTCAAGCTCTACACTAGGCAGTTGATCGAAGACGATCGGAGCAATGTAAAGAACCAGACTATCGCTATCGGCCGCCGTGCGAGTCGCTTTGTGAGTAAGCTCAAGGACACACAGGTGGCGGCGGTCTACCAAGATTTGGCCGACGACCCTGCCGGTAGTCAGCTCCGTGCGATCGTCGATATGGCAATCGAGAAATTCGAGGCTGGCGATGTGGATGCAGTGGATGTGGTATTTACCGAATATATCTCGAGCGTCAACCAGCAAGCTATCACGCAGCGTATTTTGCCTGCTGGTTACGAAGCGGTGGAGGTGGGCGAAAACGTCCGCGAAGCCGAGTTTGAGCCAAGCCAAGAGGAGGTATTGCAGGCAGTCACCTACCGCCTGATCGAAGCACAGGTGTATCACGCGCTGCTGACTGCCCGCGCCAGTGAGTACATCATGCGCATGATGGCCATGAAAAATGCTACTGACAACGCCACCGACTTGATCGATGATCTGACACTTGCCATGAACAAAGCGCGTCAGGCAGCGATTACGCAGGAACTTGCCGAAATTAGCGGTGGTGTAGAGGCGTTAAATGAGTAGGCCGTTTTTTGAAGACAGTTTTCCCCTGGTCGGTCACGATCGTGAGGGTGAGCTGCGCACGATCATCGAGGGTAATGTGAGAGCTGAAAACGCAAACATTTTTGCGGAGCCACATAGTGATGACGAGCATCTATTTATACGACATGATTCTGTTAGCACTGGTCGAGATTTGCAATTTGCCGGGATCGCATTATCCGAAAGCCAGCAAGAAGAATTATACGATTTTGCAGAACAGTATGCGGATTTAAGAGAAGGAGAAAATAATGACTAAGATAGCGACAAAGACAGATGTCGGCCATATTACCCAAGTTGTGGGTGTGGTCGTAGATGTAGAGTTTGCAGATGGCGTCAAGCTACCTGCGATCTACGACGCGCTCCATGTAGCGCAAAACGACAAGACAATCACTCTCGAGGTTGCACAACACCTCGACGAGCATACGGTTCGCACGATTGCCCTCAGTAGTACCGACGGCATTCGTCGCGGCCAGGATGCAGTTGCGACACGCGCACCTATTTCAGTACCAGTTGGTGCTGAGACTCAAGGGCGTATGTTCAATGTCGTCGGTGAGCCGATCGACAATAAACCCGCCCTCACTGGCAAGCGTGCGCCAATTCACCGTCAACCACCTGCTTTGACGGAGCAGTCAAACACCGCCGAAATCCTCGAAACAGGTATCAAGGTGATCGATTTGATTGCCCCACTCACTAAAGGCGGTAAAGCTGGTCTCTTTGCCGGTGCGGGTGTCGGTAAAACCGTCCTCATCCAGGAGCTGATCAACAATATCGCTGAATACCACAAAGGTAACTCGGTTTTTGCTGGTGTCGGTGAGCGTACTCGCGAAGGTAAGGACCTTTACGAGGAGCTTGCAGACAGCGGCGTGCTCGACAAGACCTCACTCGTCTTCGGTCAGATGAACGAACCACCAGGAGCACGTCTGCGTGTGGCACTATCTGGCCTCGCGATGGCCGAGAGCTTCCGCGACGAAGGCAAAGACGTACTATTGTTCGTCGACAATATCTTCCGCTACACCCAGGCCGGTGCCGAGGTGTCAGCACTTCTCGGTC
NZ_CP045921.1_gap12	472174	472855	681	GAAACTCTGCACCGCGGTAGAAATACTCACGGTAGCGACTCATGATTTCGGTACCGAACGCATGGAAAGTGTAAATCGACACGTTGTAGGCGTCACGGCCGATGATGCTCGTCAGACGCTTCTGCATGGCGACAGAGCCACTTTCGGTAAACGTAAGGCACAAGATATTTTCTGGCAGCTCATCTGTTTTGCGCAGTATATTTGCCGCACGCATACTGAGTAGCTCGGTCTTGCCTGTACCCGGCCCTGCCACCACCATCACAGGCCCGTCTATCGTATCGACAGCTTGTTTCTGTGCGGCATTCAGATTTTTGTAGCGGGCGTCGAAATCCATTGCTACTAGTATAGCATCGATGTTCTAAGCTGCGATGGGGCGGTGGCGAAACGTGTTGGATGTTGAGCGCACTGCCTCGCACAGGGCTGAACTGCCAAGTTGGACAATACGCGGGTCGCTTTCGATTACTTCATGCACGGCTTTCAAGCGGTCTTCCCATTTTTCTTGGCAACGAGGTGCCGCGAGACTAAGATGCCCGCCACCTTTGAAGTTTTCCACGGTAATATTGTCATATTCGGCGAATATTGGCTCCCAGCGCCTCCCCTGTCCCATAATATCTCCGAGATAGTTGGTGACATGACCGAAAGTATCCGAGGGCATGTGTCTGGCAGCATTGCCAACTGCTC
NZ_CP045921.1_gap13	550712	552025	1313	ATTACGATTCGCACAACTTTTCAACCTCTTGCAAAATTTCTGACTCGAGATCCTCCGTTGTATCAACAACAATAATTCCACGGTCTCTACAGAGGCTTCTTATGTAGCTCTCACTACCTCCACCCATTTTTTCGTAGTTTTGATCAAAGCCTACCACTATCGGGATCGACATGTCGTACGTTCGCCAGCCTATCGCCCCACCAAGCTCAATGCGGCTAGTCTGCGCATATGCACGACTGGTTTTATAGGGAATAGAAGCATCTTGCGCAGCCCACCAAAATGCGGTCACGCCTAATTGTCTCGTATAATCTCTTGTCGTAAACTCCCAGAGTTTCTGCTCATCAGCATCAAACTTCTTTTGGTCATCTTCGGTTCTTCGTGGAGACATGACAACAATGTCATCTCTTGCGCCTAGCAGTTGACGCGCAAGCGGTGTTTGCCAATCCGATGCTCCCTGTACAGGACCGGCGAGGAATACTGACGGCTTGTTATCATGAATATCTGGGTAGTGCGGAGGAGTATACAATCTCTCTATCATAAGTAAATGGTAGCAAAGAAGCCTGTATTACACAGGCTTCTTTTTGTCAGCTACTGACTATTTCTCGGCTTTTTCTGCAGCCTTAGCAGACTGTTTGATCGGTGTCGGTACTTTTTCAAATGTACCACCAGCCTTGGTGATAGCTGCCTGTACGCTCGCAGATGCAGCCTGCACCTTGAGCGTTACCTTTTCTGTCAGCTCACCACGAGCAATTACCTTTACAGTGTGAAAAGGTGTCGCTACGTAGCCCGCCTCAAACAGAGTCATGTTATCGGCAGTTTTACCCTTGAACGCGTTGAGGTGATCAAGGTAGACGACTTGTGCAGGAGCCTTGAAGCTCTTGAAGCCACGGTTTTTTGGTGCGCGCTGCGCCAGTGGGCCTGAGCCACCCTGGAACATAGCGTTGAGCTTCTTGCCTGTACGAGCCTTCTGACCCTTTGTACCACGACCAGCAGTTTTACCACCGCCAGCAGAGATACCTCGGCCGACTCGCTTCTTTGTCTTATTGGCAGAAACGTTGAGTTCGTTGTACTTAGTCATTATTTAGTCTCCTCTTTGTCTGCTTTTTTAGCAGCCTTTTTTGGAGCGTTCAGCCACTGGTCTCGGGGAACAAGTGTCTTGAGCGCATCGATAGTTGCGTAGGCGATGTTGACCTTGTTGGTGCTGCCCAGGCTCTTCGAGAGCAAGTTACGTACACCAGTTACACCAATTACCTGTCGCACTACACCACCGGCGATAATGCCGGTACCAGGTGCAGCTGGCTTGATGAGGACTT
NZ_CP045921.1_gap14	553404	555721	2317	ACAAGGTTACGTAAAGACCGTGCGGCAGTCTTGCTGGCGTATCGGAATAGGCCTGGTTCTCAGCTACGGCTACGAGATTGCAGCCGGTAGAATGGTTGCTAGCCTAGAGGGCGAGAAAGAAATTCCGTACATCGGCGGCTTCGACTGGGTCGACATCGTCGCCTACACAATCGGAGCTGTGCTCGCTATCGGACTGTGCCAGCCTCTATACAAAGCTGAGCTCGAGCTTGCTGCTCGAAAGGATGAAGCCGTTCGAGCAGAAAAAGCACGAATCCGTGAACTACGCAGTGAGCGGAAGAAAGCTACGATTACGGCCGGGGCAAGAAGCAAGCACGGCCGCAAACGAAGTCGCAAGCGGCAGTAAAGGCTGTAGCGTGAAGGTACTAGGGGCACGAAAGTGCTCCTTTTACCTTCTCTGAAGGCAATAATTATATCTAGTAACGTGACAATTCTCACAGACAAATCCCATAACCGGGTCTAAATTCAAGATGGTAAGTATAGCAAAACGAGGGCTATGATGACAGCTGCGCACAGAGAAGAGATGAAAGATCTCGAAGAAGGCTAGTTCTCGAACATTAGTCGCATAACAAAATCTCCCTCACTATTGAGGGAGATTTTGTGAATTAGCGAGTAATTCTAGTATACCTTGAGCAGGAGTTCACCGCCGAGGCGAGCTTTGACAGCTTCTTGGCCAGTGATCACACCTTGCGATGTACTCACCAGAACGATACCGCGGCCAGATTTGACGCGTGGAATCTCGTCGGCTTTCACATAGACACGACGACCAGGCTTGCTGAGGCGTGTAATCTCGTTGATAGTGCTGTTTTCACCGGCTTTGTTGATAGTGATAACAAGTGTGTCACGTGGTTTGCCAGCTTCACGTTTGACGTCTGCGAGGTAGCCGCTTTTGGCCAGCTTCTTCGCGATGACTTCTTTCATGTTGCTTGCAGGTACGCGGACTTCTGTTTTGCCAACCATTTTCGCGTTACGAATGCGAGTCAAGAGGTCGGCGATTGGATCTGTAGTTTGCATAGACATATCTGTTCTCCTTCCCTCTTACCAACTACTCTTTCGCACACCAGGAATCTTACCTTTTGAGGCAAGCTCGCGGAAATTGATACGGTTGAGACCGAATCGGCGCATGTAGGCGTGCGGACGGCCACTCAGTACATCGCGGTTTTTCCAGCGAGTTGGGCTACTGTTTTTTGGCAGTTTCTGAAGACCGTCTTGGTCGCCCATTTCCTTGAGTTCAACACGCTTGGCAGCGTATTTCTGGATCATCTTCTTGCGCTTCTCGTCGCGAGCGACTGCAGATTTCTTAGCCATTAGCGTCGTCCTCCTTCTTTCTCAAACGGTACGCCGAATTTCTCGAGCAGTGCACGGCTGTGTGCTTTGTCTTCGTTTGCAATCACAAATGTGACCTGTAGGCCATGAATGACCTGAGTTTCCTCAAATGTCAGCTCTGGAAAAATTGACTGATCGTTGATACCAACGTTGTAGTTACCACCTTTGTCGAATGCCTTTGCGCCTACACCGTGGAAGTCACGGATGCGTGGCATAGCGACGTTGACAAAGCGATCCATAAACTCGTACATCTGCGCACCGCGGAGAGTGACGCTAATACCAATACGGTTCATACCTGCACGAATTTTGAAACCAGCGATTGATTTCTTGGCCATGCGATCGATAGGTGCCTGACCTGTAATCTTGGTCAGGGTATTTTTGACGACTTCGTAGTGACGCTTGTCGTCTTTGTTTTTACCAAGTCCTACGCTCACAACGATTTTCTCGAGCTTCGGTACTTGATGTACGTTAGTGAGTCCGAGTTCGGTCTGGAGTTCTTTCTTGACAGTAGTGTCGTAGAGAGCTTTCAGACGAGGAGTGTAGGCAGTTTCTGTAGCTTTTGCCATTATTTGATCTCCTTGTTCTTTAGCTGACGCGCAACACGGACAGTACCGGCGTCAGTTTTGTTGTAGCCAACACGGCTGGTTGTACCAGCTTTTTCGTCGACGACGAGGGCTACTTTGTGCAGTGGGGTTGGAACATGAATGTCTTTGACGCCACCGCGTGGGTTGAGTTGACTTGGCTTGACCTTGCGGCTACCGACACCGACTCCTTCGATGAGAACGGCATTTTGCTTCGGTAGTACAGCCAGTACTTTACCGGTCTTGCCTTTGTTCGTGCCGCTTACAAGCTTCACGATGTCACTTTTTCGGATACGTGCCATACTAGAGTACCTCCGGTGCCAAGCTAATGATCTTCGAATAACCAAGGTCACGCAGTTCTCGTGGCACTGGACCAAAGATACGGGTAGCCT
NZ_CP045921.1_gap15	620487	621754	1267	ACTCATTAAAATCACCTTCACCAAGCAAGTAGTAGCTCATAACGTCGGCAAGTGTCGTTTTTCCTACTCCAGGCTCGCCAGCAATGACAATAAACCCGTGCTCTTTTAGTGTTAACATAGCCTCATTAAAACTTGGCGTTGGAGAATAGGTTTCTAGCGTGTCGATAATCTTTTCTTTTATAAGACCACTATAATTAGACACCCTACTTGAAAGTATTGTCTGTAGTACATTACTGCTTGCGATCCAGAGCTTATAATGCCTCTTTTCAACATTGGGATGCTTGTGCAATAAACTATTAAGCTGCTTAGGTGCGAGTATATCGCTCGATTGTTTGATATATGGCGAGAATAGCGCAACTATATCGTTTATCTTATCCTCTGTAAGGTCTAGCGATACTGAGAGGATGTACCTCTCAGGAGCAGGGCTCATCTCATCCAGCTTTAGACGCTCTTTGGCTAAATTCGCCATAAGACCTGACGCGCTCTTGTAGCGCTTGCACTGCACAATAATCGTGCGGTCGTTGTCGCATGCCGAGTACCTTAGGTCGATACCACCATCCGCTCCATCCGCGAACGCCTGAAACGATACGCCCATTTCTTCTGAAAGCAGGTCTTTCGTGAATTCCTCGAACTCACCCCATGTTAAAACATTAAAGTTATACTCATTCATTTTATTTATATCCGAGTTATGTAGCCCCTAACTCCTGTTGACTCATTGTTGCAATTATAGCAAAAGTTCATATTCATTGCTCAGCTAGATCAAGCCGTTGCAGATTAATAAGAATCATAAAAACCGCCCAGTCGGACGGTTTACTCGTAATTTCACTGTGGTACGGATGAAAGGACTTGAACCTTCACGCCCGAAGGCAATAGCTCCTAAGGCTATCGTGTCTACCAATTCCACCACATCCGCGTATTTGTGTGTGAATTACTTAATCCATATTATAGCATAAGAATTGGTCGTGTCCTATGTCTTTTTTGTACTTTTATTATGTAATGTTATTTACATACATTATGGCGTATCGTGCAATATCTTGGTATTTGCTTGTAAGATGGCTGTGTTATCCAGAACAAATTGACTCCACCGTGTACTCCCACGGGAACTCCTACGGTTACATATCCACCCGAGTGGGTACAAGTCTATACGACGGTTGCTCCTCTAATCGTGACTTATGCCTTTTTAGGCCATTGTGAGGCGTTATAACAGGGGTAAAATGAGAAATCGCACACAGTACACAAGGACACTTTTTATGCGCCATCTCACAAG
NZ_CP045921.1_gap16	652700	653826	1126	CTGACTTCTTGGCGTCGCCCAGCACCAGCACTACCTCGGCCGTACCCGGATGATCTTTGCAGAGAGTTTTGAGTGCCATGAGCGCATCGTGATCGTCGGGGTTTTTGATGTTGATGTAGAGTTTTTGCGTAGGAAGCGCGACGGGTGGCGCAGCAACAACTGCCGGTGCGGCCTCGGCCTTTTTGGCGTCATCTTTGCTCGGCTTGGGTGGTAAGACTCCACCATTCTTGTACGCCATACGCCGCTCTTTTTTCACCGTACCACTTACTTTTGGCCCATCAAGCTTGCGACCAGTCGACTGATATTCGCGAAGGTCTTTGTCGGAGATCACTTCTACTTCGTCGGCGATGAGTTTACTTTCGCTCCCCAAATTGCCGTCACGATCACGCGCCGAGTTTTTGCCGCTAATACGCACGACGGCATCTTGTTCCAACTTGGCACCGACCTGTTCAAACAGGTTCGGAAACACTATAATTTCACCCTCACCAAACTTATCTTCTAGGCCCACGAACGCCATCTTAGTACCACTTTTGGTCACAATAGTACGGACGGTACTCACAATACCGCCCACGGTCATGGCGCGGCTATCATACTCCGGCACCAGCATTGTTAGCGGCTGCGTCTGCTCTTCTAGATATGTCGCATAAGCATCAAGCGGATGGCTGGAGATATACAGGCCAAGCAGTTCACGCTCCCACATCAGACGCTCTTTGTCGGTGTGTTTGGCGGGTGCAGTCATGAGATTCATGGTCGGCTGCACTTCGGCGCCCGCATCGCCCATGAGGCCAAATAGGTCAGTCTGACCGCTCGCCGCTTCTTTCTGTAGCTTACTAGCAAATGCAGTGATTGTGTCGAGATTGTAGAGCAAGTAGGAACGATCACCGAAGGCATCAAATCCACCAGCTTTGATGAGCGACTCCCAGGCTTTGCGATTAAATTTGCTCGTACTAACGCGCCGCGCGAAATCTTCGATACTTTGGAATTTCCCACCAGCTTCACGGGCACGGATCACCTCTTCCACGGCTGCCACACCTACGCCTTTCACTGCCGCCATACCGAAACGGATCTGTTGCTTATCTGGCACCACGGCAAACTCTACGAACGACTCGTTGACATCTGGGTTAAG
NZ_CP045921.1_gap17	666795	668003	1208	CCATTCTCTGTATCTGATCACTATTTGCTCCGCTAGGCTCCGACGAAATCCATCGAGGCTGCGCGCTTCGAACCGTCTAGACTCTGCCGTGTCCAGGGCAAGATCATCTGGGTGAAATGATACTACTTCCCCGCCAATTACCAGCCCGACGTACGCCGTATCCTTGCTCAAAATATCTTCATGTACGCGTAGCGCTTGATACAGCTCTCGCGCCGTGACGTCGCCATCGAGCCCCATCTCACGAATCACCGTGTGAGCAATATGCAAGATGTCGCCGATTAGTTTAGCATCGAGCGCTTGTTTGCCTGTCGCCTTCTCTAAATCATCAAACGCGATCTCAAGTAACTTCTCACGTGGACGACCCAATAATGTCATAAGCGCGCGCGACACGTACTAAAAATCCTTTTCCTCGACAGGCATATCATGCAATACTATACCCTGGCGCAAAATCCCTTCTTTGGCACCGTATTTCGTTACGACAGAGGTAGAGTTCGCGCTGCCAAATACAATTGCCTCTTTGAGGCTCTTACCTTGAGACCACTGGCTCAGGAAGCCACTCGCAAATGCATCGCCCGCACCGGTGCGATCTACCACTGGCACATCCTCGTACATACCAGCTGACACAATCGTCTTGCCGTCGCTCGCCACTACACCTCGAGGGCCATCACTGACGATTGCCACTGGTACATAGTGCAGGGCATGCCGCACCAGCTCTTCGCTCGTCTCGCCGTCGACAAGCATTTGCATTTCTTCCTTGTTCACGCACAATACATCAACGCTACTCAGAAGTGCCTTAAGCTTAGCGGGTTCAGCCAGTTCTGGCCCCGCCGGGTTGAGCATCACCTTTACGCCAGATTCTTCGGCCTTGTCGATTACTACGCGCAGCAGATCGATACCGCCGAGTGCTAGCGACGTGGGATATATCCAATCGGCTTCTGCGATAGCCTCAAGATCAAGGTCTTTACCGCTCGCATCGGTCGAGATGCCTCGGTTATTGAGAATGGTGCGCTCGCCGTCGGTTGCAATGAGGATATTTGAGTAGCCGGCACGGTACTTGTCATCTCGAACTACATGCGACGTATCAACACCTTCGCGGTCAAGATCTTGCAGTACAGTTTCTGATGCCGGATCATGACCAAGTGTCCACATATAGCTACTCTCGAGTCCTTGACGCGCAAATGTCACTGCCACGTTGCTCGCATTGCCGC
NZ_CP045921.1_gap18	671881	673862	1981	CAGGCCGCGCGACCATAGCATGCACATCCACTTCCCAGCCTTCTGGCCACCAAATCTCATTTGATGCAATCGTAAATGAAGGTGCAAACTCACCGTCACTTATGTCGACATGAATACGCTGCGCAAATGGCTGTATTTTGTCAATGATCTGCTTATACTGTTCGGCATTTTCTGCTAGTACTGCCGGCGCAATCACACTCATATCTCTACACCTCATCTATCTGCGCATTGCGCCGTTTATATCTAGGGGCTGCTGCAAACGGTGTATCCAGCCATGTATCAATAATCGCCTTCCACTCTGGTTCTTCCTTCTCAAGTACACGTGACGGCAAACATAGCACGTTGCTGTCGTTGTCGTTGCGGGTCATTTTGGCCTCGTAGTCATCCCAGATCACACTTGCACGAATACCTCGAAAACGATTCGCTGCCATAGCCATACCTTGGCCGCCGCCACAGAGCAAGATAGCGCGCGGATCGTTGGCGTCGTCTTCTCCCAGCACCTTTAGTGCTGCTAACTGGGCAAACTGTGGAAAATCGTCTTCCGGATCGAGCTCTTTGTCTCCGACATCTTCGACATCGTAGCCACGCTTGGCAAGATACGCAAATACTTTTTCTTTCATGGCGAAGCCATTATGATCAGAGCCCAGGAAAATCTTCATGTCATAAGTATAAGCATAATCACTTCTCAAGGCAAGCAACCCGAAATCCGTGAGATGCTATACCAGTAGGCTCTCAAACTATACTTCCGCGTTTTTGTTTGATAAACATACCATTGACGCTCCTCGTTGACGACCTGGGCTCACCATCTTATACTACTGATACGCCCACTCGAAAGGACAGTAACGTGCAAAAACTAGTCGCCAGACTGATCAAGTGGCTTGAAAAGTCGACCGATCACACGCGCACACCCCCGCGTAGGCGGATTCGGAACTGCGATTACCATCGAACCCCTACTTGCGACTGCTGAAACTCCCCGGCGAACCCCACCTGCGCAGGCTCATTCGAACTTGCGTAGGTGGATCACCCTAGCTAAATCTTATAAAATACACCCGCGAAGTTGCGGGTGTATTGATAGGATAATGTGCGTATAATATGCGTCCTATTTTTCGATAGCTTTCGCCACATCAGCAACTAGCTCTACCAAGCGGTTGCTATAACCCCATTCGTTATCGTACCAGACAGCGATTTTGATCAGATTGCCACCGACTACCTTGGTAAGAAGTAGGTCGACAGTACCAGAGTGGCTGTTACCGATATAATCGCGGCTTACCAGTGGCTCTTCGCTCACCGCCAAGATACCCTGGTAGTATGGCTCAGCAGCAGCTTTTTTGAACACGGCATTGATCTCGTCTACAGTCACATCGCGGCTCAGTAGTGCCGTAACATCACTGATCGATACAACTGGTGTTGGTACACGGATAGACAGACCATCGAACTTGCCTTCTAGTTGCGGCAGTGTTTTCGTCACGGCGATTGCAGCACCAGTTGTCGTTGGTACGATATTTTCGGCGCCGTTGCGACCTTCACGCAAGTCTTTCTTTGGTGCATCCTGAATCGCTTGACTAGCCGTATAACTATGCACGGTCGTGAGAAGTGATTTCTCTACACCAAACTCCGCGTCCAGTACCGCCATCACCGCCGCCAGGCTGTTTGTAGTACAGCTCGCGTTGCTAATCACCTCGGTCGAGTGAGGAATCTTGTCATCATTTGCACCGAGTACGATCGTATCGACGCCGTCGGATTTGGTAGGACCACTAATCACGACGCGCTTGGCACCAGCTTGCACGTGCTTGCTTGCGCCTTCTTTGTCGGTGAAGAAACCAGTTGATTCGATGACGAGTTCTACACCAAGTGTACCCCATGGCAAAGCCGCTGGATCGCGTTCTGCTAGCACTTTGACATGCGTACCGTCCACGATAATACCACTGTCGTCGTACCCTACTTCGTGATGATACGTGCCATAATTGCTATCATTTTTGAG
NZ_CP045921.1_gap19	701826	702738	912	CATGATTCCAGAATCGCACGTACAGAAGGTGCGCGACCGCGTGATCCCCACCTATATACATATCTACCGGACTCCAATAGTCAGCCTTGGCTGGGTCCCATGCTTGCTTGGCGTTCTGCGAGTCGGTGTAACGCAGGAGGTACCAGCTACTGCAGGCATAGCCATCCATAGTATCGGTCTCGCGCTTGGCTGGCTTGCCGCAGGTCGGACAAGTGGTGTTTACCCAGTCAGTCTCGCGAGCGAGTACGGATTTGCCATCGCCTTTTGGCGCATAATCCGCTACTTCCGGCAGCACCACCGGCAGCTGATCGGCTGGTACTGGCACCGCACCATGCTCGTCACAGTGAATAATCGGTATTGGCGCGCCCCAGTAGCGCTGACGGCTGATAAGCCAATCACGCATCTTGTAGATGACCTTACTTCGTCCGACGCCCTGCTGCTCGAGCCATGCCACGATCTCTTCGCGCGCTTCGCTGGTGTGCGTGCCGTCAAATGCTCCAGAGTTAACAAGTAGACCTTCGCGCACATCGGTGTCAATCAGCTTACCCGCCAAATAATCACGCCAGCCCTTGGCGTGGGTTGACCAGTTGATCATATCTACCACTTCGCTCTTTGGCGCCCAGATCACACCATGCAACCCTTGTTCTATCTCACTGTCAACCTGCACTGTCTTATCTATCACGACTTCATAATATGCACCCCATGTTTGATGATTACGGTTTTTGATAGTTCTTTGGGCATGAACTCCGCTAAATGGTGCTACCTGGCGAATGCTAATGATGTTTGGATAGCCAACCTCTTCGAGTATTTCGCGACGAAGTGCCATCTCGATTGACTCATCTTCTTCATCAACGCCACCGCCTACGAAGTGGACATCCTCTTGGGTATCACTTACTTTTTCAACTTGCAGTA
NZ_CP045921.1_gap20	704707	706921	2214	ATTGCGCGCCCCCGTACCTTGGTACTTAAATGCGACCTGTGCATCAACCGTTTTTTTATCTGTGACAGCATTGATCGTCGTCTCATACGAGCCGTTACTGCCACTGGATTTTACCGTGCCCTCTACCCCGACACTTTTAGCCTTGACGAGATTACTAAAGCCATTTGCCACCTGACGCTCGGGACTGCGGAAAAACATAAGAACACCAATCACTACGATCACAAGGAGAACACAAGCAATACCAAGTGCGATGAAAAGGTTTTTATTCGCTTTTTTCGTTTTTTTGGTTGTGGTCTTCTCCATCGTGCACCCTTTTATGATTATGCTTATTGCTTCAGTTATACCACAGCTACCGAGTCAAAGCCAGTACTACTGCACCACTTGTGAACTCTGAGCACTCTGCTGTTGCTGCTCTTGGAAGATTTTGCCAAGTGACGTCAGCTCTTCTTGTACTGCACTCGACTCGATGATATTGTCGGTAGGCGCCGTGAGCGGCTCGCCAGATTTGAAATCAAGTGAGACGCGAGTGGTATTGACTTGATTATTGAGCGAGGATACTACTGTAATGTCGGTAATACGCCCATTTATGGCCGTCATCTTAGTTGTAACAGAAGATTTTTGACTCTGCGCTGTCTGCTGCTGGGCTGTAGCACTCGTCTTGGCTGCCGCCGCAGCCTCGGTGCCGAGTGGATCGTAAGTTGAATCACATGATTTAGTAGCTTTGAAGAAGTCTGTCGTCTTAAGTGATTTGATGAAGCTCGTCATTGCATCTTCGTCGTAGTTAACCGTGTATACCTGTGTTGTGTCGTCTTTCTTCTCCACGCCATCTACTTTCAAAAAGCGATTACCGGAGAATATACCCGCCACCTGCTTGGAGGCACCGCTGTCACTAGAAATTTTTGCGAAAAGATCAGATGTACAGGTGTTGGAGGTATTCTTGCCTTGCTGAATCTTTACCCATTTGTTGTCTATTTTGCCGGCCAGCGAGGTAAGATCTGTTTTAAGTGTTGGGGCGCTTGCACCGACAGTTTCTGCAACCTTTGGAGCATTTGAGATGTTGATGTATGTTGTAGCTTGCCCCAGATCCGAGTATGCCTTGACTGGCACGTTGAGCTGCTCTCCCTGGTATGCGCCATCGACCTCACCTGTCAGAGATATCTTCTTGAGATCTTGCGCCACAAATGAACCTTTCATGCTAAAGGTATTGGTCTGCGCCTGCTGGGCGAGTGAGAACTGACCGTTGATACGCGGCTCTTTGAGCGTGGCCACAACCGCCTCCATAAGTTTGGCTTCGTTGCCGCCAAAAGCTCGCGCCACAAAGTTGAACGCAAAAATAAGCGCCAGTGCGGCCACAATGCCTATCGCGAGAATCCCCACGCGTCGATATGGGCTATCGACCTGTTCTTGTTGCTGTTTGGCACGTGATTCTGACATGTTTTCCCTCTCGTTATCTCGCAAAATTATTTCTATTATAGCACTTTGCTAAAAGCGTGAGAAGAATTGTGTTTTTGCCTCGAGCCACGCAGGCGTTTGTCGTACAAGTTGGTCATTGTCATCTATGCTATGCAAGATAACTTTCACTGCCTCTTCTACAAAAATACCACCTTCGGAACCTTTTGCTAGGATTACCGCTCCTGGCTCAATAAATTGGTGCACATAACTGCCGGCGCTGATCGCATCTGGAAAACTTTTGACAGGACAACCATTTGCTTGGGCCGCGGGAGCGAGATATTTCGCAGCTTCGTCGCCAACCGTCACCACCCAATCAATCTGATCTGGGTAACACATACGACCAAGTCTTTCGTGTTCGGCAGCCGAGCTCGCGCCAAGCTCGTTCATACTACCGAGAATAGCAATGTGCTGCGGCGCCGGAAGATTGATAAGCGTCTGGAGTGCCATCTGGGCGGCGGCTGGGCTAGAGTTGTACGTGTCATCTATCACCGTAGATCCATTGGCGCCTTTTAGTACATTCATGCGGCCATGCACCGCGCGAATCATCTCAGCACCACGCACAATAGCATCTGGTGCCATACCAAAGTGGATACCGACCGCTACTGCGCCAACAATGGGGCGCACATTATGCTCGCCGAGCACGTGTAGAGTAGCATGGATATTGTCGGCAAACTCCGGATTGGTAAAGTAGCCCTTGTGGCCTCCTTCAAGCGAAAAATCTTCGTCGATAAACGAATACTCGGCCAGGCCGCTCGTGCCGTA
NZ_CP045921.1_gap21	725013	725958	945	GTGCACGCTCCAGCTCCTTACTACTCCGAACTTTATTCACTCCCACAGAGCTACCAGCTCGCGATGGTTTAACAAATAGCGTATCGCCCAAATCCGTGCACAATGTATCATAATTCGGCGGCACTTCACCGCGTCGATACACTCGATATGGCACCACTTGCACTCCGACACTTGTTGCTATACGTTTGGCAATTACCTTGTCCATACCTGCTACACTCGATGTCATGTCACACCCAACGACCGGAATATGTAGTAGTTGTGCCAAACCCTGAACGCTACCGTCTTCGCCATTTTTGCCGTGCAGGACAGGGAGTATGACGTCGGAATCAATAATTTCATCGCCAACAACAAACCCCGCCTCGCCGAGGCTAGGTAATAGTTGCTGTGTCACATCGACTGTGCGGTAGCCATCAAAATCTCGTACGTGATACCAGTGGCCATTTTCGTCGATATAGCCAAGTGCCACATCAAACCGCGACGCATCAATTGCCTCATAGACATTGCGCGCCGACATGATCGACACGTCATGTTCGCTTGATTCGCCACCGAAAAGTAAGAGAACTTGTGTAGGTTTCATATACCTATCATACGCCAGTTACACGCCAGTCGGCTATAATGGAAGTATGGAGCGGGTACCACTGGCCGAACGCATGAGGCCAACAACATTAGATGAGGTAATTGGGCAAACACACCTCCTTGGCGACAAGGAGATACTGCGGTCTATTGTGAAGAATAAAGAGCCAGTGAGTCTGATACTCTGGGGTCCACCTGGTAGCGGCAAGACCACGCTAGCTCGTATCATCGCGCATGAAGTTGAGGCTGAATTCGTAGAGCTGAGTGCTGTTACGAGCGGAAAAAAAGATGTCGAACGCGTCATAGAACATGCTCGCCAAAACTGGAATTTGCAGCTCCGTACAATCCTCTTCGTTGACGAAATCCACCGCT
NZ_CP045921.1_gap22	733995	734707	712	TTGGTCCATAGACGTTTGCTATACGTTTGTACATCACTCAACCGTTCGCGCAAAGTGTGGTCGCCCGAATGCTGCTTATTTGAAGCCATGCCGTCGGGTAGAAATGGAATCTCATAAGGAACCCGCGCATAGAAAAAACCGCCTTGACGGCGACGCATAAACTCATATGACCTATTCTGGAGCACCCGCCCCAGGACATTCGTAGATAACTCTTCATTCAATCGAAACCGCACACTGCCATGCTCGTGCGATGCGGATGGCTTATGGGACCTCGGTAATGACTCAGCTGTCATACTTTTAGTATGAGACAGTATGGTTCGCACTGTCAATCATATTTTTGGCCAAACAAAAACACCGCTACAGGCGATGTTCTTATTTTGGTGCGCCACATCGACTTGTCATGGAACACTCTAGAACCTAGTTTAGTTTTGATGCATCAAAAACTAACTGATCTAGGCTGGGTATATTATAACGGAGAAATCCATATTGTCGAGCCTGAAACAGAGGAGAGTAAGCACCATGTTTAGTAAAAGCACTCTCTACGACCAGGACACGTTCTATAGGGCGTTTATGCGCGACCTGCTACACAGTAAAGACGAAGTGATTATCGAGAGTCCGTTCATCACGGAAAAGCGCATGAGGACACTTCTACCTATCTTTGCTAAGCTACGCAGTCGTAATGTACGGATAGTCATAAACACTCGTAATCCAA
NZ_CP045921.1_gap23	758421	761200	2779	GTGTGATGTCAGTCAGCAAAATCGCTGAAAAGCGTACTCCGTGGCACGGTTTTCAACGCTTGTGCGGGCTGATCTAATAGTGGTACATCTTCGTGCAGCAGCTGACGCAGCGCTGGGTATTTGTCTGTGCCGTGCGCGTAGGCTACTACCTCATCTAGCTCGGAAATCGCTTTTGGCGTCATAGTGACGCGAGCAAAATCAGCACCCATGAATTGCGCTGCGTACTCATCGCTTGTCACCGCCACAGTATGCGGCTTGATACCCGCCGTATGCCCATCGGCACCGATACCGAAAAGGCCGATTTTGTAGTCGTAGGTGGCAAACAACCGCTCCAACTTATCGCCGAAATCTTGTGCTGTCGTCTCGGCATCTTCGCCGCGCAGCACTCGATATGCGTTGATAGTACTCACATTGAAACCAAGCTGCTCGAGCTGGATCCAGTTTTCGTCTGGGTGATTCGGTCGACCATACCGCTCATCTGTCAGTGTGATGCATAGCTTGGAGGTATCGACGTCTTCAAGTCCCACCAATACTTTAGTGGCCACCTTCATAGCCGAACCACCCGGCACTAGCCAGAGCACAGATTCGTCCGCCTGCAGATGGGCGACAAGAGTAGAAGTCAGATATTCGACGATTTGCAGGTCATCTTGTTCGGTCACTAACTTCATAGACATCCTTGAAATTCAGTATACTCGCTTGTCGATGAGTCTGCAAATGAGCTAGTTTTTTATCTCTACTCCAGCCATGATTACATCGCCAATTACGTAGAGTACTGGTGCATCTTTGGCTGCATCTTGATCCGTCTTGTCTTCGACGCCACCAAGAATAGCCGAGGTTTGGTTACGCACAATCACATTGCGAGGTACGATCAACTCTATTCCACCCCAAAACGTAAACAATTCGACGGTCGCCTCTTTCTTGATTTTCGCCTTGCGCAGGTCGAGCTTCGTACCACCCATCACAGCAGTAAGTTTACTACCCTTGAAGTCGGTCGATGTATTCATCTGTTCACTACCGCCCAGTATGGCCGTCATGTCGTCGCGTTCGGCCTTGCTCACCTTGTGGCCAGGCGAACGACTAAATACGATAGAAAGCCCAACGACAATCACCACTGCTGGCCAAAATAATTGCCAGGGATCAACATCCACTACATCAAGTTCGCGCAGCTGAAACAGCACACCGACACCCGTCACTACAATTGCCCACAAGTAGCTGCGGGTGTCGTTGATAAACATCACTAGTCCAGCCAATATCACAAGCAGAGGCCACCATGTCGCGGCAAACTCGCCAAATTCGATAACATTTGCACTATCAAGCAAGAAGCCCACGCCTACTGCTACGATTACAAGTCCTGTCACTATACGTACAATTTGTGATTTCATACATTCATCATACTCTCTTAAGAGTACTCTCGGCAACTCTTTCCGGTATACTAGTAGCAGATGAAACGCCTCCACACCAAATCGCAAAACTTCCTCCGCAGCCCGAGCATTGTAAAAACACTCGTTGGGCACAGCAATATCAAGAGGTCTGACACAGTCTACGACATCGGGGCCGGCAGCGGTATCATATCGTATGTGCTATCCGATGCATGTCGGCAGGTTGTGGCGGTTGAGCAGGACTCTCGCATGATCACAAAACTCCACGACAACCTGGACGACCTTCATAATGTCACCATCCAAAAAGGCGATGCACTTACCATCACACTCCCGACCACTCCCTACAAGGTCTTCGCCAACATTCCGTTTCACCTCAGCTCGCCTATCTTGCGTCGTTTCACTGAAGCCGAGCGTCCGCCGACCGCGATCTATCTCATCGTCCAGAAGCAATTTGCCGAAAAACTCCTTATTGGCAATGAAAATTTTACCGGCCTCCTAGGTGTATATATTGCTCCGCACTTCACGACGCGTATCCGCTACAAACTACTGCGCAGTGATTATCGCCCCGCTCCCGCCGTCGATACTGTACTCGTCGAGCTTCTACGCAGAAACGAGCCGCTCCTGCCGTCTACCGACATGGTAAGCTACCGAGAATTTGTCGAGCGGTGTTTTTCTAGGCAAAAATATTTTGATACACTCAGCACAGGCAAGCGACCATCACAGCTTTCGCTAGGCGAGTGGCTTGGGCTCTTTGCCCGACACTCAAAAAAGTCCAAGTAGCTTCTTAGCAGTGGTAGAACTGCGCATTGTTACCCGTTTGTAGATTGACGTTCCAATCATTTTCGGTACAACGCTTTTGTTATACTCTGCCATGGGCAATGTCCAAAACACCACTTGACCATACAATGCCAATTTGTCGACGACCGACGTTTTTTTCGTCAGCTCGGCAATTACTTCCTGCGCAGTCGTCGGAGGTATCACAAATAGTGCGTCATTGCGCGTCTTGTCCGTACCATTTGCCCACCATGTAGGCGCATGCCGTAGGGCATCTTCGTAGTCGGCCTGTGCTATCACAGTCACGACTACGGCAAACCCGAACCTCTTCTCTATCATAGCTTCACACTGCTCGACCAATTCTATCAAGTCAGTTTTGTCACTGTCAAAAAATATATTACCACTATTGATATAGGTCGATACGCGCGTAAACCCAGCCTCTTCGAAGCAAGCACGTAGTTCACTCATGGCCACTTTGTTATTGCCGCCGACATTGATGCCGCGTAGCAGTGCAAGATACGTCATAGCTATATTATATGCTATAATTTCGTGTAGTGCATAAGCCCAGCCTGTCCGCGAGCCTACTGATGGGGAACAACTCGTTTCTGGCACCACATACTTGCATC
NZ_CP045921.1_gap24	771929	774944	3015	ATAACCAAGTGTCTTCGGGTCTTCAACATATTCACGCGATCGCCTCAAAAAATCCTCAACAACGCTCTCTGCGCTCAATGCAAAGTTTGGCTTCAAGTTTTTTGCTTTTACCGCTTCTTCGTATACCATGCCTACCGTGTCCTCCGGAATGGTGGCGATATAGTGCGGCTGAGCTAATATACCTTCTTGAATGCCATGGGCAAGTGATTTTGTGTATCGCTCATGTCCAAAAATGCTGCGAATATTTTTTCCATCTAGCCGGTTGGGCGTTGCAGTCATGCCAAGCAAAAACTGTGGCTCAAAATATTTGATAGTCCTGCGGAATGTTGGTGCCTCCGCATGATGCGCTTCATCCACGACTACATAATCGAAGTCATCGGGCTCGAATATCTCACGAGCATGCGCAAGTCCGTCTATAGGCGTATGCATCGACTGGAGCGTCGCAAAAACGATAGAGTTTGAAAGCGCAATATCTGGATCATTGTCACTACGAAATGTGTGACCTTCCACCGCATGGCGACCAAGTGTTTTTTCGAGAAATTTTTTTGCTTGGACATTTATTTCATCGCGGTGGCTCAAAAACAACACCCGCGCATCTGGATACTGCTCAAAATAGCGATCAAGGTCCAATGCAAGCATGACTGTCTTGCCAAGGCCAGTTGCCATATGGACGAGGGCTTTCCGCTCACCACTATCGCGAACTCGCACCAACTCATTCACGCAGTCTTGCTGGTAACTTCGATATTCAACACCGGGTAATACTTCTCCTGCGGAAAGTTTTGGTTCACCTCTAATCATTTCTCGTGATTATAAAATATATTCAACTACATCGCAATATAATAAGAAAAAGAAGTGCTATCATCCTAGCACTTCTTTTTCAGAGTCAGCGATGTTACTCGGATTTCTCTTCCGAAGTCTCTTCTTCGCTACCTTTTTCTGCCTCAACACTGTCTGCCGACGCATCTTCGGCATCGCCACCAGCTGCGTCATTGGCAGCCTGCAGTGCGCTCGGTTCGTAGACACTGGCGATAGCGAGATCCATGATAGTTACCTCGTCATCTGCCGTACCTTCACGTCCGTCGTCGTTGTCCACGATCTCGACGTTGGTCGGTACTGTGATATCTGCAACAGTCAATTTATCTCCTGCTTCTTTGAGTTCGGCAATAGACACTTCAAATGCTTCAGGGAGATCCATCGGCAACGCCTTCACTTCGATCTTTTCGAGTGATTGCAGCACGATCAAACCAGCTTTCTCGGCTTCGCTTTCGCCCTGACCAATCAGATGAATCGGAATCTCGGCATTTACAGGTTCATTAGCCTTGACCGCATGGAACGACACGTGGTTGATTGTGTGTTTCACTACGTCGAATTCGACATCTTTGATCATAGCGATACGCTTCTTGCTGCCAATGGTGAGATGGACAGGTGAGTGACTGCCGGCCTGCTGATGCACCTTCTTCAATACGTTGTGATCTGCCTGCACACTGACAGGTTTCATACCTGGACCATATACTACCGCCGGTACGATTGACTGTTTGCGCAGCTGCGCTACTTTCTTACCGTGTACCTCGCGCTCGTCGAGCTTAAGTTCGATTTTATTTCCCATATCTCTCCTTTCGTTTAGGATACTTGTTCGGAAATAACCGTAACTCTAGTATACCACTCCATCGGCAAACGCGTCGAATTCATGCTAAGATAGAAAGGTATGATTCCTGGCATGGACCTACTAGACTTCATCAAACTTGTTGGCCTCCTTGGAGTGGCAGCAGTTGTATTTGCCGAGTCTGGCCTCCTCATCGGCTTCTTTCTACCAGGTGACAGTCTGCTGTTTACGACAGGATTTCTGGTACATACCGGCGTGTTGCCGTACAATATCCATCTCGTTGTGCTCATCTTGTTCCTTGCCGCAGTACTAGGGGACAGTGTCGGCTATACATTTGGTCGCTCGACTGGCCATCGCCTCTTCAACCGACCAAACTCGCGTCTTTTCAAGCAAGAATACCTCCATCAGGCTCAAGAGTTTTATCAAAAACATGGCGGCAAAACGATCATCATGGCACGCTTTATCCCAATCGTGCGTACATTTGCACCAGTTGTCGCTGGAGCGGGCAAGATGGAATACCGTAAATTCCTCACCTACAACATCATCGGAGGGGCGCTATGGGCGGCTGGTATCACGTATCTCGGCTACGGACTCGGTGCCTGGTTCGAGAGTATAGGGATTGAGATAGACCACATATTGCTACCCATCATCTTTCTCATCATTCTCATCTCAATCACACCGCCACTCTACCATCTACTCAAAGATAAAAAGAATCGTGACCTGCTCTGGAATGGAACAATACGCGAAGTCAAGTCGATGTTTGCCAAGAAATAGCAATCTCATAAACGAGTATGCTGCGAAAGTTGACGGTGCCTAAAGTAACGTCTTGAGATATTTGCCAGTAAACGAAGCTGCGACTTTTGTGAGCTCTTCTGGTGTACCAGTTGCCACCACAGTACCGCCACCGCTACCACCTTCGGGGCCCATATCGATCAGATGATCGGCTGTCTTGATGACGTCGAGATTGTGCTCGATGATGACCATGCTATTACCGCCCTCAACAAGTTTCTGGAGTATGCCAAGTAGGCGCTTGACGTCCGCCGAGTGCAGACCTGTCGTCGGTTCGTCCAGAATGTAGAGTGTCTTGCCAGTACTACGACGAGACAGCTCAGTCGCGAGTTTGATACGCTGCGCTTCGCCGCCGCTAAATGTCGTGGCAGGCTGGCCCAAGCGAATATAGCCGAGGCCCACATCCACCAATGTCTCGAGCTTGCGTTGCACAGCTGGTACATTTTCGAAGAACTCTGCTGCCGTCTCTACTGTCATCTCTAGGACGTCGCTGATAGTTTTGCCTTTGTATTTGATCTCGAGCGCCTCTTGGTTGTAGCGTTTGCCCTTACACACATCACATGTCACATATACGTCTGGCAGGAAGTGCATCTCGATCTTGATCATACCGTCGCCCTGACAGT
NZ_CP045921.1_gap25	782614	787474	4860	TAAGAGCATGTGCTCCCGTACCCGTACGACAGTTCTGGCAGGCTCATTTGTGGGGTTGATACTTTTTGTTTTTGATATACCCACCAAAGTTCATCTCACAAATGTGCTACCACTCATGATAGCAAATTAGCCGCAATAAGTCAATATTTTAGCGTAAGCAAATCAGCTTAAACTACTGTGAAGGCAAGAGGCAATTCGCCTGACAATGCGCTCTTGTTGCAGCCTCGTGCTCCTCATTTGTCTTAGAGAAATACGTCACACCATCGTCACCGGCCACAAAATACAGGTAGTCAGTATCCGCTGGACTCGCGCCAGCAACAAGTGCAGAGAGACCCGGATTTGACACAGGCCCGGGCGGCAAGCCTTTATGCGTGCGAGTGTTGTACGGCGAATCAAGATCGACCGACGGTGCCACGCCGAGCTTACGCGCACCATAGATGAACGTAACATCGGAACCAAGTGGCATATCTGTAGCTAGGCGCTTATGAAACACCTGAGACACCTTGCTCATATCGTCTTTGTTTGATACTTCCGTCTGTACTATTGAGGCAAAGGTGATGCCTTGATAAAGATTCATGCCTTGAGCTGCGTAGGCAGCCTCGAGATTATTAGCTTTGATATCGTCGTACATGTGATCAAAAATCTTCTCTAGTACATCATCGATCGAAGCACCAGTGTAAAAGTTGTACGTGTCACCATAGATATACCCCTCGAGATCACTCCCTGCTGGCTTACCATCAAATAGTGGGCTATCGTATGTCTTGCTGAAAGCCGCTTCGATGCTCGCGGCACTATAGCCAACATCTTCGAGTACTTTGCGAGCATCGGCCAATGTACCGCCGGGGAGAAACGTAAGCGTAAACTCGTCTGGCTTGCCAGATTCAAGATGGTCGACAATCTCGCTAACAGACATCCCCTTTGTCAGCACATACACTCCGGCTTTGAGCCCGGTCGACTGATGAATACGATAGTAAATTTCAAATGCGATTTCATTTTTGATCACCTGCTTCTCGGCGAGCTGAGAAGCTACGTCAGACGCTGTGCTGCCACTGGCGACGTTGAGCCGCACCGTCTCTGTGGAGCCGGGATGGACCGATCCAAGCTGCTGCGTATACCATACATATGCACTACCCACGGCAGCGAGTAACAGTACGACAATCGTCAGGATGATACCAAGGATCCACTTCCAAGCATTCGACTTCTTCGGTGCGACCTTCATCTGTTTAGGCGCTTGATGGTTTTTTGACACGATAGGCGGACGCGTCTGAGGAGGCACCAGCCGAGGTTTCTCTGATGGAGTGGGCGCAGCCGTCTTCGGCTGGGGCACAGGAGACTGCGGCTGCAGCTGAGCTATGGGACGTGGCTGCGGCGACATGCGCGAAACAGGAGGAGTCACCGGTGGCCGCGTCTGTGGTGGACGCGGAGCAGGGGTAGGAGGCGGCGTATTAGGCTGCATAATGTTGCTCCAGATAATCTTGCAATATAATTGCAGCCGCCTCTTTGTCGATGTCGCCTTTGACATATGGCTTGCCGCGCGATTTTAGGCGGTTTTCGGCAATCACGCTAGTAAGTGATTCATCTTGAAAGACTATTTTTCCGATATCCTCTAGCTTGCTCGCAAATCCCTCTGCGTAAGCTGATTGCGCCGTCGCCTCACCTTGTTGATTGCGTGGGAAGCCCACCACGATGACACCCGCTCCTTCACGTACCACGATTTCGGCTACTTGTTGCACTTCTGTACCGTCTACTTCGATAGTGTCGTATGGTATAGCAATACGCACGCCCGTATCTGCCGCGGCAACTCCGATACGTCGCTCCCCTACGTCCAGTGCGATGAGTGACTGACTACGCCCCATTGTCTGACGAGTTGTTTAACTTGAATTCTACGTCTATCTTACCAGTGTCACTCGGCACTTTACTCACCCAGAATGGCCAGAAGTGCACCTCTACGTCTTCGACGCCCTGAATCGACTTGAGATCGGCTTGAATATCACCGAATTTTTTACCAGCTACACGTTTTTTGACATCTTCATCGTTTATCTGCGGCCCGACTTGCGTCGTTGCAGTCAGTGAAGCTGTGCCCCCAGTATCGTTCGCGACAAAATTAGATAGCTGCGCGCTGCCAGCGCCACTGTCGTATACACGCTGGTCATCTTCCTTGGATAATTTTGATTCTGTCGCAGCTTTGATGAATGTGTCGAGCTCAGAGTTTGAAACCCCTTCCATCGCATATGTTACCGACGAAGTGAGTTTGGCGGTACCATTTGGCGCTTCTTGGCCCACTTGTGGCGACGCGTTGGTATCGGCTTTGAGAGTGCGAAAACTTGAGTCAATTGCTTTCACATTTTTGCCAAACTTCGCGGCAAGTTTTGTTTTGGCGTCGGTGTCATTTTTCTCGGCAATCTGAGTAGAAGCTTGCTGCACATCTGCCTGAGTCACAATCTTAAGTGTCTTTTTGCTACCCCCGGCCATGTCACCACCCTTCGCGGATATACCGCTTACCGTAGAATCATAGCTTCTTGCAGACAGGTTACATTGCTCACCGATAGCAGTAGCCTTGACGGCGACGCTCTTCGTACCGGCCACAACAGAAAATCCAGATCCATTCCACTTTGGTGTTGCGCCGGGAACAGTCACCTGTTCGCGTGTGACAAATGTACAATCGCCACTGCTAAATCCTGTACCCGTAGGGACTGTTGCATCATCCGGCGTACCCTTGGAAAGAGTCATTGTTCCACTAGCCGCTTCACCCTGCTCCTGCGTGCCAGTCGCTTGAAAGTCCACGCTTGACTGTACCACATCTTGCACTTGTACCGACTTCAGTGTGCCTTTTGCCGCGTCTGTCTGTGTATTTGGAGCAATTGTCACCGAAGTGGACAGTTTCTGTGTACTCGTCTTGGCGGTGATCTCCACCGTAGCGCGTGGCGCAAAGAAGATTGCCCACACCAGAAATACGACAAGGAGTACGCCGCCGAGTCCGATAAGCAGCATCTTCTTGCGGAAACTACCAAAGTTTGGCACTTTGCCAGCAGCCTTGGGCTTGCGTGGCGATTCGCCAGATTTGGGAGGCGCAGCGTATGGCTTCTTGCTCGCAGGCACGGTTGTGTCGAGCTTTTCTTCGGCTTCTATGGCCGCTACCGCACTTGCCGTGGCTGCATGCTCACCCACTGGTAACTGCGATCCATCGATAATATCGTCCTCGTCGTCTACCTTCAGTGCGGCGATCTCAGGGATCTCTGGCTTGCTCTGGAGGTTTTTTGCCACAGGCATACCTGCACCTGCTGCAAGAGGGATGAGAGACTGATCATGCGTGATAAGTACAATGTGTTTGCCGGATGATTTGGCGGTACGCTGCAGTATGCGCAGATTTACCGCGCTTTGTAGCACACCAGTACGCTTGGGGGGTACAAGTGCGACGACTTTTTCTTTACTATCTTTAACCTTTCCGATTATCGCGGTAATATCATCTTCGACATCGATATAGATTACGTCTTTGTTCATGCTAGATTCTGAGAATTCGATTGAGTTTTTCTTTTATGTTGTCGCTATCGCCACTGCCTAATATTGTATCATATCCGACGCGTAGCAGCCCCATAGCCGTGATGAACGTGTGGTCTTTAATTGTGCCTGTTTTGTCTTTGATACCCAATACTTCGGATGGCTTGATATGATGCACGGTAGGCTTTTTCGTAAACGGCAAATCCTTGTGCCAATCCGACTTCTCAAGCGCCTGCACAAGTGCATCGAGGCTTGAGCCACCGCCACAGAGCAAGATGCGGCTAGGCAAGTGATCCACCGAGTCAAATTCGCTGAGCGCCAGCTCTACTCCAGACAGCCAGACATCGAGCGTCTTGTCGATTGCCGTCTCCAGATGCTTCTTCACTGTCGGCTTGATGTGTTCGTTGTCCATATTTACTTTGAGCTTCTCGGCCTGGTCGTAGGTGAGGTCGAGCTCACTGGCGATAGTGCGCGTGAAGCTTCGACCGCCGATACCAAACATCTTGGTACCCTCGACACCGCCGTCGTTTACTACTGCGATGTCGGTCGTACCACCACCCACGTCTGCCAAGATAGCCGTAAAAGTACTGCTGGCATCGGTGCCGAGTACACTGCGGCTGACGGCAAACGGCTCCGCTGCAACTGCAACGAGCTCGAGTGCCAGCTCGTCAGCCACCCGCTCTAGGGCGCCGATATGAACCATGGGCGCAAAGGCTGTGTAGATCTGTACGGCCACATCTTTACCCTGAAACCCAAGTGGATTTGAGACCTTGTAGCCGTCGATATGGATGCCCACGAGCGCGCTGTTGACCAGTTTAATCTCTACGTCTTCATTCGCTGTCTCAAGCGCGATTTGACGCTGCGCCTTCACTTGGGCGCGTTCCTGCACCTTATCGATGATAAACTCCATCTCAGCTTCGTCGAGTGGACGATCCGGCTGCGGACGGCGGTAGCGAATAGTGTTCGTGGTGCCCTTTACAAGCTCGCCTGCAATACCTATGACGGCACGCTTTGCCTGCAGACCCGCCTGGTCTTCAGCCTCAGCAAGCGCTTCTTCACAGTTGCGTACCACACCAGAGATGTCTGCAATAGCCCCGGAGTGCATGTCACTCACATCTTGGCGAGCACGACCAACGCCAACCACCTCTAGGTCATCACCCTCGATCTTGGCAATCATCGCTTTCACGAACTCCGTACCGATGTCGACGGCGACTATATAATTTTTATCGATAGAGTCGTTTGCGCGTTTTCGTAGCTTATCAAATACCATAGTTGTATTTATTATATACCAGTTGTGCTTATGGGGGCAAAGTATTGTTTTTTTATAGTTATTATGCTATAATATATATTATGACAGAATTC
NZ_CP045921.1_gap26	968192	969893	1701	CGTCGAAGAGACTGGGATGAAAATCATGTGTTACAGACTCTTTTCTCATAGCTTTTATTATATCACACTTATGCATATAAATCAATCTGCCGTACTTCTCTCGCAACCAAAAATCCCTACCGCGGGAGGTAGGGATTCTATTTGGCACCTGTTTGTTTGATACTACTATAGCACCATGGCAGGCGTAAGCACAAGCGTATTTTTTACTTGTCTTTTTTAGATACGGTCAAGAAGCCGTTACGTGGGTTTTCTTTGACTACGCGATCTTCTGGCAGGTCTACTGGTTCACCTTTTTCGTTGACTTCCTTCTTTGCGAAGAAATAGATAGTCTGCGTTTTACCGCCGCGGAGGGTTACTTCTGATTTGTGCAGGTAGTAAGTAACGCCTTTTGAGTTAGTGTGACTGTAAGCCATAAGAATGATACCTCCTATTTAGAACATCTTATACAGCTAGGGTATCTCTAGTGCGTATCTGTTGTCAACAGTTAGATGTCTTGGTATTTACTCTTTAAGAGCAAACGTAACACACCAAGCGCGAATACGCGACCAATAATCACCGCTACAATCACGACACATATCAAGAGTGAAAAGCCGGCAAAATCAGGTGACCAAAGTGGCGAAGTGAAGACAAAACGATACTTCTCTGTATCGGGCATCTTGACCTGCGAAACTGGATCGTGACCAGGGGCGTACTTGGCATATTCACGCGCAAAACATTGCACATAACCCTGATTGTAACCAGAAAACTGCGGCTTGCAGATTGCATCTACTTTAGCGTTGATCACTTCACCGCTTTCGCCGCTTGCTGCCGCCTGCTGCACAAGCGCTGCTTTGTCACGCTCATACTGTGCTGACAAATATACATCGTTTTGACTGGTGTTCATATGTGCACTCACATAGCGCTGCAAATCGAGCACGCGGTTGCGGGTGGCCTCGGCATTGCCCTGCTTGTCGGCAGCAATTACCGCATCGCGGCGCTGCACCATACCGACATTGTTGAGCCGCAGAAATGTCGCCGACACAAATCCCATAAGTATCAACAAAACCACCAACTGCCAGGTTTTCACTCGCTGGATGTTTTTGATCGTTCGCCGAACTGTGCGCTTCTGTGCCACTCTTGTAGAATTCCCACCATTATACTTCTGGTCTAGTATACCAAACTACTTGCTACGTCGATAGAGAGGGAAATTGGCAAACGAGATAAATAGTGTGAGCGCGGCCGCTGCAAAAAATGCGGCGCTAAGTGCCGCTTGTGCCTGCAGCACCAACAGGAAACCGAGTAATATAAGTGATATAAACATGGATCCAAGATTAAGCGTCATCTCGATTAACAGTAAGTAGGCGATGCGATGCCCCGAACGATCTGCAAGATCGAACATACCGCGAATAAACGCCATGGTATACCCTGTCGTTGCTGTTTCATTAATCACATTGGCAAGCGCCGCCGAAACAGGTGTGTAGATGAAGGGCCTGATAGCATGTGTAAATGAATTAGCAATTGTCGCATAGCGCAGCAACTCACCGCCACGCCGCCTGTCGATCAGCACGCCGTACATCTGCGATGCGATGAAGCCGACAAACAGCGTCACAGTAGCGAGACCACCGATCTGTGCATATACCGAGGATCCGGAGCTTGCAAACACCACAACAGTGAGAAACAACGGCCACAGCACGATAGAGGTGGTATTGTCGAGCCCCACGC
NZ_CP045921.1_gap27	970952	972769	1817	CTCCGGCAACTCATCCAAGACAGTGATCAGAAGCTTATAGCCGTCGCAGGCACCCATGGCAAAACCACTACTACTGGCATGCTCGTGTGGGTGTTTCGCGAGCTTGGCATTCCAGTGAGCTACAGCGTTGGCAGTCAACTCAGTTTCGGTCCAAGCGGTCATTTCGACCCTAGCGCTCAGTATTTCATCTACGAGTGCGACGAGTTTGATCGCAATTTCCTGCAGTTTCATCCCGCCATCAGTGTCATCGTGTCGGTCGATTATGACCACCCAGACACGTATCCCACCGAAACTGAATACAAGTCAGCGTTTCGCCAGTTTATCCGCCAATCAAAAGCAAGCATACTATGGCAAACTGATGCGGATTATATCGATACTCGCGACCCAGTTGCTTGGTGTTTACAGAAAGATGAAGTTTTGCCTATCAAACTCGCGGGCGAACATAATCGTCGTAATGCGACGCTGGTTATGAAGGCTTTCGAGCGTATGGGTGTAGGTGAGAACAAAGAGTTGCGCGACGTTATCAATCATTTCCCGGGCACTATCCGCCGCTTCGAACGCCTAGCGGACAACTTGTATAGTGATTACGGCCACCATCCTACAGAAATTGCCGCAACCTTGCAGATGGCGCGTGAACTCTGTGACCATGTCGTACTCATCTACCAACCGCACCAAAACATCCGCCAACACGAAATACACGATCAATACGTAGATGAAATTTTTAAAGACGCCGATGATATCTACTGGCTCCCCACTTATCTCTCTCGTGAAGACCCAGCACTAGAGATTCTCACACCCAAACAGCTCACCGCACAACTTGCGCCCACTAAACTACACCTGGCTGAATTCGACGAGACACTCTGGAGCGAAATCACCCGTCACCGCAATGCCGGCCACTTAGTGCTCTGCATGGGCGCCGGTTCGATCGATGGATGGGTGCGCGCGAAACTTGAATCATGAAAAGGAAAGTCTACTTCGCATGCTCGATTCGTGGTGGTGGCGACACATCACTCTACCAGCAGATAGTAGATGCGATCAAGGCAGCGGGCGGTGACGTGCTCAGCGAAGTATTCGTACACGACGCCATCAACTACGGAGGTAGTCTCTACCGGCTGACGAAATATATGCACGTGACACGCAGATGATTTACGATAGCGATGTCATGATAGCCGAAGTCACAAATCCATCGCTTGGAGTAGGCTATGAACTTGCGTATGCCGAAAAACTCAATACACCGATTCTATGTTTGTTTAAAAAAGACAGTGAACGCAAACTATCTGCCATGGTATCTGGTAATCGCTACAATGTTATAGAGTATATAGAGCCACACGACATCGAGCCGGCTGTCGCACGGTTTATCGGCACAAACATATCACACTAGTATAGCTCGGAATTTCTGTGTGGTATCAACGCGCCGACCACACCCATCATGAAGCCTTCTTCGCGCTTCAGAACGTCACCGGTCAATATACCGACAGCACCATTTGACTGCTTAGAATTGGTTGTGCCAAACACAATATCATCCGCCTCGCCCAACTCCATACCACCAGCCACAAGTTCGGCAACTTTTGGTGGCAGGTACACGGTATTTGTCATCGATTTTCCTTCAAGCCCATCGCGGTCACGAGCCACCACCCAACCGCTTACGGCCATGTCGCTTCCGTGCAAGTCTACGCCGCCCTCAAGCCCTACCCAGTAGTCCGCATCTGGATACTCAGTCTGCGCATTGTCTACTCTATTTCGTGCACCCGTGAGTGTCTCGTCAAAAGTCAGTGGCTGATCACGTACGCCAGATGGCACAGAAACACCTTCGACAT
NZ_CP045921.1_gap28	979118	983078	3960	AAGCTGACCGTAGGCAGAGTCGAATCGCCCATCGCCAGGATCTACACATGCCCGTAACTCGCCGAGTGATATCTCACCACCTGTCAGCTGTCGTACTATGGCGCCTCGCACTTCGCGGACACTGCCTGCCAGTGGTGACTGCTTGCGATAATGTTTACTCGCCGAGACATTGCGTACACCTGAACGCTTGAGCCACGAACCGTAATCCATGAGTGCCCAGTAGAATTCTCTAGGGTGGTCACGCCAAAGCGTGGCTTCAAGTCGCTCGAGTATACTCGAGTCTGTCACATCGCGGCGATCAGCAAAGAAGTGATGCAAGTAAACAGTGCGTACGTTTGTCTCGACGTAAAGCACCGGCTGGTTATATACGTACGCAAGCAAGGCGCCAGCAGTATTTCTCCCTACACCAGGCAGCGTCACCAGTTCGTCGTGCGTCGCAGGCAGTACACCGCCATGGTAGTCCACTATAGCCCTGGCAGCTTCATGGAGGAATTTGGCGCGCCGATTGTAGCCTAAGCCACTCCATAGTGTGAGCACATCTGCGAGTGGTGCCCGTGCAAGTGTCTCAAAATCGGGAAAACGCGCCACAAACGCCTCAAACTTCGGCACCACGCGGTCGACCTGCGTCTGCTGCAGCATAATCTCACTTACTAGCACATAATAGCCGCGGGTGTCGCGGCGCCAGGGCATATCACGATAGAGCTCACCGCTTAGCTCATGAAGTAGCTGGGTAAATTCTCGGTCCGTCACTCTATCAAGTGTAGCTTATTTACTGGTAATCTTTTCTGCAATCTTGCAGTAATCCGCGGCCGTCTCTGTCTGTGCATCCAACATACTAGAGGTTGGGGTTTGTACAAATTGATTCGATTCATCTACGCCTATCGAACCGAGCGCAGCTTGCTGCATGGCTCCAGTAGCAGTTTCACCGGGGTTGAGTTGAAACGATAGCGCACCTGCAACTTTCACATCTGCAAGAGCCTTGCTGTCCACAATCTCTCCATGATGCAGATATGCACCGTAAGTGAACGTTGCAATACTTACCGGCATATTACTTTGATCTCTACGGCCATCTCCGCCTTCGTGTGTAGTGAGTGTCAGCTCCGCATTATCCGCTAAGACACCGGGTGCATGGAAGTTCCCATTGTTAGCATCTTGAGGCAATTGGAACTTGCCAATCACATACTTACCAAGCTCTATAGCGCATCTAGCGCCCTTGGGCAACTCGCTATAGATTTCCGCAGCCGATGGTCTGGTAATTTCGTGGACTGCCGCTCCCTTACTGCAACCTGATACAATTGCCGCCGTCAGCGCGAGCGCACCACCAAAAGTTTCGACACGTCTTTTCATAATTATATTTTAACATAAATATTAAATAAAAGCAACGATGTGCAATCGTTGCTTTTATCGATACAGTACGGTCTAACGAAGCTTGTTGACGCTTTCGCCGACATCTTTGCCTGTTTTTGTGGCAGTGTCAGCTGCACGTCCTAGGCTACGTTTCGCTTGAGTGCCAATACTTTTCGCTTCTTTGCCGATGCGCGATGCACTCGTACTGGCTTTTTTGCTGAAATCACTCGCTTCGTCCGAAATATCTGCAGCGCCTTTTTTGACTGTTTCTGAGCTTTCTTCGTAGACTTCTTTGGCCTGCTCTTTTTTGACAGCCGCTTTGTCCACCAGCTCATCCTTCTTCGCTTTTAGATCTTTGCGGGTTTCTTCACCACTTTTGGGAGCAAAGAGGACACCAGCCACATATCCTGCTGCTGCCGCTGCTGCCATACCTAGTAGTTTTTTCATATCAGAGTCCTCCTTTAGTTGTTGTTACGAAATGCGCGCACAGCCGCCGAAAACACCGTCGTAGGTGACAGCCAGGCGGTAGCCGATGACAAGTTATCGGCGATACGCTGGGCATCGGCGACAATCTTGTTGACCTTGTTGAGCACCAGCACCACTAGAACGATCAGAGTGATCAACACCAGTGTGAGGATGGTCACGAGGATTGTCAGTAGTATGATAGCGAGTTCGATTTGATCCATACATGCTCCTTAAGTTATATTTCTATCGTAGCACAACGGGGGCCCGCACGTCGATTACTCTCTGGTGTTTTTGAGACGCTGCGCAAGCTCTTCGTCGGGCGTCTCTACCTCTATCTGGATATGGTGCACGAGTGGAATCTTCTTGTGAATGCGTTGCTTGACCGTATCGACAATTCTCTCAACTTCGTCGGTGGTAAAATTATCTGCCAAATGCAACTCCATCACGACGAAAAGCTTAGACGAGCCCACATACATCGTAAGCAGATCGAGCACCGCGTTGACTCCTTTGACAGCCAATGCTTCACGCTTGAGTGCTGCGAGCGTCTTGACATCAACCCCTCGCCCCACGATTAGATCGTGAATGTCGCGCACCAACATAACTGCTGCCACCATCATAGTGAGGCCAATCAAGATACTCCCCACTCCGTCGAACTGCGCCAGCCCAGTAAACTGGTAGACACCGAGCGCCACCAGTCCCATTATCGCCGCAGACGTACCGAGGAAGTCGATCGCAAACGTCGCCTTGGTCTCAATCAGACTTGAATTAACGAGGTGGCGCCACCAGTGTTCACCTTGGTCTTCCCCCTCCTGGTGCAGTCGCCGCAGGCTGAGTGAAAAGGCATAGCCATTGGTACACAAACCAAAAAGTAACATGGCAAACGCCACCCACACATACTCCACAGCCGATGGGTACATCACTTGCTGATAGCCGAAATAGAGAGACATCGTGCCCGTACCAGCAAACATGATGATACTTGCGATCAACACCCAAAAAAAGATTTCGCGGCCATAGCCAAACTGAAACCGTGCATCGGCCGCACGCCTAGAGCGCCTGACACCTACATAGAGCAAGCCTCCTGTCACAAGATCGCTCAGTCCTTGCAGGGCCTGCGACAGCATGATCGTCGAACCCGTGAGCAACGCCACGATAAGATTGAGCACCACGTCGGATACGCTCACCAATGCCGATGTCGCAACTACCCGTACGTCAGAGAGTGTAGCCATTTAATCTATTGTAGCAGACAGATCGTCAAATTCGAGCATGAGTGCCAGATGATCAGATACTATGTCATCAAGTACTGCGAATCTTTTTGCTTTGAGATCGCGTGTCAGGATGTAGTCGCACGGTTCGGTCTTAGTAGTGAGGTGATTACGAGTCGTCTTTACCTTGTGTTCGAGGGTAAGATTACGTAGCTTGGCGTTGAGTACCTGCATCGATTCACTCTCCGGTATGAGATTGAAATCGCCCGTAAGCACTACTGGGCCTTCGAGGGTGTCGATATATTCGCCCATCCGTTTACAGGCAGCGAGCGTGTGCTCGTCGCCCTGTTTGTGTTCGCGAATATGATAGCCGTGCGTTGTCAGGACATGCAGCAGTCCAGCTGGTGTTTCGACCTGTGCATGCACCACGTTGCGCGCAGCATCGTACGAAATATCTTTGGTGAAGTCGGTCTGCAACTCGCCCGCTGTCCAGAATTCGTGCGCAAACGTAATCGGATATTTAGACAAAATCATATTGCCCCGCTCGGCCGCATGGTGCATGTAGGTGAACCGCACTAGCGGACTGAAATAATAGTATTCGAACTCATGTGCCGCCAAGACTTCCTGAATACTGCCGAGCATTTTGCGCCCAGACTCAGTACTCACCACTTCCTGCAGACACAGGATATCTGGATCTTCGCGGTCGAGGAGCTGCACGATAGCAGGTGCCAAATGCAGGGACCAGGTGTTGAGTTGGAGGAGTTTCACGCTAGCTCTCAATTATTTTGAGTGACAGTTCGTCCAGCTGCGCGACATCGGCAGCACCTGGAGAGCTCATCATGACATCCACGCCAGAACCGTTTTTCGGAAATGCTACGACTTCGCGAATGTTATCTTGGCCGGTAAGCACCATGAAGATACGATCGATACCAAACGCACAGCCGGC
NZ_CP045921.1_gap29	984955	987576	2621	ATGCACTGGCGTTGTCATAAGCTCGGATGCACGGTGCGTCTTTTTGTCGTGGAGCTGAAGAAGATTGTGAATATACAAGATACCAACAACGTGATCGACGTCGCTTTCGACAACAGGAAAGCGGCTATGCCCTGTCTGATGTAGTTCGTCGAGGATGAGCGGTCCAAGTAGCTCGTCATGTTTGACGGTATCCATGACGCTGCGCGGTGTCATGACAGATTCTACCGAAATACTAGAAAACTCAAGACCGTAGCGGATAAGCTTCTGCTCGTCTTTACTGAGTACCATCGGCAGTTGCTCGACTGTGTGCAGAAATTCTTCGCGCGACGCGATATACGTATCCCCCTGACCACTCTGCAGTACACTACGGAAAAACTTGAACACACCACGATGCTGCGACACAAAGTGCAGCGAAGGATGCTCGAGCCGCTCATATAAGTGCTGCGAAGTGGCATGCACAGGTCTGAGACGTGCCAATGTGCCATAGAGCAGCACGCCTGCCACCGCTACAAACGCACCCATGAGCCAGCCGAAGGCAGTTAGCGCCAAGAGGATAAATACCACCAAGACAAGTGCCGTAAGTACACGCAGCACGCCTGCTACGTCTTCGGCCGTGTCTTCGCGCTGAATATCCCAGGCGATGTCTTTGTCGCCTTGTTTGCTGCGGCGTGTTCGCTCGAACACACTGTAGCGCGAGCGGTTTGGTACGACACTCGCCAGCACGATCAGCAGCGCGTAGATTACAACAGTTACGAGCATAAGTCCAAACATCGTAGTGCTACTATAGCATGCTCAGTTGCTCCTCTGCCAAGAGTTTACTATACTAGTTGAAGTAACATAAGGAGTTTTAGAGAAAACTATGGACAAACGCACCTGGATTATATTTGGTGTCGCGGTCGTTGCTATCTTGGCTGGCCTCGTCATGCTGTCTCGTCAGAAGTCTGTCGATGTAAGCGGTGTCAACAACGCCACAGTACGCACGAGCGGCGACACCAATTCAGAAATTGCCGACCACGTATTCGGCAAACCCGATAAAAAAGTTGTACTCATCGAGTACGGAGATTTCCAATGCCCTGGGTGCGGCACCTTCCACACCAACTTCGCACCGATTATGGATGATTACAAAGACAAGATCACTTTTGTGTTCCGTAACTTCCCTATCACCACTATCCACCCAAATGCCCGCGTAGCCGCCGCCAGTGCCGAAGCGGCAGGCCTACAAGGCAAATACTGGGAGATGTGGAACGCGCTCTACGAACAGCAAAATAGCTGGAACAATCTCGGTACTGACACTCGTGACCAATACTTTGAGTCAATGGCCACTGCGCTCAAACTCGATATGAATAAGTTCAAATCTGACGTAACAAGTAGTAAGGTGTCAACCAAAATTAACTTTGACCAATCGCTTGGTAAGGCAAATGGAGTGACGGGCACACCAACACTGTTTTTGAACGGCAAGATTCTTCCAACTGATCAATACAACTCGACGGATACAATCAAAAACACCCTCGACACCGCGCTCAAAGAAGCAGGGGCTGACAAATAACTTCAAGCCATAGAGATTGAAATAACCCCCTCTTGTATGAGGGGGTTATTATTTGCCCACGCCTAGTGTGCGATGTAGACTTGCCATTCGGCAGGTTCCACCGTCACTGCGACTTTTTTGCTTCTAGAAGCAGCGTAGTCGACATGAATCGGCATGTGTAATCTCCTTGTTAATACAGCTCCACGCATTCGACCTTTAGGTTTGCCATAAAAGTTTTCTGTGTGTGTTAGTGCGCGGAACACAAGATCAATAGTATCAATATCTATTATTTGTGTCAAGAATTAACAAGCACAGTGCTTCTGCTTATTCCTATACTACACGTTTATAGCGTGCAGCACAAGCGTTTCTGTAGACAAAACTCCCCGACTCTTACGTCGGGGAGTTTTCAGCTGAGCACCCCCAGGCTAGATACCTGGCGTCTGATCTGGTGAAGCGCTACGGAGCGGCTTCTCTTTGATCATGAATACCAGTACCGCCGCACCTAGCATGAGTATGCCCGACACCATGAAGATGCGCTGTAAACTATCGCTAAATGCATGGGTAATCTTGTAGGCAAAGTTGTCTTGCTGCTGCGTAAACTGCTCAATCGCCTTCTGCCGTGCTGCTTCTGGAATCGGCAACTTCTCGATCGCCACAGTAGATGCATCTGTGATCTTCTGCTTGATATCCGGCATGTTCAGGTTGAGCAGTGTGTCAGAGCTTTCGATACTTCCCATCTGTTGCACGGTCGGGTTTTTGGCCAGTTTCTGCACATATGGGTCATTCTGAATACCTGCCAGGCCGCTCGTGAGACCAGCTGTCAGCATGGCGCCAAATACTGCGACACCAATGGTTGAGCCAAGGCTACGGAACAACTGACTCGAGCTGGTGGCCGCACCAAGATCATGCTGTTTGAACTCGTTTTGCACAGCCAAGTTCATAACTGGCATGACCACACCGAGACCAGCACCAAGTAGTACCATCAATATAGCCTCATACATGTAGCTACTCTCTGGGGTAAGCGTCGACAGACCGAAGACTGTGGCGGTAGCTAGTACGATACCTACCTGCATGAAAATCTTGTAGCGACCAGTGC
NZ_CP045921.1_gap30	1022556	1026041	3485	GAGGCTTGGTCAATAACTGAAGTGCGTAAAAAAGAAAGCGCGTACTTAAATTATCGGCTTTAACTTGGAGTAAACCGCAAACATTCGTGATACTAAACTTCTCGTTATTATGATAGAAAACGGAACCTGCGTTAGCACCGTCGGTCGTCCATGTTATAGACTCGAGGTCATAATCGTATGTTTTTATTTTTCCAAAGACTCCGTTATTGGCAGTCTGAGAAGAATACACAGGATAGTCCCCTGAATTTTCCGTCAAATAATCCTTAGACATGACACGCCCCCGTGAAATATTGCAAACCTCTCCCAAAGTTAGCCATCTGACTCTCTCTCTCTGCTCGTCAAACGTCAGTAGCTGATTTCGGTAGTATTCGTACTGCTTCCGTCTAGCTTCCAGCTCCGCTTCCAGCTCCGCTTCCAATTGTGTAAACTTATCCAGAATTTGTACAATCTCTTTTTGCACTTCAATAGGGGGAATTGGAATCTTCATATCAAGCACTTTTGCCATGCTTGGATGCTGTATGCCTGATCCACGATAGAACGATTGAATTGTTCGTAGATTACTCAACATAAAGTAATAAAGATATTTATTGTCCAAATAGTTTTTGTCGAGTGATGTAGCAATACGATTATCCGCTGTAACGAATTTTCCGTTGTAATACTGGACTGTAGCACGACCACCCCATGGAATTGATATTATCTCTCCTTCAGAGATGTTTTTGCCCGCCAATTCTTCGGTCGTATACCCATAAACTTCACCGCCCGTAGACAGTAACTTAACGTCACCACCTTCAACTGCTAGTTTTCTTAAAGCACTTGCTAGAAGATAGGAATACTTGTAAGTTTTGGGCTGTTTTTTATTATCAACGGCGTTGAATTTTTTATCCCAAGCAGTGACTTCCCAAATGTGCTTAAACTGCACTCCGTTTGGGCAAAGCTCAGCAATTAATTGATCGATTTTACCCATTCTTAGAACCCTCGATACTAGATACGATTTCATCAATCTGAGTACGTAGTATTGACTGCTTAGCAACTATCTCTTTGATATTCGTATTGAGTTCAGCGATATTGACGAACTCCGTCATGTCCTTACCTTCAACGTAGCTGCTGACCGCAAGGTTGTAGTCATTCTCGGAAATCTCGCTATTTGGGACAAGTCTTCCAAAATGTTCAACATCTTCGCGATTAGTGAATGCTTCAAGAATTTTATCTTGGTTAGTTTGACCGAGCTTGTTTTTGTTACCACCTCGCACAAATTCGGCCGAGGCATCGATGAATAAAGTGGAGTTATCTTTCTTGCTCTTCTTGAGAACCACAATACATGTCGAGATAGTTGTACCAAAAAATAGATCAGGAGGTAACTGAATGACTGCATCTACAAAGTTGTTATCAACAAGATATTTACGGATCTTTGCTTCAGCACCGCCTCGGTACAACACTCCAGGGAATTCAACAATCGCAGCCGTACCACTAGTCGAAAGCCAGTTAAGAATATGAAGCGTGAACGCTAGGTCGGCTTTGCTCTTCGGGGCAAGAACTCCTGCTGGAGAAAAACGAGGATCATTGATTAGTAATGGATTTGCATCACCCTCCCAGTTAATAGAGTAAGGTGGATTCGAGACGATGGCATCGAAGGGTTCGTCATCCCAGTGGGCTGGATCGGTCAGTGTATCTCCATGAGCTATGCTGAACTTTTCATAATTAATGTCGTGTAGATACATGTTGATACGGCAAAGGTTGTAGGTGGTGAGGTTGATCTCTTGTCCATAAAATCCTTGTCGAACATTCTCCTTACCCAATACCTTTGCGAACTTTAGCAGTAGTGAACCTGAGCCGCAGGCTGGGTCATATACCTTGTTCACTTCTTTCTTGCCAACCACAGTGATACGAGCTAACAACTCACTGACTTCCTGAGGCGTGAAGAACTCACCACCAGACTTACCCGCCGATGACGCGTACATGGTCATGAGGTATTCATAAGCATCACCGAATGCGTCGATTGTATTGTCTTCGTAACGACCAACTTCAAGGCTTCCTATAGCATCAAGTAGTTTAACGAGGCGCTCGTTGCGCTTAGCAACTGTCTGGCCGAGCTTGCTGCTATTTACATCGAGATCATCGAAAAGACCCTTTATATCGTCTTCGCTATCAGCACCTTTGGCAGAGTTCTCGATATTGCGGAAGATTCCCGAAAGAATTTCGTTAAGGTTATCCTCTTCTTTTGCTCTCTTGCGGACATTTTCAAACAGCTCGCTTGGCAGTATGTAGAAGCCTTTTTCAGCTACCGTGTCCTTGCGACCAAACTCGGCGGCATCATCGCTTAGGCTGGCATAGTCAAAGTCGGCAGCACCTGTTCTGCGCTCTTCGGCATTAATGTAATTTGACAAGTTTTCGGATATAAAACGATAAAACAGTATGCCTAAAACATACTGTTTGAAGTCCCATCCATCTACTGATCCCCTCAAGTCGTTCGCAATCTTCCAAATCGTGCTGTGTAGCCGGGCTCGTTCTTGCTCTTTTTTAGTGTCTGTTGTGGTTGTCATATTACACAACATTATACCTCAAAAACAGATGTAATAACACTGTTAGCAGTATAATATGGCTATGGCAAAAACTAAGTCAGATAATTATTGGGAACCACATGCAAGAATCCTTGAATCTATGCCTCGTTTCCAAGCTGCTGTATCTGATGTTCGTAAGCGGCTAGGTATTCCTGAAACGGGCATTCCTTATGACGAACGGGCTGAGTGGTTTGCCGATTTCTACCGCAATGCCGATGAAGATACCGCAAAGCGATACGGAGGTGCATATGGATATGAGTTGCTGCCTCCGAATAAGGAATTGCTTGACGAGCTTGATAACCTAAGGCTTGAGTTCAATCTCGATCCACGCTGGCTTCATCCGCTTTTCAATTACATATTTTCTGCCGATAAATCATTAGAACCGCCATCACAAAAAAGTGCTTGGCCGTCGCCAAGAATGAATGATGTGCGTTTACCGAAAGAGCAACAGCGAGTCACTAGCTTGAGTATTCGTATCGAAAAGGATACCACGATCCATGATATCGAAGATATTTGGGATGATATTCGGAAGTATCAAGCGTATATGGATGCAGACATTCCATCTCGGCGTGACCCAATCCAATTAGAGACTGTTGATCGTTATCGCAACATTATTAAGCTACGTGCAGATGGACTGAAATACCAAGAGATAGCAGAAAAGTACCCAGATAAATTCAACTCGGCAGAAGATGTCAGGAGTTTTAAGAATAAGCAGGAAGCCCGATTCAAAAAGCGTACCTCGTTACGTCACCTACCGAGCCTATGGTGGCATAAATAGCTTAGGGTCATGATATTTCCAGAATAAGGAGATAATCATGACAAATAACAACTTAGAGGTTACATATCAAAAAGTAAAAGAATTAAACCCTGCGCCATACAATCCACGCAAGTGGAGCGAGGAAGCAATTGCCCAACTTACTAATAGCA
NZ_CP045921.1_gap31	1080808	1081308	500	AGTAGTTTACAGTATACAACACTAGTAAAACACCTCGCAACGAGGCAAGGTGTTTATGGTAGGTGTTGTCCCGCGGATCTTAGACCGTCAGGCGAGCGCGGCCTTTAATACGGCGGCGCTTGATCACGGCACGGCCAGCTTTGGTCGAGACGCGAGCACGAAAACCGTGCGTGCGGGCACGGTGACGTGTATGTGGTTGGTGTGTTCGCTTTGGCATATCTGTACTATTCTATCGTATCTCTGTTAAATATTCAAGGTATCAATCTTGCAAATGTGTCATATCTGTACCCTACTATATGACTTATCCCCTTTTTGCCTATAGTTTTCCACAATATTACAGATGACATGGCGATCTGTGGAAAAGTTGGCTGCTTCTTTGGTATTTTTTTACATCACCCTACTGCTTGTGGAAAACTCTCGCCTTCTATATAGTTTATATACAGACACCCGGAAGGTATTTCTGGGAAAATAAACTAGCAAGCGAGGGAGATGGAATCACT
